2 0.3390625 0.41180555555555554 0.015625 0.03194444444444444
2 0.2828125 0.4222222222222222 0.034375 0.05277777777777778
2 0.31484375 0.43472222222222223 0.0484375 0.06111111111111111
2 0.212890625 0.4486111111111111 0.14296875 0.17777777777777778
2 0.128125 0.43680555555555556 0.028125 0.04861111111111111
2 0.55390625 0.4638888888888889 0.11875 0.14166666666666666
2 0.091796875 0.5125 0.18359375 0.325
2 0.41015625 0.5 0.1765625 0.24444444444444444
8 0.44609375 0.35138888888888886 0.0078125 0.022222222222222223
8 0.298046875 0.3548611111111111 0.00546875 0.020833333333333332
8 0.25 0.35347222222222224 0.0078125 0.018055555555555554
8 0.2578125 0.35625 0.0078125 0.018055555555555554
9 0.30625 0.08194444444444444 0.021875 0.03333333333333333
9 0.6875 0.2847222222222222 0.0171875 0.058333333333333334
9 0.56796875 0.3284722222222222 0.0140625 0.0375
9 0.459765625 0.31805555555555554 0.01171875 0.030555555555555555
8 0.82890625 0.23055555555555557 0.03125 0.06111111111111111
