2 0.275390625 0.5840277777777778 0.02109375 0.029166666666666667
2 0.2484375 0.5791666666666667 0.015625 0.03333333333333333
2 0.237109375 0.58125 0.01171875 0.034722222222222224
2 0.2140625 0.5875 0.0109375 0.025
2 0.2015625 0.6048611111111111 0.021875 0.043055555555555555
2 0.1859375 0.6048611111111111 0.025 0.05694444444444444
2 0.16484375 0.6090277777777777 0.0453125 0.07083333333333333
2 0.125 0.6138888888888889 0.065625 0.075
2 0.29296875 0.5763888888888888 0.0140625 0.030555555555555555
2 0.403515625 0.5833333333333334 0.03046875 0.06666666666666667
2 0.349609375 0.6138888888888889 0.10390625 0.18611111111111112
2 0.56015625 0.6006944444444444 0.0296875 0.07361111111111111
2 0.66015625 0.6368055555555555 0.10625 0.12638888888888888
2 0.482421875 0.7 0.20078125 0.2722222222222222
2 0.0546875 0.6375 0.10625 0.10555555555555556
2 0.985546875 0.7236111111111111 0.02578125 0.19444444444444445
