9 0.69765625 0.05277777777777778 0.053125 0.06666666666666667
9 0.636328125 0.05277777777777778 0.05546875 0.06944444444444445
9 0.88671875 0.22847222222222222 0.05625 0.034722222222222224
8 0.92890625 0.31180555555555556 0.015625 0.04861111111111111
8 0.909375 0.3111111111111111 0.0265625 0.05277777777777778
9 0.508984375 0.2881944444444444 0.05703125 0.04027777777777778
8 0.5625 0.05486111111111111 0.0171875 0.0875
8 0.390234375 0.3090277777777778 0.00703125 0.020833333333333332
8 0.383984375 0.3090277777777778 0.00703125 0.020833333333333332
2 0.49140625 0.3972222222222222 0.01875 0.03333333333333333
2 0.451953125 0.39166666666666666 0.01171875 0.019444444444444445
2 0.442578125 0.39444444444444443 0.00859375 0.025
2 0.384765625 0.40347222222222223 0.01796875 0.04861111111111111
2 0.372265625 0.4083333333333333 0.02265625 0.04722222222222222
2 0.465625 0.40902777777777777 0.03125 0.04583333333333333
2 0.4171875 0.4048611111111111 0.0515625 0.0875
2 0.327734375 0.38472222222222224 0.07265625 0.1361111111111111
3 0.24140625 0.36736111111111114 0.1125 0.15416666666666667
2 0.169921875 0.4097222222222222 0.18046875 0.20277777777777778
4 0.659765625 0.38055555555555554 0.21328125 0.2777777777777778
