3 0.032421875 0.4173611111111111 0.06484375 0.07361111111111111
2 0.055078125 0.4444444444444444 0.04609375 0.030555555555555555
2 0.148046875 0.44930555555555557 0.06015625 0.02638888888888889
3 0.221484375 0.43680555555555556 0.12265625 0.07083333333333333
2 0.25703125 0.45902777777777776 0.0625 0.03194444444444444
2 0.321484375 0.4666666666666667 0.03828125 0.022222222222222223
2 0.3546875 0.4666666666666667 0.0234375 0.016666666666666666
8 0.5125 0.4076388888888889 0.0109375 0.03194444444444444
8 0.500390625 0.40625 0.00859375 0.029166666666666667
8 0.49296875 0.40555555555555556 0.0125 0.03611111111111111
8 0.379296875 0.39444444444444443 0.00703125 0.025
8 0.364453125 0.3854166666666667 0.00390625 0.029166666666666667
8 0.375390625 0.3909722222222222 0.01015625 0.03194444444444444
8 0.358984375 0.4152777777777778 0.01015625 0.030555555555555555
8 0.533203125 0.4597222222222222 0.01328125 0.019444444444444445
2 0.53515625 0.48333333333333334 0.028125 0.03611111111111111
8 0.07265625 0.35138888888888886 0.0109375 0.03333333333333333
9 0.0921875 0.3840277777777778 0.021875 0.05138888888888889
9 0.093359375 0.38819444444444445 0.01328125 0.02638888888888889
9 0.29140625 0.43125 0.0109375 0.029166666666666667
2 0.441015625 0.5805555555555556 0.21953125 0.36666666666666664
1 0.602734375 0.5840277777777778 0.07578125 0.20416666666666666
