8 0.383984375 0.32916666666666666 0.00703125 0.019444444444444445
8 0.5125 0.3277777777777778 0.0046875 0.019444444444444445
8 0.434375 0.3680555555555556 0.00625 0.013888888888888888
2 0.46875 0.3951388888888889 0.009375 0.015277777777777777
2 0.4921875 0.39305555555555555 0.009375 0.022222222222222223
2 0.48125 0.38680555555555557 0.009375 0.02638888888888889
2 0.48203125 0.40625 0.0109375 0.02361111111111111
2 0.461328125 0.40902777777777777 0.00859375 0.018055555555555554
2 0.455078125 0.39444444444444443 0.00859375 0.008333333333333333
2 0.4390625 0.39861111111111114 0.009375 0.011111111111111112
2 0.40859375 0.40694444444444444 0.0109375 0.019444444444444445
2 0.3953125 0.4125 0.015625 0.019444444444444445
2 0.38046875 0.41180555555555554 0.0109375 0.02361111111111111
2 0.37109375 0.41597222222222224 0.0125 0.018055555555555554
2 0.35078125 0.41805555555555557 0.0203125 0.022222222222222223
2 0.332421875 0.4222222222222222 0.02109375 0.030555555555555555
2 0.31484375 0.42569444444444443 0.0171875 0.029166666666666667
2 0.291796875 0.425 0.03515625 0.044444444444444446
2 0.2578125 0.4326388888888889 0.04375 0.043055555555555555
2 0.52265625 0.40347222222222223 0.0109375 0.018055555555555554
2 0.531640625 0.40208333333333335 0.00703125 0.015277777777777777
2 0.551953125 0.41805555555555557 0.04765625 0.06111111111111111
2 0.61328125 0.41041666666666665 0.05 0.04861111111111111
2 0.664453125 0.41458333333333336 0.04921875 0.04583333333333333
2 0.726953125 0.41180555555555554 0.10390625 0.06527777777777778
3 0.911328125 0.3111111111111111 0.17578125 0.6222222222222222
9 0.8171875 0.2048611111111111 0.034375 0.05416666666666667
