9 0.469140625 0.3347222222222222 0.05078125 0.058333333333333334
9 0.40625 0.3326388888888889 0.0328125 0.05694444444444444
9 0.3609375 0.33611111111111114 0.04375 0.05555555555555555
2 0.292578125 0.44027777777777777 0.01015625 0.016666666666666666
2 0.27421875 0.43819444444444444 0.0109375 0.015277777777777777
2 0.246484375 0.44166666666666665 0.01953125 0.019444444444444445
2 0.229296875 0.4375 0.01171875 0.016666666666666666
2 0.183984375 0.4479166666666667 0.02890625 0.02361111111111111
2 0.14453125 0.44583333333333336 0.0203125 0.022222222222222223
2 0.058984375 0.4513888888888889 0.06640625 0.05277777777777778
2 0.0359375 0.4375 0.071875 0.07222222222222222
2 0.36796875 0.44513888888888886 0.009375 0.0125
2 0.339453125 0.44583333333333336 0.01953125 0.027777777777777776
2 0.398046875 0.44305555555555554 0.00859375 0.013888888888888888
2 0.418359375 0.4513888888888889 0.03203125 0.041666666666666664
2 0.483203125 0.4152777777777778 0.01171875 0.013888888888888888
2 0.473828125 0.43194444444444446 0.01328125 0.013888888888888888
2 0.4640625 0.4444444444444444 0.0171875 0.025
2 0.4984375 0.40555555555555556 0.0078125 0.011111111111111112
9 0.37578125 0.4131944444444444 0.0140625 0.009722222222222222
9 0.44375 0.4173611111111111 0.0125 0.02638888888888889
9 0.299609375 0.37916666666666665 0.01171875 0.016666666666666666
9 0.29921875 0.4041666666666667 0.0078125 0.019444444444444445
9 0.6890625 0.3840277777777778 0.0265625 0.05138888888888889
