9 0.557421875 0.39652777777777776 0.01484375 0.02361111111111111
9 0.557421875 0.4236111111111111 0.01484375 0.025
9 0.471484375 0.42986111111111114 0.01953125 0.02638888888888889
9 0.42421875 0.4152777777777778 0.0109375 0.041666666666666664
9 0.403515625 0.41944444444444445 0.01171875 0.019444444444444445
9 0.403125 0.4388888888888889 0.0078125 0.013888888888888888
9 0.366015625 0.4027777777777778 0.02734375 0.030555555555555555
9 0.31875 0.39791666666666664 0.05 0.02638888888888889
9 0.367578125 0.43333333333333335 0.02265625 0.019444444444444445
9 0.343359375 0.4326388888888889 0.02421875 0.018055555555555554
2 0.377734375 0.46805555555555556 0.01953125 0.025
2 0.344140625 0.46111111111111114 0.01484375 0.016666666666666666
2 0.408203125 0.49027777777777776 0.02578125 0.03333333333333333
2 0.45625 0.4930555555555556 0.0328125 0.044444444444444446
2 0.522265625 0.4965277777777778 0.04453125 0.0625
2 0.263671875 0.46458333333333335 0.01796875 0.02361111111111111
2 0.285546875 0.48333333333333334 0.02265625 0.027777777777777776
2 0.2515625 0.48819444444444443 0.0265625 0.018055555555555554
2 0.177734375 0.6416666666666667 0.34296875 0.31666666666666665
