8 0.87734375 0.3013888888888889 0.0125 0.030555555555555555
8 0.698828125 0.31319444444444444 0.01171875 0.03194444444444444
9 0.863671875 0.12777777777777777 0.02734375 0.06388888888888888
9 0.92890625 0.27291666666666664 0.0140625 0.02638888888888889
9 0.9234375 0.3111111111111111 0.021875 0.041666666666666664
9 0.61796875 0.2722222222222222 0.0171875 0.03888888888888889
9 0.080859375 0.3333333333333333 0.01640625 0.041666666666666664
2 0.653515625 0.4284722222222222 0.10234375 0.07083333333333333
2 0.05625 0.41805555555555557 0.1125 0.1
2 0.144140625 0.44722222222222224 0.04765625 0.05555555555555555
2 0.728125 0.4201388888888889 0.0828125 0.08472222222222223
2 0.87109375 0.46875 0.2109375 0.23472222222222222
2 0.43125 0.4597222222222222 0.34375 0.3527777777777778
3 0.621484375 0.36875 0.06171875 0.07916666666666666
