2 0.321484375 0.4326388888888889 0.04140625 0.07083333333333333
2 0.2875 0.4875 0.078125 0.175
2 0.401171875 0.47152777777777777 0.07890625 0.10694444444444444
2 0.503515625 0.5548611111111111 0.24140625 0.2875
2 0.149609375 0.5583333333333333 0.29609375 0.5083333333333333
9 0.601171875 0.2013888888888889 0.04609375 0.06111111111111111
9 0.602734375 0.2638888888888889 0.05234375 0.075
9 0.88125 0.17291666666666666 0.0609375 0.04583333333333333
9 0.906640625 0.08680555555555555 0.04921875 0.02638888888888889
9 0.3671875 0.34375 0.0375 0.02638888888888889
8 0.859375 0.275 0.0234375 0.058333333333333334
8 0.909375 0.26666666666666666 0.0375 0.075
9 0.860546875 0.013194444444444444 0.05078125 0.02638888888888889
8 0.33984375 0.3770833333333333 0.003125 0.02361111111111111
8 0.349609375 0.37569444444444444 0.01328125 0.015277777777777777
8 0.3109375 0.37569444444444444 0.0109375 0.020833333333333332
2 0.41484375 0.40902777777777777 0.06875 0.04861111111111111
