2 0.440234375 0.5138888888888888 0.01953125 0.025
2 0.423828125 0.5138888888888888 0.01171875 0.030555555555555555
2 0.406640625 0.5173611111111112 0.02578125 0.04027777777777778
2 0.390234375 0.525 0.03046875 0.03888888888888889
2 0.347265625 0.5340277777777778 0.02421875 0.05416666666666667
2 0.320703125 0.5395833333333333 0.04609375 0.07361111111111111
2 0.286328125 0.5430555555555555 0.05390625 0.09444444444444444
2 0.221875 0.5576388888888889 0.109375 0.12083333333333333
2 0.0875 0.5923611111111111 0.175 0.1875
2 0.496875 0.5180555555555556 0.0328125 0.041666666666666664
