5 0.417578125 0.37569444444444444 0.21015625 0.2986111111111111
8 0.549609375 0.5534722222222223 0.00859375 0.015277777777777777
8 0.508984375 0.5604166666666667 0.00703125 0.0125
9 0.596875 0.5277777777777778 0.01875 0.008333333333333333
9 0.449609375 0.5375 0.00703125 0.016666666666666666
9 0.445703125 0.5486111111111112 0.00703125 0.016666666666666666
9 0.45 0.5652777777777778 0.00625 0.016666666666666666
2 0.56640625 0.5916666666666667 0.0171875 0.025
2 0.546875 0.5902777777777778 0.0171875 0.025
2 0.5265625 0.5930555555555556 0.015625 0.022222222222222223
2 0.478125 0.5916666666666667 0.01875 0.030555555555555555
2 0.452734375 0.5944444444444444 0.02265625 0.027777777777777776
2 0.433984375 0.5916666666666667 0.01640625 0.030555555555555555
2 0.40546875 0.59375 0.0453125 0.043055555555555555
2 0.3703125 0.6013888888888889 0.0203125 0.025
2 0.3265625 0.5930555555555556 0.071875 0.08611111111111111
2 0.14375 0.6229166666666667 0.171875 0.10138888888888889
2 0.04375 0.6298611111111111 0.0875 0.10138888888888889
2 0.27890625 0.6048611111111111 0.021875 0.034722222222222224
2 0.2546875 0.6034722222222222 0.0265625 0.029166666666666667
2 0.7828125 0.7208333333333333 0.2671875 0.2861111111111111
9 0.612890625 0.5465277777777777 0.00859375 0.020833333333333332
9 0.598828125 0.5458333333333333 0.01015625 0.016666666666666666
