9 0.377734375 0.46875 0.01796875 0.018055555555555554
9 0.409375 0.46041666666666664 0.0109375 0.009722222222222222
9 0.4046875 0.4708333333333333 0.0203125 0.016666666666666666
9 0.4078125 0.48333333333333334 0.015625 0.011111111111111112
9 0.503515625 0.4888888888888889 0.01015625 0.022222222222222223
9 0.615625 0.5256944444444445 0.00625 0.018055555555555554
9 0.540625 0.5319444444444444 0.0078125 0.013888888888888888
3 0.451953125 0.49375 0.03203125 0.05138888888888889
2 0.415234375 0.50625 0.01015625 0.009722222222222222
2 0.466015625 0.5152777777777777 0.02890625 0.030555555555555555
