8 0.209375 0.33611111111111114 0.0078125 0.030555555555555555
8 0.38203125 0.33125 0.0109375 0.034722222222222224
8 0.426953125 0.4236111111111111 0.01640625 0.027777777777777776
8 0.203515625 0.3375 0.01171875 0.03333333333333333
8 0.21640625 0.3423611111111111 0.009375 0.0375
8 0.373828125 0.33125 0.01171875 0.04027777777777778
8 0.389453125 0.3368055555555556 0.00703125 0.0375
9 0.50546875 0.36041666666666666 0.0203125 0.018055555555555554
9 0.439453125 0.3854166666666667 0.01953125 0.04027777777777778
2 0.235546875 0.4284722222222222 0.02109375 0.03194444444444444
2 0.219140625 0.42986111111111114 0.03046875 0.02638888888888889
2 0.308984375 0.44513888888888886 0.01953125 0.0375
2 0.392578125 0.4875 0.05546875 0.08888888888888889
2 0.4203125 0.49583333333333335 0.05 0.08611111111111111
2 0.462109375 0.5041666666666667 0.06484375 0.10277777777777777
2 0.536328125 0.5118055555555555 0.14453125 0.17083333333333334
2 0.68671875 0.5513888888888889 0.2578125 0.21388888888888888
2 0.213671875 0.45694444444444443 0.03828125 0.041666666666666664
2 0.331640625 0.45902777777777776 0.03828125 0.04583333333333333
2 0.891796875 0.6208333333333333 0.21484375 0.3472222222222222
2 0.17734375 0.4861111111111111 0.040625 0.1
3 0.08671875 0.3875 0.1734375 0.41388888888888886
