9 0.97109375 0.3458333333333333 0.021875 0.041666666666666664
9 0.969140625 0.39375 0.02421875 0.05416666666666667
1 0.553515625 0.5409722222222222 0.01953125 0.06527777777777778
1 0.62734375 0.54375 0.0234375 0.07083333333333333
2 0.929296875 0.5958333333333333 0.13984375 0.19444444444444445
2 0.834765625 0.5763888888888888 0.11328125 0.1361111111111111
2 0.76953125 0.5743055555555555 0.059375 0.09305555555555556
2 0.723828125 0.5625 0.05703125 0.06666666666666667
2 0.69296875 0.5590277777777778 0.0203125 0.04027777777777778
2 0.678125 0.5555555555555556 0.03125 0.044444444444444446
2 0.6609375 0.5548611111111111 0.0140625 0.0375
2 0.652734375 0.5493055555555556 0.01796875 0.04027777777777778
2 0.00546875 0.5826388888888889 0.0109375 0.10138888888888889
2 0.12265625 0.5576388888888889 0.1171875 0.07916666666666666
2 0.20859375 0.5458333333333333 0.0671875 0.075
2 0.266796875 0.5472222222222223 0.06015625 0.058333333333333334
2 0.3328125 0.5444444444444444 0.0359375 0.05277777777777778
2 0.362109375 0.5451388888888888 0.02578125 0.04583333333333333
2 0.380078125 0.5409722222222222 0.02265625 0.03194444444444444
2 0.420703125 0.5465277777777777 0.02734375 0.034722222222222224
2 0.458203125 0.5347222222222222 0.02421875 0.030555555555555555
2 0.5703125 0.5326388888888889 0.0125 0.020833333333333332
2 0.588671875 0.5354166666666667 0.01171875 0.015277777777777777
2 0.611328125 0.5375 0.01796875 0.022222222222222223
