2 0.743359375 0.3625 0.02578125 0.06111111111111111
2 0.688671875 0.3597222222222222 0.05859375 0.05555555555555555
2 0.596484375 0.35833333333333334 0.01328125 0.013888888888888888
2 0.526171875 0.36944444444444446 0.01171875 0.016666666666666666
2 0.542578125 0.36944444444444446 0.01796875 0.022222222222222223
2 0.50859375 0.37569444444444444 0.0234375 0.029166666666666667
9 0.212890625 0.28125 0.02734375 0.05138888888888889
9 0.221484375 0.4395833333333333 0.01484375 0.02638888888888889
9 0.722265625 0.22291666666666668 0.01953125 0.03194444444444444
9 0.519921875 0.31319444444444444 0.01953125 0.0125
9 0.520703125 0.3298611111111111 0.01796875 0.0125
9 0.521875 0.3229166666666667 0.0203125 0.0125
9 0.61640625 0.30694444444444446 0.009375 0.019444444444444445
9 0.17890625 0.22013888888888888 0.040625 0.020833333333333332
