2 0.06328125 0.4479166666666667 0.0640625 0.029166666666666667
2 0.20546875 0.4465277777777778 0.021875 0.03194444444444444
2 0.181640625 0.4444444444444444 0.01640625 0.027777777777777776
2 0.475 0.43194444444444446 0.0625 0.06388888888888888
2 0.423828125 0.4444444444444444 0.05078125 0.06388888888888888
2 0.55703125 0.4131944444444444 0.0609375 0.02638888888888889
2 0.624609375 0.4125 0.06328125 0.022222222222222223
2 0.526953125 0.4131944444444444 0.02578125 0.009722222222222222
2 0.255078125 0.43333333333333335 0.03515625 0.05
2 0.287890625 0.4354166666666667 0.02109375 0.03194444444444444
1 0.309765625 0.42986111111111114 0.00859375 0.029166666666666667
2 0.338671875 0.4326388888888889 0.02421875 0.02638888888888889
2 0.57578125 0.6104166666666667 0.3625 0.44027777777777777
9 0.223046875 0.3055555555555556 0.02265625 0.016666666666666666
9 0.452734375 0.33819444444444446 0.01328125 0.034722222222222224
9 0.54296875 0.3729166666666667 0.0125 0.015277777777777777
9 0.545703125 0.3229166666666667 0.01171875 0.034722222222222224
9 0.557421875 0.34930555555555554 0.00703125 0.018055555555555554
9 0.639453125 0.35694444444444445 0.01953125 0.013888888888888888
9 0.3984375 0.35625 0.0109375 0.02361111111111111
9 0.358984375 0.35625 0.00703125 0.015277777777777777
9 0.31953125 0.2951388888888889 0.0390625 0.02361111111111111
9 0.35625 0.29375 0.0359375 0.02361111111111111
8 0.280078125 0.3729166666666667 0.00546875 0.018055555555555554
8 0.3171875 0.37222222222222223 0.00625 0.019444444444444445
8 0.349609375 0.36944444444444446 0.00703125 0.013888888888888888
8 0.29296875 0.29097222222222224 0.00625 0.029166666666666667
8 0.285546875 0.2881944444444444 0.00546875 0.034722222222222224
8 0.4578125 0.3034722222222222 0.0078125 0.029166666666666667
8 0.428125 0.30625 0.00625 0.018055555555555554
8 0.391015625 0.3090277777777778 0.00703125 0.02361111111111111
8 0.559375 0.3138888888888889 0.0078125 0.03333333333333333
8 0.450390625 0.30486111111111114 0.00703125 0.029166666666666667
8 0.151171875 0.38958333333333334 0.00859375 0.018055555555555554
8 0.20625 0.3611111111111111 0.0171875 0.030555555555555555
9 0.117578125 0.3993055555555556 0.01640625 0.02638888888888889
9 0.116796875 0.3701388888888889 0.01484375 0.015277777777777777
4 0.81953125 0.36944444444444446 0.359375 0.7388888888888889
