2 0.3765625 0.3388888888888889 0.05625 0.075
2 0.320703125 0.35 0.05234375 0.058333333333333334
9 0.107421875 0.24305555555555555 0.01484375 0.03888888888888889
8 0.643359375 0.25972222222222224 0.01328125 0.025
8 0.648828125 0.20069444444444445 0.01328125 0.04027777777777778
8 0.514453125 0.07708333333333334 0.01484375 0.0625
8 0.5453125 0.2652777777777778 0.009375 0.019444444444444445
8 0.533984375 0.2763888888888889 0.00859375 0.022222222222222223
8 0.48203125 0.26666666666666666 0.0109375 0.011111111111111112
8 0.436328125 0.30972222222222223 0.00859375 0.011111111111111112
8 0.5359375 0.30972222222222223 0.0078125 0.013888888888888888
8 0.226171875 0.27152777777777776 0.01640625 0.029166666666666667
9 0.7375 0.23819444444444443 0.025 0.015277777777777777
9 0.741796875 0.26666666666666666 0.00703125 0.044444444444444446
9 0.604296875 0.18680555555555556 0.01796875 0.018055555555555554
