2 0.969140625 0.6284722222222222 0.00859375 0.020833333333333332
2 0.962890625 0.6326388888888889 0.01171875 0.02638888888888889
2 0.92578125 0.6347222222222222 0.0171875 0.030555555555555555
2 0.9015625 0.6430555555555556 0.0546875 0.04722222222222222
2 0.858203125 0.6465277777777778 0.04453125 0.04027777777777778
2 0.8203125 0.6416666666666667 0.0671875 0.04722222222222222
2 0.737890625 0.6479166666666667 0.04765625 0.0375
2 0.704296875 0.6277777777777778 0.05546875 0.027777777777777776
2 0.691015625 0.6361111111111111 0.06328125 0.05
2 0.671875 0.6243055555555556 0.03125 0.018055555555555554
2 0.54296875 0.65 0.0640625 0.05555555555555555
2 0.514453125 0.6458333333333334 0.06171875 0.04722222222222222
2 0.319140625 0.6402777777777777 0.09921875 0.06111111111111111
2 0.244140625 0.6388888888888888 0.04296875 0.03888888888888889
2 0.154296875 0.6354166666666666 0.12890625 0.0763888888888889
2 0.19921875 0.6131944444444445 0.0609375 0.06805555555555555
2 0.03515625 0.6395833333333333 0.0703125 0.08472222222222223
9 0.24609375 0.6048611111111111 0.009375 0.018055555555555554
9 0.2890625 0.5430555555555555 0.0265625 0.044444444444444446
9 0.52109375 0.5506944444444445 0.0171875 0.034722222222222224
9 0.940625 0.3486111111111111 0.0890625 0.1361111111111111
8 0.959375 0.5291666666666667 0.009375 0.027777777777777776
