8 0.3734375 0.2875 0.01875 0.06388888888888888
8 0.353125 0.2861111111111111 0.021875 0.08055555555555556
8 0.637890625 0.4076388888888889 0.01015625 0.05694444444444444
8 0.755078125 0.5777777777777777 0.01796875 0.025
8 0.289453125 0.5722222222222222 0.01796875 0.022222222222222223
9 0.38203125 0.5305555555555556 0.0125 0.025
3 0.386328125 0.6506944444444445 0.02421875 0.034722222222222224
2 0.41875 0.6618055555555555 0.05 0.0625
2 0.552734375 0.6520833333333333 0.00703125 0.015277777777777777
2 0.544140625 0.65625 0.01171875 0.0125
2 0.533984375 0.6555555555555556 0.01015625 0.019444444444444445
2 0.5265625 0.6583333333333333 0.0125 0.016666666666666666
2 0.516015625 0.6597222222222222 0.01484375 0.019444444444444445
2 0.50390625 0.6597222222222222 0.0078125 0.030555555555555555
2 0.601953125 0.6673611111111111 0.01171875 0.02638888888888889
8 0.580078125 0.5965277777777778 0.00703125 0.018055555555555554
8 0.5421875 0.6194444444444445 0.00625 0.016666666666666666
8 0.52578125 0.5895833333333333 0.009375 0.015277777777777777
8 0.578125 0.61875 0.0078125 0.0125
9 0.661328125 0.6034722222222222 0.01796875 0.0375
9 0.73828125 0.5486111111111112 0.0296875 0.016666666666666666
9 0.74765625 0.5194444444444445 0.01875 0.013888888888888888
9 0.709375 0.5736111111111111 0.0125 0.016666666666666666
1 0.58828125 0.65 0.021875 0.05555555555555555
2 0.630078125 0.6548611111111111 0.05078125 0.0875
2 0.471875 0.6597222222222222 0.0609375 0.09722222222222222
8 0.65390625 0.4083333333333333 0.015625 0.05
3 0.338671875 0.6388888888888888 0.06953125 0.11388888888888889
