9 0.544921875 0.6458333333333334 0.03359375 0.03611111111111111
9 0.513671875 0.6430555555555556 0.01953125 0.030555555555555555
9 0.51875 0.6798611111111111 0.01875 0.015277777777777777
2 0.53515625 0.6951388888888889 0.015625 0.015277777777777777
2 0.552734375 0.7 0.01796875 0.013888888888888888
2 0.514453125 0.7055555555555556 0.01796875 0.013888888888888888
2 0.25078125 0.6923611111111111 0.0515625 0.04027777777777778
2 0.328515625 0.6993055555555555 0.03515625 0.029166666666666667
2 0.3765625 0.6895833333333333 0.015625 0.015277777777777777
2 0.437890625 0.6965277777777777 0.01640625 0.020833333333333332
2 0.455078125 0.6951388888888889 0.01171875 0.02638888888888889
2 0.46328125 0.6951388888888889 0.0140625 0.018055555555555554
2 0.480859375 0.6930555555555555 0.01328125 0.022222222222222223
