9 0.360546875 0.5340277777777778 0.01796875 0.020833333333333332
9 0.30859375 0.5590277777777778 0.0140625 0.018055555555555554
9 0.25703125 0.5381944444444444 0.0234375 0.02361111111111111
8 0.4 0.5368055555555555 0.0046875 0.015277777777777777
2 0.35625 0.5833333333333334 0.0109375 0.019444444444444445
2 0.35625 0.5972222222222222 0.009375 0.013888888888888888
2 0.34453125 0.5972222222222222 0.01875 0.041666666666666664
2 0.3734375 0.5909722222222222 0.0140625 0.018055555555555554
2 0.3796875 0.6013888888888889 0.0171875 0.03333333333333333
2 0.388671875 0.6118055555555556 0.02890625 0.04027777777777778
2 0.325390625 0.6076388888888888 0.03984375 0.04861111111111111
2 0.4296875 0.6298611111111111 0.065625 0.08472222222222223
2 0.155859375 0.6256944444444444 0.22265625 0.2625
3 0.621875 0.5388888888888889 0.3109375 0.4083333333333333
