2 0.5046875 0.39305555555555555 0.0109375 0.025
2 0.470703125 0.39305555555555555 0.01484375 0.025
2 0.343359375 0.41458333333333336 0.01640625 0.015277777777777777
2 0.309765625 0.4215277777777778 0.02109375 0.018055555555555554
2 0.251953125 0.42986111111111114 0.02734375 0.020833333333333332
2 0.487890625 0.39861111111111114 0.02421875 0.03333333333333333
2 0.454296875 0.39791666666666664 0.02421875 0.03194444444444444
2 0.40390625 0.41944444444444445 0.0421875 0.05277777777777778
2 0.551953125 0.4597222222222222 0.12890625 0.20277777777777778
2 0.116015625 0.5152777777777777 0.23203125 0.2833333333333333
