2 0.404296875 0.6722222222222223 0.01328125 0.022222222222222223
2 0.437109375 0.6770833333333334 0.01015625 0.015277777777777777
2 0.421875 0.6791666666666667 0.0171875 0.025
2 0.458984375 0.6791666666666667 0.01953125 0.025
2 0.5 0.6777777777777778 0.0203125 0.027777777777777776
2 0.487890625 0.6743055555555556 0.01171875 0.02638888888888889
2 0.522265625 0.6666666666666666 0.03046875 0.044444444444444446
2 0.696875 0.6895833333333333 0.08125 0.09861111111111111
2 0.184765625 0.6875 0.04453125 0.030555555555555555
9 0.392578125 0.6486111111111111 0.01015625 0.016666666666666666
9 0.68203125 0.5347222222222222 0.0140625 0.030555555555555555
9 0.7375 0.6104166666666667 0.0328125 0.04583333333333333
9 0.821875 0.49930555555555556 0.025 0.034722222222222224
9 0.866796875 0.5763888888888888 0.03359375 0.022222222222222223
8 0.433203125 0.6423611111111112 0.01015625 0.020833333333333332
8 0.42265625 0.6458333333333334 0.0078125 0.019444444444444445
8 0.473046875 0.64375 0.01015625 0.02361111111111111
1 0.565234375 0.6611111111111111 0.01328125 0.05
2 0.336328125 0.6798611111111111 0.01953125 0.02638888888888889
2 0.372265625 0.6743055555555556 0.01640625 0.020833333333333332
