8 0.443359375 0.4263888888888889 0.00859375 0.013888888888888888
8 0.431640625 0.42986111111111114 0.00703125 0.018055555555555554
9 0.4984375 0.4444444444444444 0.0125 0.025
2 0.090625 0.5243055555555556 0.103125 0.13194444444444445
2 0.257421875 0.4875 0.04609375 0.06666666666666667
4 0.451953125 0.4534722222222222 0.04609375 0.05416666666666667
4 0.307421875 0.46875 0.06328125 0.13472222222222222
2 0.53828125 0.5166666666666667 0.0828125 0.10555555555555556
2 0.028125 0.5680555555555555 0.05625 0.4
2 0.95546875 0.7659722222222223 0.0859375 0.28194444444444444
2 0.375 0.5159722222222223 0.1296875 0.2125
2 0.7 0.5243055555555556 0.26875 0.3013888888888889
