8 0.402734375 0.4395833333333333 0.00859375 0.029166666666666667
8 0.2828125 0.45069444444444445 0.00625 0.02361111111111111
8 0.291015625 0.4527777777777778 0.01015625 0.022222222222222223
8 0.394140625 0.44305555555555554 0.00703125 0.03611111111111111
8 0.4125 0.4423611111111111 0.0046875 0.0375
2 0.371875 0.5465277777777777 0.0140625 0.043055555555555555
2 0.2921875 0.5298611111111111 0.0125 0.0375
2 0.3296875 0.5458333333333333 0.0671875 0.11666666666666667
2 0.4171875 0.5763888888888888 0.0796875 0.11666666666666667
9 0.43203125 0.5041666666666667 0.015625 0.027777777777777776
9 0.418359375 0.5083333333333333 0.01171875 0.022222222222222223
