9 0.43125 0.2986111111111111 0.0203125 0.027777777777777776
9 0.405859375 0.38125 0.01640625 0.02638888888888889
9 0.28359375 0.28055555555555556 0.01875 0.03611111111111111
9 0.457421875 0.37916666666666665 0.00859375 0.016666666666666666
2 0.339453125 0.39652777777777776 0.01015625 0.02361111111111111
2 0.32734375 0.39375 0.0203125 0.029166666666666667
3 0.32265625 0.37569444444444444 0.0265625 0.03194444444444444
2 0.3078125 0.39305555555555555 0.0171875 0.03333333333333333
2 0.29375 0.39375 0.021875 0.034722222222222224
2 0.275 0.3923611111111111 0.0265625 0.0375
2 0.21328125 0.3923611111111111 0.0296875 0.05138888888888889
2 0.01953125 0.40347222222222223 0.0390625 0.08194444444444444
4 0.78984375 0.36041666666666666 0.24375 0.11527777777777778
2 0.6109375 0.3951388888888889 0.109375 0.0625
2 0.481640625 0.39305555555555555 0.02109375 0.025
2 0.502734375 0.4 0.01484375 0.016666666666666666
2 0.51328125 0.3972222222222222 0.0125 0.019444444444444445
2 0.5234375 0.39791666666666664 0.0140625 0.020833333333333332
4 0.535546875 0.3972222222222222 0.01328125 0.019444444444444445
2 0.546875 0.39652777777777776 0.021875 0.02361111111111111
2 0.41640625 0.3958333333333333 0.01875 0.027777777777777776
