2 0.327734375 0.43472222222222223 0.02109375 0.03333333333333333
2 0.30546875 0.44375 0.015625 0.04027777777777778
2 0.296484375 0.44583333333333336 0.01796875 0.04722222222222222
2 0.273046875 0.44722222222222224 0.03984375 0.06666666666666667
2 0.265625 0.45694444444444443 0.028125 0.06944444444444445
2 0.23125 0.45555555555555555 0.0546875 0.09444444444444444
2 0.182421875 0.48055555555555557 0.09609375 0.1111111111111111
2 0.411328125 0.42569444444444443 0.01484375 0.02638888888888889
2 0.42890625 0.4354166666666667 0.025 0.04027777777777778
2 0.46796875 0.44375 0.06875 0.10138888888888889
2 0.521484375 0.4708333333333333 0.11171875 0.12777777777777777
2 0.665234375 0.5375 0.26328125 0.28888888888888886
2 0.888671875 0.5701388888888889 0.22265625 0.5875
2 0.358984375 0.42430555555555555 0.02578125 0.03194444444444444
2 0.39140625 0.43194444444444446 0.028125 0.044444444444444446
9 0.124609375 0.3729166666666667 0.02109375 0.02638888888888889
9 0.527734375 0.33541666666666664 0.01640625 0.02638888888888889
