2 0.483203125 0.42291666666666666 0.01015625 0.018055555555555554
2 0.47109375 0.4305555555555556 0.0171875 0.022222222222222223
2 0.46015625 0.43680555555555556 0.01875 0.034722222222222224
2 0.4453125 0.4395833333333333 0.021875 0.05138888888888889
2 0.234375 0.46944444444444444 0.10625 0.13055555555555556
2 0.509765625 0.425 0.01171875 0.027777777777777776
2 0.519140625 0.42986111111111114 0.01015625 0.03194444444444444
2 0.53046875 0.43333333333333335 0.025 0.044444444444444446
2 0.544140625 0.4354166666666667 0.02578125 0.07083333333333333
2 0.560546875 0.43680555555555556 0.02890625 0.07916666666666666
2 0.573828125 0.4479166666666667 0.03046875 0.10972222222222222
2 0.5984375 0.4444444444444444 0.0578125 0.1388888888888889
2 0.662109375 0.4534722222222222 0.15234375 0.19305555555555556
2 0.76796875 0.5006944444444444 0.23125 0.2763888888888889
2 0.886328125 0.5715277777777777 0.21796875 0.5041666666666667
2 0.1375 0.5770833333333333 0.2734375 0.29305555555555557
2 0.358984375 0.5006944444444444 0.18203125 0.29583333333333334
2 0.49453125 0.42777777777777776 0.015625 0.027777777777777776
8 0.687109375 0.3194444444444444 0.02109375 0.022222222222222223
8 0.508984375 0.3638888888888889 0.01171875 0.019444444444444445
