8 0.43828125 0.20347222222222222 0.01875 0.06805555555555555
8 0.38828125 0.4013888888888889 0.0078125 0.019444444444444445
8 0.3109375 0.39305555555555555 0.0109375 0.016666666666666666
8 0.37890625 0.425 0.00625 0.016666666666666666
8 0.3359375 0.42291666666666666 0.0078125 0.0125
8 0.422265625 0.20347222222222222 0.01171875 0.05416666666666667
8 0.058203125 0.06180555555555556 0.01171875 0.08472222222222223
8 0.0109375 0.04652777777777778 0.0125 0.09027777777777778
8 0.032421875 0.049305555555555554 0.02421875 0.09583333333333334
8 0.800390625 0.3 0.02890625 0.05
8 0.8484375 0.2902777777777778 0.0359375 0.06388888888888888
9 0.290234375 0.39166666666666666 0.01953125 0.011111111111111112
9 0.5578125 0.35555555555555557 0.028125 0.019444444444444445
9 0.560546875 0.23819444444444443 0.01953125 0.029166666666666667
9 0.56875 0.3138888888888889 0.015625 0.027777777777777776
2 0.342578125 0.46041666666666664 0.02109375 0.029166666666666667
2 0.323046875 0.46111111111111114 0.01171875 0.022222222222222223
2 0.3078125 0.4673611111111111 0.0171875 0.0375
2 0.29140625 0.46597222222222223 0.0109375 0.02638888888888889
2 0.275 0.46597222222222223 0.0140625 0.02638888888888889
2 0.18671875 0.48194444444444445 0.0328125 0.05555555555555555
2 0.399609375 0.45625 0.01953125 0.02638888888888889
2 0.410546875 0.46111111111111114 0.01484375 0.03611111111111111
2 0.229296875 0.4701388888888889 0.03984375 0.04861111111111111
2 0.136328125 0.4986111111111111 0.09609375 0.08611111111111111
2 0.43828125 0.46805555555555556 0.0359375 0.06111111111111111
2 0.25625 0.47291666666666665 0.015625 0.0375
9 0.405078125 0.42777777777777776 0.00859375 0.013888888888888888
2 0.80390625 0.5770833333333333 0.3359375 0.27361111111111114
4 0.928515625 0.4618055555555556 0.13984375 0.09861111111111111
9 0.79375 0.4013888888888889 0.0296875 0.016666666666666666
2 0.366015625 0.4576388888888889 0.01171875 0.015277777777777777
