2 0.02578125 0.6256944444444444 0.0515625 0.14027777777777778
2 0.053515625 0.5631944444444444 0.10703125 0.12083333333333333
2 0.11328125 0.5333333333333333 0.096875 0.08888888888888889
2 0.026953125 0.49930555555555556 0.05078125 0.020833333333333332
2 0.365625 0.5458333333333333 0.1125 0.14166666666666666
2 0.28515625 0.5444444444444444 0.06875 0.09444444444444444
2 0.230859375 0.5048611111111111 0.02734375 0.018055555555555554
2 0.175390625 0.5076388888888889 0.02734375 0.018055555555555554
2 0.197265625 0.5055555555555555 0.01640625 0.013888888888888888
2 0.424609375 0.5340277777777778 0.02890625 0.07083333333333333
2 0.449609375 0.5243055555555556 0.02734375 0.034722222222222224
2 0.473046875 0.5173611111111112 0.01640625 0.015277777777777777
9 0.07265625 0.325 0.1453125 0.12222222222222222
9 0.13515625 0.48194444444444445 0.015625 0.019444444444444445
