2 0.1046875 0.6083333333333333 0.209375 0.425
2 0.456640625 0.5923611111111111 0.09296875 0.16527777777777777
2 0.3546875 0.5854166666666667 0.0421875 0.05416666666666667
2 0.39296875 0.5958333333333333 0.009375 0.019444444444444445
2 0.41015625 0.5902777777777778 0.0140625 0.025
9 0.249609375 0.5402777777777777 0.01484375 0.016666666666666666
9 0.612890625 0.48055555555555557 0.01796875 0.03888888888888889
9 0.521484375 0.5145833333333333 0.01484375 0.029166666666666667
9 0.549609375 0.5659722222222222 0.01640625 0.02361111111111111
8 0.29140625 0.4722222222222222 0.0109375 0.041666666666666664
8 0.4265625 0.4652777777777778 0.0078125 0.03611111111111111
8 0.770703125 0.3951388888888889 0.02734375 0.06527777777777778
9 0.3828125 0.5298611111111111 0.0078125 0.02361111111111111
8 0.5296875 0.5361111111111111 0.0125 0.016666666666666666
