9 0.007421875 0.3729166666666667 0.01484375 0.06527777777777778
9 0.22734375 0.4444444444444444 0.01875 0.03888888888888889
9 0.82265625 0.42083333333333334 0.021875 0.044444444444444446
2 0.579296875 0.54375 0.00859375 0.020833333333333332
2 0.569921875 0.5451388888888888 0.01640625 0.034722222222222224
2 0.563671875 0.5493055555555556 0.01640625 0.043055555555555555
2 0.547265625 0.5472222222222223 0.02734375 0.05555555555555555
2 0.540234375 0.5555555555555556 0.02421875 0.05555555555555555
2 0.5203125 0.5541666666666667 0.0328125 0.08888888888888889
2 0.624609375 0.5354166666666667 0.02265625 0.034722222222222224
2 0.63671875 0.5444444444444444 0.015625 0.03333333333333333
2 0.64609375 0.5479166666666667 0.025 0.043055555555555555
2 0.663671875 0.5513888888888889 0.02734375 0.04722222222222222
2 0.68203125 0.5541666666666667 0.03125 0.06111111111111111
2 0.688671875 0.5534722222222223 0.03203125 0.07361111111111111
2 0.70234375 0.5555555555555556 0.025 0.09166666666666666
2 0.484765625 0.56875 0.08203125 0.10972222222222222
2 0.755078125 0.5513888888888889 0.11171875 0.14722222222222223
