8 0.33984375 0.20277777777777778 0.015625 0.06944444444444445
8 0.5625 0.2763888888888889 0.0109375 0.05
8 0.275 0.46805555555555556 0.0125 0.022222222222222223
8 0.696875 0.4673611111111111 0.0140625 0.02361111111111111
8 0.454296875 0.5138888888888888 0.00703125 0.011111111111111112
8 0.5765625 0.5131944444444444 0.00625 0.009722222222222222
8 0.32421875 0.20625 0.0171875 0.06527777777777778
8 0.5515625 0.2743055555555556 0.0125 0.05138888888888889
9 0.615625 0.48541666666666666 0.0125 0.02638888888888889
9 0.619140625 0.45902777777777776 0.01015625 0.0125
9 0.681640625 0.41805555555555557 0.02421875 0.016666666666666666
9 0.693359375 0.40347222222222223 0.01796875 0.0125
2 0.478125 0.5354166666666667 0.0125 0.018055555555555554
2 0.434375 0.5444444444444444 0.028125 0.04722222222222222
2 0.57265625 0.5416666666666666 0.015625 0.03888888888888889
2 0.585546875 0.5493055555555556 0.01953125 0.043055555555555555
2 0.59140625 0.55625 0.015625 0.05138888888888889
2 0.38203125 0.5569444444444445 0.0515625 0.06388888888888888
2 0.61796875 0.5555555555555556 0.0546875 0.07777777777777778
2 0.059375 0.6020833333333333 0.11875 0.2375
2 0.17734375 0.65625 0.3046875 0.27361111111111114
2 0.4609375 0.55 0.0375 0.058333333333333334
2 0.525 0.5652777777777778 0.0984375 0.15555555555555556
2 0.8625 0.6131944444444445 0.2703125 0.30416666666666664
8 0.915234375 0.375 0.04140625 0.05555555555555555
2 0.9484375 0.69375 0.1 0.35138888888888886
