2 0.453515625 0.4284722222222222 0.07265625 0.10416666666666667
2 0.281640625 0.40555555555555556 0.01484375 0.016666666666666666
2 0.2640625 0.40347222222222223 0.03125 0.02361111111111111
2 0.2640625 0.40902777777777777 0.034375 0.02361111111111111
2 0.226953125 0.4125 0.05390625 0.041666666666666664
2 0.116015625 0.35694444444444445 0.02734375 0.022222222222222223
2 0.10390625 0.35694444444444445 0.0234375 0.022222222222222223
2 0.07890625 0.34444444444444444 0.0328125 0.027777777777777776
2 0.04375 0.33125 0.0203125 0.015277777777777777
2 0.01953125 0.31527777777777777 0.03125 0.022222222222222223
2 0.009375 0.31319444444444444 0.01875 0.02361111111111111
9 0.20703125 0.1326388888888889 0.05625 0.2625
9 0.39765625 0.33402777777777776 0.0125 0.06527777777777778
