2 0.516015625 0.4875 0.04609375 0.06944444444444445
3 0.49609375 0.44166666666666665 0.015625 0.03333333333333333
3 0.406640625 0.4131944444444444 0.17265625 0.3597222222222222
3 0.23984375 0.2986111111111111 0.153125 0.2111111111111111
2 0.119140625 0.48541666666666666 0.15546875 0.41805555555555557
2 0.30546875 0.5402777777777777 0.309375 0.5583333333333333
8 0.608984375 0.41458333333333336 0.01328125 0.020833333333333332
8 0.510546875 0.37083333333333335 0.00546875 0.027777777777777776
8 0.548828125 0.4076388888888889 0.00546875 0.020833333333333332
8 0.5703125 0.3458333333333333 0.0046875 0.025
8 0.55859375 0.42916666666666664 0.00625 0.013888888888888888
8 0.51796875 0.3659722222222222 0.0046875 0.02361111111111111
