2 0.573046875 0.5659722222222222 0.01328125 0.015277777777777777
2 0.560546875 0.5673611111111111 0.01015625 0.0125
2 0.537109375 0.5652777777777778 0.01796875 0.016666666666666666
2 0.478515625 0.5680555555555555 0.02109375 0.019444444444444445
2 0.5015625 0.5791666666666667 0.0359375 0.05277777777777778
2 0.416015625 0.5743055555555555 0.03515625 0.04027777777777778
2 0.25 0.5729166666666666 0.0234375 0.02361111111111111
3 0.30703125 0.5513888888888889 0.0375 0.03611111111111111
2 0.28671875 0.58125 0.0625 0.06805555555555555
2 0.35625 0.5951388888888889 0.0734375 0.09027777777777778
2 0.591015625 0.5666666666666667 0.01484375 0.019444444444444445
