8 0.566015625 0.3402777777777778 0.01640625 0.06388888888888888
8 0.64140625 0.39791666666666664 0.0140625 0.043055555555555555
8 0.7984375 0.49027777777777776 0.0140625 0.022222222222222223
8 0.28671875 0.4041666666666667 0.0234375 0.05277777777777778
8 0.326171875 0.38263888888888886 0.01328125 0.05694444444444444
8 0.5875 0.34930555555555554 0.0125 0.0625
9 0.32421875 0.5152777777777777 0.0171875 0.04722222222222222
9 0.42734375 0.5527777777777778 0.0171875 0.022222222222222223
9 0.478515625 0.5125 0.01015625 0.016666666666666666
9 0.533203125 0.5111111111111111 0.00859375 0.019444444444444445
9 0.714453125 0.40347222222222223 0.06015625 0.020833333333333332
2 0.055859375 0.6680555555555555 0.07421875 0.06388888888888888
2 0.660546875 0.5826388888888889 0.07109375 0.04583333333333333
2 0.298828125 0.5930555555555556 0.01953125 0.03333333333333333
2 0.615234375 0.6152777777777778 0.14609375 0.08333333333333333
2 0.504296875 0.56875 0.01015625 0.009722222222222222
2 0.934375 0.5729166666666666 0.1265625 0.10972222222222222
2 0.35625 0.5805555555555556 0.0234375 0.03888888888888889
