2 0.334765625 0.32569444444444445 0.08984375 0.12916666666666668
2 0.23046875 0.3236111111111111 0.1390625 0.15833333333333333
2 0.446875 0.25 0.040625 0.025
8 0.52109375 0.15347222222222223 0.009375 0.03194444444444444
8 0.421484375 0.1451388888888889 0.00703125 0.02361111111111111
8 0.44609375 0.1798611111111111 0.00625 0.02638888888888889
8 0.35546875 0.14583333333333334 0.0078125 0.03333333333333333
2 0.519140625 0.2423611111111111 0.05859375 0.02361111111111111
2 0.56953125 0.3159722222222222 0.04375 0.12638888888888888
8 0.53984375 0.21458333333333332 0.0140625 0.02361111111111111
9 0.30703125 0.25625 0.0171875 0.029166666666666667
2 0.1671875 0.30277777777777776 0.05 0.07222222222222222
2 0.098828125 0.33819444444444446 0.12265625 0.12638888888888888
2 0.0203125 0.32916666666666666 0.040625 0.11944444444444445
2 0.073828125 0.5243055555555556 0.14765625 0.3597222222222222
2 0.46484375 0.4583333333333333 0.2890625 0.41944444444444445
