8 0.343359375 0.2881944444444444 0.02109375 0.02361111111111111
8 0.594140625 0.29930555555555555 0.01953125 0.02361111111111111
8 0.83203125 0.3111111111111111 0.0203125 0.013888888888888888
8 0.949609375 0.3173611111111111 0.02109375 0.015277777777777777
8 0.71328125 0.3034722222222222 0.0203125 0.018055555555555554
8 0.46953125 0.2923611111111111 0.0203125 0.018055555555555554
8 0.2140625 0.27847222222222223 0.021875 0.020833333333333332
8 0.05 0.2701388888888889 0.021875 0.018055555555555554
9 0.584765625 0.46944444444444444 0.01796875 0.027777777777777776
9 0.449609375 0.4361111111111111 0.01796875 0.022222222222222223
9 0.3875 0.4326388888888889 0.0109375 0.015277777777777777
9 0.387109375 0.46111111111111114 0.01015625 0.013888888888888888
9 0.375390625 0.45902777777777776 0.01015625 0.0125
9 0.265625 0.4326388888888889 0.025 0.043055555555555555
9 0.104296875 0.4326388888888889 0.02578125 0.043055555555555555
3 0.252734375 0.48055555555555557 0.02890625 0.05
2 0.3703125 0.5034722222222222 0.0328125 0.05694444444444444
2 0.4609375 0.5152777777777777 0.059375 0.08888888888888889
2 0.487109375 0.4909722222222222 0.01484375 0.02638888888888889
2 0.5609375 0.5118055555555555 0.0375 0.0625
2 0.873046875 0.5569444444444445 0.15234375 0.13333333333333333
2 0.969921875 0.5513888888888889 0.05703125 0.11944444444444445
8 0.292578125 0.44722222222222224 0.01171875 0.013888888888888888
8 0.3203125 0.4486111111111111 0.009375 0.022222222222222223
9 0.053125 0.3138888888888889 0.0859375 0.03333333333333333
9 0.212109375 0.3229166666666667 0.08203125 0.043055555555555555
9 0.341796875 0.32916666666666666 0.07890625 0.030555555555555555
9 0.4640625 0.33819444444444446 0.078125 0.043055555555555555
9 0.591015625 0.3486111111111111 0.06953125 0.030555555555555555
9 0.708984375 0.35 0.07109375 0.03333333333333333
9 0.8265625 0.3541666666666667 0.065625 0.03611111111111111
9 0.939453125 0.3576388888888889 0.07578125 0.029166666666666667
9 0.471484375 0.22430555555555556 0.26796875 0.06805555555555555
9 0.4765625 0.17708333333333334 0.140625 0.029166666666666667
