2 0.276171875 0.4201388888888889 0.04765625 0.05416666666666667
2 0.371875 0.4152777777777778 0.025 0.030555555555555555
2 0.40625 0.4166666666666667 0.0203125 0.03333333333333333
2 0.419921875 0.42083333333333334 0.01328125 0.03333333333333333
2 0.5296875 0.4305555555555556 0.03125 0.04722222222222222
2 0.4640625 0.4583333333333333 0.109375 0.17777777777777778
2 0.593359375 0.4513888888888889 0.08046875 0.10277777777777777
2 0.92265625 0.6152777777777778 0.153125 0.4222222222222222
8 0.00234375 0.20416666666666666 0.0046875 0.10555555555555556
8 0.0234375 0.20833333333333334 0.015625 0.06111111111111111
8 0.397265625 0.09236111111111112 0.01953125 0.08194444444444444
8 0.537890625 0.11597222222222223 0.01953125 0.08472222222222223
9 0.426953125 0.10902777777777778 0.02890625 0.05138888888888889
9 0.63828125 0.19930555555555557 0.0625 0.034722222222222224
8 0.78203125 0.29791666666666666 0.0125 0.06805555555555555
9 0.758203125 0.34305555555555556 0.01171875 0.030555555555555555
