8 0.47265625 0.43819444444444444 0.009375 0.029166666666666667
8 0.501953125 0.44375 0.01015625 0.02638888888888889
8 0.42265625 0.44513888888888886 0.0078125 0.018055555555555554
9 0.525 0.44305555555555554 0.009375 0.019444444444444445
2 0.276171875 0.5020833333333333 0.02265625 0.04027777777777778
2 0.035546875 0.5326388888888889 0.05546875 0.04861111111111111
2 0.4828125 0.47708333333333336 0.0140625 0.020833333333333332
2 0.474609375 0.4840277777777778 0.01328125 0.02638888888888889
2 0.515234375 0.47291666666666665 0.01015625 0.018055555555555554
2 0.540625 0.47430555555555554 0.0296875 0.02638888888888889
2 0.508203125 0.4791666666666667 0.01484375 0.030555555555555555
2 0.453515625 0.5034722222222222 0.04765625 0.07083333333333333
2 0.785546875 0.4791666666666667 0.12421875 0.06388888888888888
