9 0.401171875 0.21597222222222223 0.03203125 0.05694444444444444
9 0.67890625 0.5013888888888889 0.0109375 0.013888888888888888
9 0.68046875 0.525 0.00625 0.019444444444444445
9 0.6828125 0.5180555555555556 0.009375 0.025
9 0.55703125 0.4708333333333333 0.0109375 0.022222222222222223
9 0.566796875 0.4722222222222222 0.01171875 0.016666666666666666
8 0.367578125 0.22083333333333333 0.02265625 0.08611111111111111
8 0.53046875 0.22430555555555556 0.021875 0.08472222222222223
2 0.32109375 0.5326388888888889 0.01875 0.006944444444444444
2 0.326953125 0.5465277777777777 0.03515625 0.02361111111111111
2 0.303125 0.5486111111111112 0.0203125 0.025
2 0.285546875 0.5506944444444445 0.01796875 0.029166666666666667
2 0.271875 0.5604166666666667 0.021875 0.034722222222222224
2 0.123046875 0.59375 0.15078125 0.14305555555555555
2 0.49609375 0.4895833333333333 0.00625 0.006944444444444444
2 0.48984375 0.4840277777777778 0.00625 0.006944444444444444
2 0.49296875 0.4895833333333333 0.009375 0.009722222222222222
2 0.50703125 0.4895833333333333 0.0078125 0.006944444444444444
2 0.512890625 0.49236111111111114 0.00546875 0.0125
2 0.517578125 0.4986111111111111 0.00859375 0.013888888888888888
2 0.523046875 0.5027777777777778 0.01171875 0.016666666666666666
2 0.526953125 0.5083333333333333 0.01796875 0.022222222222222223
2 0.54609375 0.5243055555555556 0.04375 0.04583333333333333
2 0.547265625 0.5472222222222223 0.01640625 0.027777777777777776
2 0.553125 0.5527777777777778 0.0125 0.03611111111111111
2 0.719921875 0.5791666666666667 0.06171875 0.08611111111111111
2 0.0296875 0.5972222222222222 0.059375 0.1361111111111111
2 0.2421875 0.5569444444444445 0.0390625 0.04722222222222222
2 0.565234375 0.5569444444444445 0.02578125 0.03611111111111111
2 0.66171875 0.5729166666666666 0.0421875 0.05416666666666667
2 0.793359375 0.5895833333333333 0.12109375 0.10694444444444444
