8 0.508203125 0.4534722222222222 0.01328125 0.020833333333333332
8 0.56875 0.45555555555555555 0.0140625 0.016666666666666666
8 0.59765625 0.4666666666666667 0.009375 0.019444444444444445
8 0.622265625 0.46597222222222223 0.00859375 0.018055555555555554
9 0.4921875 0.49444444444444446 0.01875 0.027777777777777776
2 0.528125 0.5256944444444445 0.0171875 0.020833333333333332
2 0.7171875 0.5340277777777778 0.0265625 0.029166666666666667
8 0.659765625 0.47708333333333336 0.01484375 0.02361111111111111
2 0.231640625 0.5375 0.08671875 0.075
2 0.13984375 0.5326388888888889 0.1015625 0.0875
2 0.078125 0.5486111111111112 0.0296875 0.04722222222222222
2 0.04765625 0.5347222222222222 0.0625 0.06944444444444445
8 0.490234375 0.23472222222222222 0.02265625 0.03611111111111111
8 0.62890625 0.2833333333333333 0.01875 0.030555555555555555
8 0.30234375 0.36666666666666664 0.0109375 0.025
9 0.3046875 0.30416666666666664 0.0234375 0.019444444444444445
9 0.92734375 0.45625 0.0265625 0.04027777777777778
9 0.922265625 0.4895833333333333 0.01953125 0.034722222222222224
9 0.619140625 0.5013888888888889 0.01015625 0.025
