2 0.9640625 0.6284722222222222 0.0671875 0.3736111111111111
8 0.526953125 0.325 0.00546875 0.022222222222222223
8 0.517578125 0.3263888888888889 0.00390625 0.025
2 0.509375 0.3645833333333333 0.0203125 0.018055555555555554
2 0.49765625 0.3715277777777778 0.009375 0.02361111111111111
2 0.4796875 0.3798611111111111 0.0234375 0.020833333333333332
2 0.460546875 0.37777777777777777 0.01171875 0.022222222222222223
2 0.417578125 0.38472222222222224 0.01328125 0.030555555555555555
2 0.438671875 0.38958333333333334 0.03984375 0.059722222222222225
2 0.383984375 0.38055555555555554 0.03828125 0.07222222222222222
3 0.328515625 0.4083333333333333 0.09609375 0.11388888888888889
2 0.262109375 0.40208333333333335 0.06015625 0.07916666666666666
2 0.185546875 0.4097222222222222 0.08671875 0.09444444444444444
3 0.5296875 0.35694444444444445 0.0265625 0.044444444444444446
3 0.05390625 0.38333333333333336 0.1078125 0.4777777777777778
