8 0.32421875 0.48680555555555555 0.00625 0.018055555555555554
9 0.2984375 0.48333333333333334 0.0140625 0.030555555555555555
2 0.3984375 0.5173611111111112 0.00625 0.02361111111111111
2 0.39140625 0.51875 0.0125 0.02361111111111111
2 0.37734375 0.5201388888888889 0.01875 0.029166666666666667
2 0.368359375 0.5201388888888889 0.01171875 0.02638888888888889
2 0.35703125 0.5215277777777778 0.0171875 0.02638888888888889
2 0.330078125 0.5076388888888889 0.01640625 0.018055555555555554
2 0.338671875 0.5201388888888889 0.02109375 0.02638888888888889
2 0.245703125 0.5625 0.08671875 0.125
