2 0.032421875 0.6180555555555556 0.06484375 0.21666666666666667
2 0.14765625 0.5784722222222223 0.18125 0.19027777777777777
2 0.22734375 0.5305555555555556 0.125 0.1388888888888889
2 0.2921875 0.5222222222222223 0.0640625 0.08611111111111111
2 0.32421875 0.5083333333333333 0.0515625 0.06666666666666667
2 0.34765625 0.49236111111111114 0.021875 0.05694444444444444
2 0.378515625 0.4888888888888889 0.05078125 0.07777777777777778
2 0.414453125 0.4826388888888889 0.02265625 0.0375
2 0.44140625 0.4840277777777778 0.0203125 0.029166666666666667
2 0.50546875 0.48819444444444443 0.0328125 0.034722222222222224
2 0.4 0.48194444444444445 0.0125 0.025
2 0.7265625 0.48680555555555555 0.1046875 0.05694444444444444
8 0.401953125 0.3715277777777778 0.00859375 0.029166666666666667
8 0.490234375 0.3798611111111111 0.00703125 0.020833333333333332
8 0.4953125 0.38125 0.0046875 0.02638888888888889
8 0.559765625 0.4409722222222222 0.00703125 0.015277777777777777
8 0.336328125 0.4444444444444444 0.01015625 0.016666666666666666
8 0.3875 0.44027777777777777 0.009375 0.016666666666666666
9 0.46953125 0.4361111111111111 0.0078125 0.016666666666666666
9 0.476953125 0.4375 0.01015625 0.016666666666666666
9 0.472265625 0.45694444444444443 0.01328125 0.016666666666666666
9 0.4515625 0.4423611111111111 0.0109375 0.0125
8 0.435546875 0.4375 0.00859375 0.016666666666666666
8 0.1140625 0.4111111111111111 0.0140625 0.03333333333333333
9 0.5515625 0.42083333333333334 0.0125 0.022222222222222223
9 0.362890625 0.41944444444444445 0.00703125 0.019444444444444445
9 0.35546875 0.42986111111111114 0.009375 0.020833333333333332
9 0.623828125 0.39444444444444443 0.01796875 0.013888888888888888
9 0.925390625 0.04722222222222222 0.14453125 0.09444444444444444
