2 0.023046875 0.42916666666666664 0.04609375 0.08611111111111111
8 0.2390625 0.325 0.009375 0.019444444444444445
8 0.4078125 0.3368055555555556 0.0078125 0.0125
9 0.403125 0.3486111111111111 0.015625 0.005555555555555556
8 0.393359375 0.34930555555555554 0.00546875 0.015277777777777777
9 0.429296875 0.31805555555555554 0.01328125 0.019444444444444445
8 0.48828125 0.3375 0.0046875 0.019444444444444445
9 0.5578125 0.3159722222222222 0.009375 0.04861111111111111
3 0.39453125 0.38125 0.0296875 0.029166666666666667
2 0.401171875 0.41805555555555557 0.01484375 0.04722222222222222
3 0.3390625 0.35555555555555557 0.046875 0.03611111111111111
3 0.36796875 0.4548611111111111 0.078125 0.15416666666666667
4 0.442578125 0.4111111111111111 0.07109375 0.1527777777777778
9 0.212890625 0.3229166666666667 0.01953125 0.009722222222222222
3 0.123828125 0.36319444444444443 0.16171875 0.2902777777777778
2 0.26015625 0.49583333333333335 0.2171875 0.3055555555555556
2 0.538671875 0.41805555555555557 0.10078125 0.15833333333333333
2 0.87109375 0.4166666666666667 0.25 0.5555555555555556
