9 0.1390625 0.4479166666666667 0.0515625 0.08472222222222223
8 0.653125 0.46875 0.00625 0.02361111111111111
2 0.54375 0.5479166666666667 0.0703125 0.0375
2 0.478125 0.5645833333333333 0.01875 0.03194444444444444
2 0.67578125 0.6104166666666667 0.109375 0.15694444444444444
2 0.363671875 0.6555555555555556 0.15859375 0.17777777777777778
3 0.299609375 0.5583333333333333 0.08828125 0.19444444444444445
3 0.401171875 0.5361111111111111 0.11953125 0.2388888888888889
3 0.63125 0.5416666666666666 0.05 0.06111111111111111
3 0.725 0.5520833333333334 0.1375 0.23194444444444445
3 0.869921875 0.5506944444444445 0.19453125 0.18194444444444444
2 0.199609375 0.6548611111111111 0.16171875 0.15138888888888888
2 0.55 0.7465277777777778 0.2515625 0.3541666666666667
2 0.896484375 0.6395833333333333 0.20546875 0.22083333333333333
