8 0.515234375 0.30625 0.01015625 0.04861111111111111
8 0.239453125 0.32708333333333334 0.00703125 0.0375
8 0.2515625 0.33541666666666664 0.009375 0.034722222222222224
8 0.228515625 0.33125 0.01015625 0.0375
8 0.503125 0.30833333333333335 0.0078125 0.03888888888888889
8 0.525390625 0.30833333333333335 0.01015625 0.04722222222222222
8 0.10703125 0.4625 0.0125 0.025
8 0.641796875 0.47430555555555554 0.01328125 0.015277777777777777
8 0.779296875 0.4479166666666667 0.02109375 0.029166666666666667
8 0.798828125 0.4513888888888889 0.01171875 0.025
9 0.125 0.44166666666666665 0.0140625 0.019444444444444445
9 0.74921875 0.36944444444444446 0.0234375 0.03888888888888889
9 0.7828125 0.3486111111111111 0.0203125 0.008333333333333333
9 0.7734375 0.36944444444444446 0.009375 0.025
2 0.455859375 0.5347222222222222 0.01015625 0.022222222222222223
2 0.462109375 0.5354166666666667 0.01171875 0.03194444444444444
2 0.474609375 0.5354166666666667 0.01640625 0.04583333333333333
2 0.49453125 0.55 0.0421875 0.06388888888888888
2 0.426171875 0.5326388888888889 0.01796875 0.0375
2 0.36953125 0.55625 0.10625 0.12638888888888888
2 0.2875 0.5423611111111111 0.0609375 0.07361111111111111
2 0.31953125 0.5263888888888889 0.025 0.03888888888888889
2 0.084765625 0.5763888888888888 0.16484375 0.16944444444444445
2 0.6265625 0.6069444444444444 0.1171875 0.1638888888888889
2 0.812109375 0.6291666666666667 0.31640625 0.33611111111111114
2 0.92109375 0.7993055555555556 0.1515625 0.32083333333333336
8 0.436328125 0.47638888888888886 0.00859375 0.013888888888888888
8 0.38984375 0.47708333333333336 0.00625 0.018055555555555554
