9 0.23046875 0.1986111111111111 0.05 0.09166666666666666
8 0.2359375 0.2611111111111111 0.0453125 0.04722222222222222
9 0.512890625 0.3333333333333333 0.01953125 0.013888888888888888
2 0.38671875 0.3729166666666667 0.0265625 0.04861111111111111
2 0.365625 0.37777777777777777 0.0375 0.05277777777777778
2 0.3296875 0.3784722222222222 0.0453125 0.059722222222222225
2 0.292578125 0.3909722222222222 0.03671875 0.05138888888888889
2 0.224609375 0.38125 0.04609375 0.07083333333333333
2 0.1734375 0.38680555555555557 0.06875 0.0763888888888889
2 0.09921875 0.39305555555555555 0.05 0.06944444444444445
2 0.041796875 0.3888888888888889 0.08203125 0.07777777777777778
2 0.48828125 0.39166666666666666 0.01875 0.030555555555555555
2 0.555859375 0.40555555555555556 0.02890625 0.04722222222222222
2 0.45859375 0.42291666666666666 0.05625 0.09027777777777778
2 0.51875 0.4048611111111111 0.040625 0.05138888888888889
2 0.597265625 0.4131944444444444 0.05546875 0.0625
2 0.869140625 0.41388888888888886 0.07265625 0.07222222222222222
2 0.792578125 0.47847222222222224 0.11171875 0.10138888888888889
2 0.916796875 0.49027777777777776 0.12890625 0.09166666666666666
8 0.231640625 0.06458333333333334 0.01171875 0.07361111111111111
