9 0.5671875 0.26944444444444443 0.0140625 0.030555555555555555
9 0.569140625 0.2916666666666667 0.02265625 0.013888888888888888
8 0.379296875 0.325 0.00546875 0.013888888888888888
8 0.333203125 0.3076388888888889 0.00390625 0.0125
9 0.301171875 0.31527777777777777 0.01328125 0.005555555555555556
2 0.39765625 0.38125 0.0140625 0.015277777777777777
2 0.41484375 0.3861111111111111 0.0203125 0.027777777777777776
2 0.387890625 0.3798611111111111 0.00546875 0.0125
2 0.359375 0.38055555555555554 0.0078125 0.011111111111111112
2 0.34921875 0.3784722222222222 0.009375 0.0125
2 0.33515625 0.37569444444444444 0.021875 0.02638888888888889
2 0.29765625 0.3763888888888889 0.0140625 0.03611111111111111
2 0.276953125 0.3854166666666667 0.04609375 0.05416666666666667
2 0.181640625 0.38819444444444445 0.06015625 0.05416666666666667
2 0.4390625 0.39444444444444443 0.0328125 0.041666666666666664
2 0.48984375 0.4236111111111111 0.0703125 0.08055555555555556
2 0.375 0.3763888888888889 0.0203125 0.025
