8 0.500390625 0.5673611111111111 0.00703125 0.009722222222222222
8 0.4734375 0.5625 0.0078125 0.013888888888888888
8 0.37890625 0.6069444444444444 0.0078125 0.016666666666666666
9 0.59140625 0.5673611111111111 0.0109375 0.0375
9 0.57890625 0.5958333333333333 0.0078125 0.013888888888888888
9 0.540234375 0.6090277777777777 0.00703125 0.020833333333333332
2 0.50625 0.6388888888888888 0.009375 0.008333333333333333
2 0.51796875 0.6354166666666666 0.0109375 0.015277777777777777
2 0.53984375 0.6361111111111111 0.0203125 0.019444444444444445
2 0.44921875 0.6347222222222222 0.01875 0.022222222222222223
2 0.43046875 0.6361111111111111 0.0125 0.016666666666666666
2 0.710546875 0.6708333333333333 0.17578125 0.21666666666666667
