2 0.4140625 0.3590277777777778 0.0171875 0.03194444444444444
2 0.4 0.3680555555555556 0.028125 0.04722222222222222
2 0.373828125 0.3770833333333333 0.04453125 0.04861111111111111
2 0.496875 0.3625 0.021875 0.025
2 0.512890625 0.3875 0.03984375 0.06388888888888888
2 0.321875 0.37569444444444444 0.0796875 0.08472222222222223
2 0.4515625 0.39861111111111114 0.09375 0.1388888888888889
2 0.059375 0.3729166666666667 0.11875 0.2652777777777778
3 0.778125 0.34791666666666665 0.4390625 0.6958333333333333
8 0.40546875 0.30486111111111114 0.009375 0.02361111111111111
8 0.50625 0.3229166666666667 0.009375 0.018055555555555554
9 0.380078125 0.3159722222222222 0.00859375 0.015277777777777777
