9 0.559765625 0.08819444444444445 0.03828125 0.06805555555555555
9 0.58359375 0.13958333333333334 0.028125 0.04027777777777778
9 0.55625 0.13958333333333334 0.03125 0.02638888888888889
9 0.562109375 0.19583333333333333 0.04296875 0.07222222222222222
8 0.381640625 0.31666666666666665 0.01171875 0.03611111111111111
2 0.371484375 0.4152777777777778 0.02265625 0.030555555555555555
4 0.43125 0.37777777777777777 0.0875 0.28055555555555556
2 0.327734375 0.4173611111111111 0.01484375 0.02361111111111111
2 0.058984375 0.44027777777777777 0.05546875 0.058333333333333334
9 0.181640625 0.30069444444444443 0.01328125 0.020833333333333332
8 0.21171875 0.32916666666666666 0.015625 0.030555555555555555
