8 0.454296875 0.275 0.00703125 0.030555555555555555
8 0.6171875 0.25555555555555554 0.009375 0.030555555555555555
8 0.461328125 0.2743055555555556 0.00703125 0.029166666666666667
8 0.61015625 0.2569444444444444 0.0078125 0.03333333333333333
8 0.625390625 0.2548611111111111 0.00546875 0.0375
8 0.448828125 0.275 0.00546875 0.027777777777777776
8 0.3484375 0.3333333333333333 0.015625 0.019444444444444445
9 0.471875 0.3472222222222222 0.0109375 0.022222222222222223
9 0.60859375 0.33819444444444446 0.0125 0.02361111111111111
1 0.48671875 0.3784722222222222 0.0109375 0.020833333333333332
2 0.60078125 0.3993055555555556 0.0203125 0.05694444444444444
2 0.616015625 0.4041666666666667 0.02734375 0.08888888888888889
2 0.646484375 0.4048611111111111 0.07265625 0.10694444444444444
2 0.659765625 0.425 0.06796875 0.11666666666666667
2 0.707421875 0.4409722222222222 0.09609375 0.15416666666666667
2 0.8140625 0.4736111111111111 0.215625 0.2611111111111111
2 0.395703125 0.41458333333333336 0.07109375 0.14305555555555555
2 0.31015625 0.43125 0.1671875 0.20416666666666666
2 0.538671875 0.4131944444444444 0.11484375 0.20416666666666666
2 0.1421875 0.5111111111111111 0.284375 0.3
2 0.915234375 0.4909722222222222 0.16640625 0.43194444444444446
