8 0.441796875 0.09861111111111111 0.03046875 0.09166666666666666
3 0.13203125 0.43125 0.2609375 0.3625
2 0.923046875 0.4041666666666667 0.03046875 0.05
2 0.900390625 0.40625 0.01953125 0.05416666666666667
2 0.880859375 0.40625 0.03671875 0.05138888888888889
2 0.85234375 0.40347222222222223 0.0359375 0.06527777777777778
2 0.8203125 0.41458333333333336 0.040625 0.07083333333333333
2 0.78515625 0.4166666666666667 0.034375 0.075
2 0.75078125 0.41805555555555557 0.04375 0.08333333333333333
2 0.712890625 0.4173611111111111 0.07109375 0.09027777777777778
2 0.652734375 0.4236111111111111 0.07265625 0.08888888888888889
3 0.42578125 0.4041666666666667 0.175 0.13333333333333333
