8 0.1234375 0.23194444444444445 0.015625 0.06944444444444445
8 0.297265625 0.29444444444444445 0.00703125 0.041666666666666664
8 0.662109375 0.16458333333333333 0.01171875 0.05416666666666667
8 0.809375 0.3020833333333333 0.015625 0.02638888888888889
8 0.875 0.02638888888888889 0.015625 0.05
8 0.3125 0.2875 0.009375 0.05
8 0.321484375 0.30833333333333335 0.00859375 0.03333333333333333
8 0.09765625 0.23680555555555555 0.0109375 0.05138888888888889
8 0.01328125 0.14444444444444443 0.025 0.08888888888888889
8 0.1015625 0.30416666666666664 0.0140625 0.025
8 0.5375 0.30694444444444446 0.0046875 0.016666666666666666
8 0.56640625 0.33611111111111114 0.00625 0.013888888888888888
9 0.630859375 0.1673611111111111 0.01328125 0.018055555555555554
8 0.862890625 0.30277777777777776 0.01484375 0.025
9 0.11875 0.29097222222222224 0.046875 0.05694444444444444
9 0.48671875 0.35208333333333336 0.034375 0.029166666666666667
9 0.46171875 0.35138888888888886 0.015625 0.030555555555555555
9 0.5359375 0.35 0.009375 0.027777777777777776
8 0.537109375 0.3076388888888889 0.00703125 0.02361111111111111
9 0.7125 0.33541666666666664 0.0203125 0.020833333333333332
2 0.446875 0.40902777777777777 0.021875 0.029166666666666667
2 0.50390625 0.40694444444444444 0.0703125 0.08611111111111111
2 0.09609375 0.38472222222222224 0.0265625 0.03888888888888889
3 0.030078125 0.3472222222222222 0.05859375 0.06111111111111111
2 0.013671875 0.3923611111111111 0.02578125 0.05138888888888889
2 0.06640625 0.39305555555555555 0.0796875 0.06388888888888888
2 0.18359375 0.3958333333333333 0.1140625 0.07777777777777778
2 0.378515625 0.4618055555555556 0.14609375 0.20416666666666666
2 0.62890625 0.4479166666666667 0.190625 0.20416666666666666
9 0.97265625 0.32916666666666666 0.009375 0.022222222222222223
