2 0.51640625 0.5305555555555556 0.0046875 0.016666666666666666
2 0.512109375 0.5347222222222222 0.00546875 0.025
2 0.503515625 0.5340277777777778 0.00859375 0.02638888888888889
2 0.49453125 0.5326388888888889 0.0140625 0.034722222222222224
2 0.491015625 0.5361111111111111 0.01484375 0.027777777777777776
2 0.477734375 0.5361111111111111 0.02421875 0.041666666666666664
2 0.4734375 0.5388888888888889 0.025 0.03611111111111111
2 0.458203125 0.5416666666666666 0.02734375 0.04722222222222222
2 0.437109375 0.5458333333333333 0.03828125 0.05555555555555555
2 0.41171875 0.5506944444444445 0.0390625 0.06527777777777778
2 0.383203125 0.55625 0.04765625 0.08472222222222223
2 0.312890625 0.5576388888888889 0.11484375 0.1375
2 0.190234375 0.6027777777777777 0.18046875 0.18333333333333332
2 0.053515625 0.5972222222222222 0.10703125 0.325
2 0.5515625 0.5340277777777778 0.0109375 0.018055555555555554
2 0.575390625 0.5319444444444444 0.00546875 0.022222222222222223
2 0.58671875 0.5333333333333333 0.0140625 0.03611111111111111
2 0.5875 0.5395833333333333 0.0109375 0.029166666666666667
2 0.6 0.5444444444444444 0.0171875 0.03611111111111111
2 0.6125 0.5506944444444445 0.0203125 0.05694444444444444
2 0.61796875 0.5541666666666667 0.0171875 0.05
2 0.63515625 0.5569444444444445 0.0328125 0.08333333333333333
2 0.682421875 0.5743055555555555 0.09140625 0.11805555555555555
2 0.7171875 0.6034722222222222 0.1 0.14027777777777778
2 0.8109375 0.6402777777777777 0.209375 0.21388888888888888
2 0.907421875 0.7534722222222222 0.18046875 0.3902777777777778
