9 0.1921875 0.3277777777777778 0.0359375 0.025
9 0.18984375 0.3784722222222222 0.0328125 0.06527777777777778
9 0.28671875 0.2875 0.034375 0.06944444444444445
9 0.37890625 0.24930555555555556 0.0375 0.04027777777777778
8 0.16328125 0.42986111111111114 0.0234375 0.03194444444444444
8 0.181640625 0.43472222222222223 0.00859375 0.03333333333333333
8 0.415625 0.23055555555555557 0.0109375 0.058333333333333334
8 0.48359375 0.23958333333333334 0.0109375 0.05416666666666667
8 0.976171875 0.1798611111111111 0.02109375 0.0763888888888889
8 0.944140625 0.17569444444444443 0.01953125 0.07083333333333333
8 0.935546875 0.1986111111111111 0.02734375 0.09444444444444444
2 0.333203125 0.58125 0.28046875 0.14583333333333334
2 0.018359375 0.6111111111111112 0.03671875 0.07222222222222222
2 0.42265625 0.53125 0.0734375 0.07916666666666666
2 0.472265625 0.55 0.04453125 0.07777777777777778
2 0.497265625 0.5513888888888889 0.00859375 0.044444444444444446
4 0.565234375 0.5034722222222222 0.08984375 0.19027777777777777
2 0.621875 0.55 0.03125 0.06944444444444445
2 0.677734375 0.5611111111111111 0.01953125 0.044444444444444446
3 0.744140625 0.5256944444444445 0.11328125 0.1597222222222222
2 0.515625 0.5458333333333333 0.0109375 0.06111111111111111
2 0.646875 0.5541666666666667 0.0109375 0.044444444444444446
