8 0.3578125 0.3416666666666667 0.00625 0.027777777777777776
8 0.485546875 0.35 0.00703125 0.025
8 0.28125 0.41944444444444445 0.009375 0.019444444444444445
8 0.363671875 0.34444444444444444 0.01015625 0.027777777777777776
9 0.655078125 0.3229166666666667 0.01328125 0.018055555555555554
9 0.65390625 0.3055555555555556 0.01875 0.03611111111111111
9 0.4125 0.3298611111111111 0.1078125 0.05138888888888889
9 0.53046875 0.3736111111111111 0.0171875 0.016666666666666666
8 0.560546875 0.4166666666666667 0.01171875 0.019444444444444445
2 0.47109375 0.45694444444444443 0.025 0.041666666666666664
2 0.490234375 0.4701388888888889 0.02578125 0.06805555555555555
2 0.521875 0.46319444444444446 0.0578125 0.09583333333333334
2 0.312109375 0.4673611111111111 0.02421875 0.04861111111111111
2 0.413671875 0.45069444444444445 0.01796875 0.02638888888888889
2 0.43515625 0.44513888888888886 0.0171875 0.018055555555555554
2 0.390625 0.45625 0.028125 0.0375
2 0.35234375 0.46805555555555556 0.0484375 0.075
2 0.278125 0.47708333333333336 0.0578125 0.06805555555555555
2 0.573828125 0.4826388888888889 0.08359375 0.1125
2 0.858203125 0.5340277777777778 0.28203125 0.40694444444444444
