2 0.416796875 0.45625 0.04453125 0.09027777777777778
2 0.565234375 0.4465277777777778 0.02109375 0.034722222222222224
2 0.566796875 0.4527777777777778 0.02109375 0.03611111111111111
2 0.59453125 0.47430555555555554 0.065625 0.0875
2 0.898046875 0.54375 0.20234375 0.22361111111111112
2 0.32578125 0.4826388888888889 0.1515625 0.19305555555555556
2 0.48671875 0.5166666666666667 0.1625 0.28055555555555556
2 0.70546875 0.5513888888888889 0.184375 0.20277777777777778
8 0.499609375 0.3770833333333333 0.00859375 0.020833333333333332
8 0.563671875 0.36527777777777776 0.00546875 0.016666666666666666
8 0.5671875 0.3659722222222222 0.0046875 0.015277777777777777
8 0.560546875 0.3638888888888889 0.00546875 0.019444444444444445
9 0.409765625 0.33541666666666664 0.01640625 0.02638888888888889
9 0.410546875 0.36666666666666664 0.01796875 0.027777777777777776
9 0.47109375 0.36527777777777776 0.0125 0.022222222222222223
