9 0.520703125 0.39652777777777776 0.02890625 0.018055555555555554
9 0.6125 0.39375 0.0171875 0.0125
9 0.615625 0.40347222222222223 0.01875 0.0125
9 0.491796875 0.3958333333333333 0.01484375 0.022222222222222223
9 0.49609375 0.45625 0.0109375 0.015277777777777777
9 0.607421875 0.42916666666666664 0.02734375 0.016666666666666666
8 0.396484375 0.39444444444444443 0.00859375 0.027777777777777776
8 0.267578125 0.36875 0.00859375 0.03194444444444444
8 0.433984375 0.4666666666666667 0.00859375 0.019444444444444445
8 0.615625 0.45208333333333334 0.0171875 0.015277777777777777
8 0.5734375 0.4527777777777778 0.015625 0.016666666666666666
8 0.484765625 0.45416666666666666 0.00703125 0.019444444444444445
8 0.387109375 0.39305555555555555 0.00703125 0.030555555555555555
8 0.478515625 0.3888888888888889 0.00859375 0.027777777777777776
2 0.413671875 0.5027777777777778 0.01171875 0.03333333333333333
2 0.39140625 0.5041666666666667 0.015625 0.030555555555555555
2 0.421875 0.5236111111111111 0.01875 0.06111111111111111
2 0.3734375 0.4930555555555556 0.0203125 0.025
2 0.3578125 0.49722222222222223 0.0203125 0.022222222222222223
2 0.34375 0.4986111111111111 0.0171875 0.030555555555555555
2 0.15859375 0.5076388888888889 0.0828125 0.08472222222222223
2 0.491796875 0.5 0.01328125 0.027777777777777776
2 0.502734375 0.5013888888888889 0.01171875 0.030555555555555555
2 0.519140625 0.5020833333333333 0.02109375 0.043055555555555555
2 0.603515625 0.5180555555555556 0.05234375 0.09444444444444444
2 0.67109375 0.53125 0.1015625 0.13194444444444445
2 0.77734375 0.5479166666666667 0.1765625 0.20694444444444443
2 0.073046875 0.5263888888888889 0.14609375 0.26944444444444443
2 0.90078125 0.5902777777777778 0.196875 0.35555555555555557
2 0.300390625 0.5152777777777777 0.09140625 0.13055555555555556
2 0.458984375 0.53125 0.07890625 0.1125
2 0.556640625 0.5256944444444445 0.07734375 0.10972222222222222
