8 0.388671875 0.0798611111111111 0.01328125 0.0625
8 0.7265625 0.11805555555555555 0.0140625 0.05
8 0.959765625 0.3104166666666667 0.02734375 0.04027777777777778
8 0.249609375 0.24930555555555556 0.02265625 0.03194444444444444
9 0.282421875 0.06666666666666667 0.03046875 0.13055555555555556
9 0.2734375 0.10486111111111111 0.01875 0.05694444444444444
9 0.29375 0.23958333333333334 0.0140625 0.04861111111111111
9 0.2734375 0.16319444444444445 0.015625 0.029166666666666667
9 0.740625 0.2263888888888889 0.0125 0.03611111111111111
9 0.75078125 0.21388888888888888 0.021875 0.08055555555555556
9 0.948828125 0.1986111111111111 0.03671875 0.027777777777777776
9 0.946875 0.25277777777777777 0.0390625 0.03333333333333333
8 0.408984375 0.08472222222222223 0.01640625 0.058333333333333334
1 0.206640625 0.3770833333333333 0.04609375 0.1625
2 0.588671875 0.3548611111111111 0.02578125 0.03194444444444444
2 0.59453125 0.37222222222222223 0.0203125 0.044444444444444446
2 0.616015625 0.37777777777777777 0.05234375 0.07222222222222222
2 0.440234375 0.35138888888888886 0.03046875 0.04722222222222222
2 0.416015625 0.3576388888888889 0.02578125 0.05416666666666667
2 0.3875 0.35625 0.0546875 0.07083333333333333
2 0.675390625 0.4097222222222222 0.11640625 0.1361111111111111
2 0.516015625 0.4097222222222222 0.15078125 0.22777777777777777
2 0.95 0.5180555555555556 0.096875 0.46111111111111114
