2 0.054296875 0.4423611111111111 0.10859375 0.14305555555555555
2 0.8359375 0.5666666666666667 0.1390625 0.12222222222222222
2 0.738671875 0.5444444444444444 0.05234375 0.09722222222222222
2 0.66328125 0.5291666666666667 0.096875 0.09444444444444444
2 0.60703125 0.5180555555555556 0.028125 0.05555555555555555
2 0.5859375 0.5020833333333333 0.0390625 0.0375
2 0.536328125 0.5055555555555555 0.04453125 0.07222222222222222
2 0.244140625 0.47847222222222224 0.23046875 0.1597222222222222
2 0.45625 0.47847222222222224 0.0453125 0.0625
8 0.683984375 0.09930555555555555 0.01796875 0.09027777777777778
8 0.5140625 0.24305555555555555 0.0171875 0.07222222222222222
8 0.4890625 0.3875 0.015625 0.05277777777777778
9 0.51875 0.3402777777777778 0.0265625 0.05555555555555555
8 0.666015625 0.1076388888888889 0.01953125 0.0763888888888889
8 0.705859375 0.10833333333333334 0.01796875 0.075
