9 0.416796875 0.24722222222222223 0.05859375 0.06944444444444445
8 0.397265625 0.2465277777777778 0.01015625 0.02638888888888889
8 0.3875 0.24305555555555555 0.0078125 0.03333333333333333
8 0.317578125 0.2569444444444444 0.00546875 0.022222222222222223
8 0.183203125 0.27708333333333335 0.01171875 0.0125
8 0.221484375 0.25972222222222224 0.00390625 0.027777777777777776
9 0.219921875 0.2881944444444444 0.00703125 0.015277777777777777
8 0.21015625 0.2972222222222222 0.009375 0.013888888888888888
9 0.2796875 0.2972222222222222 0.0125 0.011111111111111112
8 0.47890625 0.2965277777777778 0.0078125 0.029166666666666667
9 0.2828125 0.3159722222222222 0.009375 0.015277777777777777
2 0.108203125 0.42569444444444443 0.19609375 0.18472222222222223
2 0.3859375 0.3763888888888889 0.01875 0.03333333333333333
2 0.404296875 0.38055555555555554 0.01328125 0.019444444444444445
