9 0.566015625 0.3659722222222222 0.00859375 0.020833333333333332
8 0.524609375 0.3625 0.00390625 0.022222222222222223
8 0.441015625 0.36736111111111114 0.00390625 0.018055555555555554
2 0.48828125 0.3923611111111111 0.009375 0.015277777777777777
2 0.476171875 0.3888888888888889 0.01015625 0.022222222222222223
2 0.507421875 0.3972222222222222 0.01640625 0.019444444444444445
2 0.526171875 0.3958333333333333 0.01484375 0.016666666666666666
2 0.53671875 0.40208333333333335 0.0140625 0.020833333333333332
2 0.555078125 0.3951388888888889 0.02578125 0.034722222222222224
2 0.58359375 0.4041666666666667 0.028125 0.03888888888888889
2 0.621484375 0.41180555555555554 0.04296875 0.05416666666666667
2 0.64921875 0.42916666666666664 0.0453125 0.07222222222222222
2 0.708203125 0.42777777777777776 0.08671875 0.1111111111111111
2 0.784375 0.4534722222222222 0.125 0.12916666666666668
2 0.41640625 0.41180555555555554 0.0234375 0.0375
2 0.380859375 0.41944444444444445 0.04765625 0.05555555555555555
2 0.35 0.4201388888888889 0.021875 0.05416666666666667
2 0.2765625 0.4041666666666667 0.046875 0.016666666666666666
2 0.245703125 0.4479166666666667 0.06640625 0.07083333333333333
2 0.316796875 0.44305555555555554 0.08359375 0.08055555555555556
2 0.093359375 0.4888888888888889 0.18671875 0.19166666666666668
2 0.475 0.5118055555555555 0.159375 0.2152777777777778
9 0.541796875 0.36875 0.01328125 0.015277777777777777
