2 0.44453125 0.4361111111111111 0.0203125 0.030555555555555555
2 0.448828125 0.44375 0.02265625 0.034722222222222224
2 0.45546875 0.4486111111111111 0.0328125 0.05555555555555555
2 0.4609375 0.45694444444444443 0.0328125 0.06111111111111111
2 0.490625 0.4701388888888889 0.071875 0.09861111111111111
2 0.503125 0.4777777777777778 0.0515625 0.1
2 0.4109375 0.4395833333333333 0.015625 0.02361111111111111
2 0.3953125 0.4423611111111111 0.01875 0.029166666666666667
2 0.35390625 0.44375 0.01875 0.034722222222222224
2 0.339453125 0.4465277777777778 0.03046875 0.04583333333333333
2 0.31875 0.45 0.03125 0.04722222222222222
2 0.2984375 0.4513888888888889 0.03125 0.05
2 0.28046875 0.4534722222222222 0.0296875 0.05138888888888889
2 0.268359375 0.4597222222222222 0.03515625 0.058333333333333334
2 0.373828125 0.4409722222222222 0.03046875 0.04027777777777778
2 0.23671875 0.46805555555555556 0.0625 0.06666666666666667
2 0.424609375 0.44513888888888886 0.02578125 0.04027777777777778
2 0.549609375 0.5006944444444444 0.11015625 0.13194444444444445
9 0.52265625 0.35555555555555557 0.0265625 0.05555555555555555
9 0.34140625 0.40625 0.0109375 0.020833333333333332
9 0.37734375 0.41597222222222224 0.0109375 0.018055555555555554
9 0.918359375 0.20347222222222222 0.05859375 0.043055555555555555
