8 0.550390625 0.4027777777777778 0.01171875 0.03888888888888889
8 0.541015625 0.3993055555555556 0.01015625 0.03194444444444444
8 0.654296875 0.4305555555555556 0.00859375 0.027777777777777776
8 0.365234375 0.4097222222222222 0.00859375 0.03611111111111111
8 0.76640625 0.42569444444444443 0.009375 0.034722222222222224
8 0.446484375 0.44583333333333336 0.00703125 0.022222222222222223
9 0.3671875 0.4527777777777778 0.015625 0.04722222222222222
9 0.16875 0.35625 0.0234375 0.04583333333333333
9 0.7390625 0.5076388888888889 0.015625 0.0125
8 0.745703125 0.5229166666666667 0.01171875 0.020833333333333332
2 0.648046875 0.5576388888888889 0.01328125 0.020833333333333332
2 0.657421875 0.5569444444444445 0.01328125 0.030555555555555555
2 0.66875 0.5583333333333333 0.0140625 0.03611111111111111
2 0.689453125 0.5666666666666667 0.03203125 0.041666666666666664
2 0.6015625 0.5479166666666667 0.028125 0.04861111111111111
2 0.458203125 0.5423611111111111 0.08828125 0.1597222222222222
2 0.406640625 0.5666666666666667 0.11171875 0.2
2 0.212109375 0.5763888888888888 0.34453125 0.3972222222222222
2 0.821484375 0.5715277777777777 0.11953125 0.16527777777777777
2 0.90078125 0.6041666666666666 0.1453125 0.17222222222222222
2 0.96015625 0.6131944444444445 0.0734375 0.2263888888888889
2 0.56015625 0.54375 0.0328125 0.04583333333333333
2 0.04375 0.6881944444444444 0.0875 0.2263888888888889
