9 0.501171875 0.40208333333333335 0.01328125 0.018055555555555554
9 0.405078125 0.40069444444444446 0.01171875 0.020833333333333332
9 0.719921875 0.34375 0.01171875 0.034722222222222224
9 0.077734375 0.36736111111111114 0.01171875 0.020833333333333332
8 0.48359375 0.40069444444444446 0.0046875 0.020833333333333332
8 0.44765625 0.39652777777777776 0.0078125 0.020833333333333332
8 0.39296875 0.40069444444444446 0.0046875 0.020833333333333332
2 0.13828125 0.5076388888888889 0.0390625 0.043055555555555555
2 0.3875 0.49930555555555556 0.0234375 0.043055555555555555
2 0.824609375 0.48680555555555555 0.06171875 0.05694444444444444
2 0.8234375 0.4756944444444444 0.0859375 0.0625
2 0.870703125 0.46875 0.10234375 0.0763888888888889
2 0.936328125 0.4701388888888889 0.12421875 0.09027777777777778
2 0.519921875 0.4895833333333333 0.05546875 0.10694444444444444
2 0.446484375 0.5208333333333334 0.06171875 0.08333333333333333
2 0.4125 0.49722222222222223 0.0203125 0.019444444444444445
2 0.34375 0.5076388888888889 0.0796875 0.12638888888888888
2 0.712890625 0.55 0.21953125 0.2222222222222222
3 0.203515625 0.40625 0.10703125 0.31527777777777777
