2 0.307421875 0.48819444444444443 0.13203125 0.15416666666666667
2 0.573046875 0.5944444444444444 0.30078125 0.41388888888888886
4 0.841015625 0.3527777777777778 0.31640625 0.5472222222222223
2 0.064453125 0.49722222222222223 0.12890625 0.08888888888888889
2 0.462109375 0.46111111111111114 0.02578125 0.05555555555555555
8 0.407421875 0.20416666666666666 0.01484375 0.06111111111111111
8 0.6 0.26180555555555557 0.0140625 0.04583333333333333
8 0.422265625 0.2048611111111111 0.01484375 0.05138888888888889
8 0.396875 0.2048611111111111 0.0078125 0.05138888888888889
8 0.588671875 0.26319444444444445 0.01015625 0.04027777777777778
8 0.61328125 0.26180555555555557 0.0109375 0.043055555555555555
8 0.153515625 0.3375 0.02578125 0.03888888888888889
9 0.29375 0.15486111111111112 0.0140625 0.06805555555555555
9 0.21171875 0.16041666666666668 0.0140625 0.07083333333333333
9 0.155078125 0.15902777777777777 0.01953125 0.06527777777777778
9 0.15546875 0.22291666666666668 0.0390625 0.020833333333333332
9 0.694921875 0.2861111111111111 0.01953125 0.03888888888888889
9 0.632421875 0.38055555555555554 0.00859375 0.030555555555555555
