9 0.259375 0.4701388888888889 0.0140625 0.0125
8 0.4109375 0.47638888888888886 0.0078125 0.019444444444444445
8 0.4984375 0.4840277777777778 0.0046875 0.015277777777777777
9 0.26875 0.46111111111111114 0.0140625 0.016666666666666666
9 0.396875 0.49930555555555556 0.009375 0.0125
2 0.49765625 0.5263888888888889 0.0140625 0.030555555555555555
2 0.50625 0.5333333333333333 0.01875 0.03888888888888889
2 0.51875 0.5479166666666667 0.0328125 0.05138888888888889
2 0.53828125 0.5423611111111111 0.0125 0.06805555555555555
2 0.557421875 0.5409722222222222 0.02734375 0.0875
2 0.4140625 0.5229166666666667 0.009375 0.020833333333333332
2 0.402734375 0.5256944444444445 0.01640625 0.020833333333333332
2 0.265234375 0.5416666666666666 0.03671875 0.044444444444444446
2 0.219921875 0.5284722222222222 0.03828125 0.020833333333333332
2 0.224609375 0.5486111111111112 0.04765625 0.044444444444444446
2 0.154296875 0.5291666666666667 0.09453125 0.08333333333333333
2 0.0734375 0.5305555555555556 0.0671875 0.09444444444444444
2 0.316015625 0.5243055555555556 0.06953125 0.0763888888888889
2 0.38125 0.525 0.028125 0.03333333333333333
2 0.3578125 0.525 0.0140625 0.03333333333333333
2 0.0203125 0.5111111111111111 0.040625 0.15
2 0.61640625 0.5388888888888889 0.11875 0.13055555555555556
