9 0.284765625 0.31180555555555556 0.08515625 0.0763888888888889
9 0.2953125 0.40347222222222223 0.0234375 0.05694444444444444
9 0.26484375 0.39861111111111114 0.021875 0.05277777777777778
9 0.44609375 0.42083333333333334 0.0171875 0.025
9 0.3359375 0.4215277777777778 0.01875 0.018055555555555554
9 0.408203125 0.4284722222222222 0.01484375 0.009722222222222222
9 0.65546875 0.44375 0.0140625 0.0375
9 0.4296875 0.45069444444444445 0.00625 0.0125
9 0.41796875 0.45208333333333334 0.00625 0.009722222222222222
9 0.510546875 0.4618055555555556 0.00703125 0.018055555555555554
9 0.52890625 0.45208333333333334 0.00625 0.0125
2 0.497265625 0.4736111111111111 0.01640625 0.022222222222222223
2 0.476171875 0.4708333333333333 0.00859375 0.016666666666666666
2 0.487109375 0.475 0.00390625 0.013888888888888888
2 0.3890625 0.4638888888888889 0.01875 0.025
