8 0.451171875 0.45694444444444443 0.00859375 0.019444444444444445
8 0.406640625 0.45416666666666666 0.00859375 0.016666666666666666
8 0.431640625 0.4722222222222222 0.00546875 0.019444444444444445
8 0.423046875 0.4756944444444444 0.00859375 0.018055555555555554
2 0.415625 0.4895833333333333 0.0125 0.018055555555555554
2 0.40234375 0.49027777777777776 0.01875 0.025
2 0.383203125 0.4979166666666667 0.01484375 0.018055555555555554
2 0.37265625 0.5048611111111111 0.0109375 0.02361111111111111
2 0.3671875 0.5083333333333333 0.0203125 0.027777777777777776
2 0.34609375 0.5076388888888889 0.0359375 0.05138888888888889
2 0.501171875 0.49375 0.03203125 0.05694444444444444
2 0.507421875 0.5034722222222222 0.03671875 0.05138888888888889
2 0.52109375 0.5076388888888889 0.0359375 0.059722222222222225
2 0.546875 0.5027777777777778 0.0484375 0.09166666666666666
2 0.599609375 0.5118055555555555 0.09765625 0.12916666666666668
2 0.669921875 0.5527777777777778 0.15078125 0.15833333333333333
9 0.393359375 0.4534722222222222 0.01015625 0.015277777777777777
9 0.65859375 0.35347222222222224 0.025 0.03194444444444444
2 0.219140625 0.5194444444444445 0.05390625 0.05277777777777778
2 0.071875 0.5236111111111111 0.028125 0.044444444444444446
2 0.46640625 0.5097222222222222 0.046875 0.07222222222222222
