2 0.475390625 0.3138888888888889 0.02421875 0.025
2 0.4609375 0.31666666666666665 0.009375 0.019444444444444445
2 0.44375 0.31527777777777777 0.025 0.027777777777777776
2 0.430859375 0.31527777777777777 0.01796875 0.027777777777777776
2 0.427734375 0.32013888888888886 0.01171875 0.020833333333333332
2 0.417578125 0.32013888888888886 0.01796875 0.043055555555555555
2 0.40078125 0.32430555555555557 0.0390625 0.059722222222222225
2 0.379296875 0.3347222222222222 0.06328125 0.06388888888888888
2 0.285546875 0.35347222222222224 0.10546875 0.1375
2 0.165625 0.37569444444444444 0.2078125 0.22361111111111112
2 0.075 0.4701388888888889 0.15 0.29305555555555557
2 0.52421875 0.3215277777777778 0.0125 0.020833333333333332
2 0.55234375 0.32430555555555557 0.009375 0.018055555555555554
2 0.568359375 0.32708333333333334 0.01796875 0.020833333333333332
2 0.587109375 0.33125 0.01171875 0.03194444444444444
2 0.603515625 0.33194444444444443 0.02890625 0.04722222222222222
2 0.62578125 0.3388888888888889 0.025 0.05277777777777778
2 0.645703125 0.33958333333333335 0.03828125 0.06527777777777778
2 0.6765625 0.3451388888888889 0.0578125 0.0763888888888889
2 0.705078125 0.3548611111111111 0.06328125 0.0763888888888889
2 0.788671875 0.35833333333333334 0.13671875 0.14722222222222223
2 0.883203125 0.5666666666666667 0.23046875 0.41388888888888886
2 0.48359375 0.5027777777777778 0.25 0.3638888888888889
9 0.18984375 0.21388888888888888 0.0359375 0.05
9 0.1921875 0.2520833333333333 0.0171875 0.02638888888888889
9 0.72421875 0.23958333333333334 0.03125 0.0375
9 0.72421875 0.26944444444444443 0.0140625 0.022222222222222223
9 0.86640625 0.20972222222222223 0.015625 0.022222222222222223
8 0.051171875 0.14722222222222223 0.01953125 0.06666666666666667
9 0.059375 0.04583333333333333 0.0265625 0.030555555555555555
8 0.376171875 0.027083333333333334 0.01484375 0.05416666666666667
8 0.41875 0.2798611111111111 0.0078125 0.018055555555555554
8 0.530859375 0.25972222222222224 0.00703125 0.019444444444444445
8 0.480859375 0.2569444444444444 0.00546875 0.016666666666666666
8 0.873046875 0.2361111111111111 0.01796875 0.027777777777777776
8 0.621484375 0.050694444444444445 0.01328125 0.06805555555555555
