2 0.4859375 0.5006944444444444 0.0203125 0.0375
2 0.46328125 0.5166666666666667 0.025 0.06111111111111111
2 0.42578125 0.5243055555555556 0.0578125 0.10416666666666667
2 0.360546875 0.5395833333333333 0.10703125 0.13472222222222222
2 0.5625 0.49444444444444446 0.009375 0.025
2 0.57578125 0.49583333333333335 0.0234375 0.03888888888888889
2 0.5984375 0.4979166666666667 0.03125 0.059722222222222225
2 0.602734375 0.5173611111111112 0.02578125 0.06805555555555555
2 0.705078125 0.5652777777777778 0.11796875 0.1638888888888889
2 0.832421875 0.6104166666666667 0.26015625 0.2625
2 0.630078125 0.5208333333333334 0.04921875 0.08333333333333333
2 0.51875 0.4875 0.0140625 0.016666666666666666
2 0.5046875 0.4951388888888889 0.009375 0.009722222222222222
2 0.53203125 0.4930555555555556 0.009375 0.013888888888888888
2 0.155859375 0.6048611111111111 0.30859375 0.3347222222222222
2 0.911328125 0.7097222222222223 0.17265625 0.375
9 0.655859375 0.41388888888888886 0.01953125 0.04722222222222222
9 0.617578125 0.4361111111111111 0.01171875 0.013888888888888888
3 0.353515625 0.44375 0.09296875 0.06805555555555555
3 0.22890625 0.44722222222222224 0.178125 0.14444444444444443
8 0.515234375 0.4354166666666667 0.01015625 0.009722222222222222
8 0.542578125 0.4395833333333333 0.01328125 0.009722222222222222
