2 0.135546875 0.33194444444444443 0.10546875 0.09166666666666666
2 0.04609375 0.3527777777777778 0.0921875 0.06944444444444445
9 0.179296875 0.2388888888888889 0.02265625 0.016666666666666666
2 0.446875 0.33194444444444443 0.009375 0.025
2 0.434375 0.33541666666666664 0.028125 0.03194444444444444
2 0.4625 0.33819444444444446 0.0296875 0.05138888888888889
2 0.546875 0.30694444444444446 0.0109375 0.022222222222222223
2 0.562109375 0.29930555555555555 0.01328125 0.020833333333333332
2 0.56953125 0.3055555555555556 0.0171875 0.03333333333333333
2 0.57734375 0.32222222222222224 0.021875 0.03333333333333333
2 0.594140625 0.32222222222222224 0.02109375 0.03333333333333333
2 0.599609375 0.3416666666666667 0.02265625 0.044444444444444446
2 0.619140625 0.3451388888888889 0.04921875 0.06527777777777778
2 0.53125 0.34305555555555556 0.03125 0.06111111111111111
2 0.5046875 0.36736111111111114 0.0796875 0.12361111111111112
9 0.66953125 0.20416666666666666 0.0203125 0.06111111111111111
9 0.80703125 0.24027777777777778 0.0125 0.05277777777777778
2 0.81171875 0.44027777777777777 0.2921875 0.3055555555555556
