2 0.391015625 0.43680555555555556 0.01171875 0.015277777777777777
2 0.293359375 0.4618055555555556 0.01953125 0.04583333333333333
2 0.2796875 0.4618055555555556 0.021875 0.05138888888888889
2 0.261328125 0.4638888888888889 0.02734375 0.06666666666666667
2 0.232421875 0.4701388888888889 0.05078125 0.07916666666666666
2 0.200390625 0.47847222222222224 0.06015625 0.07361111111111111
2 0.150390625 0.48333333333333334 0.07734375 0.11388888888888889
2 0.061328125 0.49375 0.12265625 0.1763888888888889
2 0.916796875 0.5055555555555555 0.16171875 0.5833333333333334
2 0.775 0.5076388888888889 0.2390625 0.2847222222222222
2 0.612109375 0.4875 0.11171875 0.12777777777777777
2 0.553515625 0.47638888888888886 0.06640625 0.09166666666666666
2 0.51953125 0.46944444444444444 0.0328125 0.06666666666666667
2 0.49609375 0.4618055555555556 0.0484375 0.0763888888888889
3 0.4484375 0.42916666666666664 0.0359375 0.05277777777777778
3 0.35703125 0.4388888888888889 0.021875 0.041666666666666664
3 0.375 0.4326388888888889 0.0203125 0.0375
2 0.337109375 0.45 0.03046875 0.027777777777777776
2 0.35625 0.44305555555555554 0.0171875 0.027777777777777776
9 0.520703125 0.3861111111111111 0.01015625 0.022222222222222223
9 0.25625 0.37916666666666665 0.0140625 0.016666666666666666
9 0.214453125 0.39791666666666664 0.01484375 0.015277777777777777
