8 0.37890625 0.4326388888888889 0.00625 0.02638888888888889
8 0.312890625 0.49166666666666664 0.00859375 0.03611111111111111
8 0.552734375 0.4479166666666667 0.00859375 0.02638888888888889
8 0.383984375 0.4326388888888889 0.00703125 0.02638888888888889
8 0.644140625 0.5097222222222222 0.01171875 0.016666666666666666
8 0.3078125 0.5131944444444444 0.0140625 0.018055555555555554
8 0.26640625 0.42569444444444443 0.0078125 0.02361111111111111
9 0.159375 0.4361111111111111 0.021875 0.03611111111111111
9 0.25546875 0.42083333333333334 0.0046875 0.027777777777777776
9 0.340234375 0.4486111111111111 0.03046875 0.016666666666666666
9 0.6015625 0.4618055555555556 0.0125 0.015277777777777777
9 0.639453125 0.4722222222222222 0.01171875 0.019444444444444445
9 0.704296875 0.41944444444444445 0.02109375 0.016666666666666666
9 0.248828125 0.46805555555555556 0.01015625 0.013888888888888888
2 0.591015625 0.5548611111111111 0.02421875 0.06805555555555555
2 0.5734375 0.5673611111111111 0.0359375 0.10138888888888889
2 0.31796875 0.5694444444444444 0.0515625 0.06111111111111111
2 0.494921875 0.6097222222222223 0.16328125 0.2638888888888889
2 0.8046875 0.6375 0.3390625 0.34444444444444444
2 0.019921875 0.6951388888888889 0.03984375 0.15416666666666667
2 0.95390625 0.5923611111111111 0.090625 0.1986111111111111
