9 0.272265625 0.4736111111111111 0.05234375 0.07777777777777778
9 0.357421875 0.5451388888888888 0.03359375 0.04583333333333333
9 0.51796875 0.44513888888888886 0.0609375 0.08194444444444444
9 0.59609375 0.42083333333333334 0.05 0.08611111111111111
9 0.594921875 0.5083333333333333 0.05078125 0.08611111111111111
9 0.794921875 0.49027777777777776 0.01484375 0.013888888888888888
9 0.648046875 0.50625 0.01328125 0.0125
9 0.51640625 0.5125 0.0140625 0.013888888888888888
9 0.44921875 0.5215277777777778 0.0109375 0.015277777777777777
9 0.683203125 0.5875 0.01953125 0.022222222222222223
9 0.62421875 0.5854166666666667 0.0234375 0.02638888888888889
9 0.607421875 0.5944444444444444 0.01015625 0.022222222222222223
2 0.621484375 0.6159722222222223 0.02109375 0.020833333333333332
2 0.6390625 0.6118055555555556 0.0171875 0.015277777777777777
2 0.660546875 0.6097222222222223 0.02265625 0.013888888888888888
2 0.69375 0.6159722222222223 0.040625 0.020833333333333332
2 0.77265625 0.61875 0.0375 0.04861111111111111
2 0.74375 0.6208333333333333 0.04375 0.03333333333333333
2 0.82578125 0.6298611111111111 0.059375 0.05416666666666667
2 0.42734375 0.5979166666666667 0.028125 0.04861111111111111
2 0.376171875 0.6256944444444444 0.06484375 0.0875
2 0.4703125 0.6659722222222222 0.1421875 0.17083333333333334
2 0.113671875 0.6472222222222223 0.22734375 0.4527777777777778
