9 0.559765625 0.27847222222222223 0.05234375 0.09027777777777778
9 0.464453125 0.3416666666666667 0.03515625 0.030555555555555555
9 0.446875 0.31875 0.0171875 0.02361111111111111
9 0.29140625 0.31805555555555554 0.0203125 0.022222222222222223
9 0.482421875 0.37222222222222223 0.01015625 0.019444444444444445
2 0.469921875 0.32430555555555557 0.02109375 0.009722222222222222
2 0.36328125 0.4173611111111111 0.05 0.07361111111111111
2 0.28515625 0.42569444444444443 0.0859375 0.10694444444444444
2 0.42265625 0.4083333333333333 0.0234375 0.041666666666666664
2 0.61328125 0.41458333333333336 0.046875 0.059722222222222225
2 0.773828125 0.4354166666666667 0.07578125 0.06805555555555555
2 0.9609375 0.46805555555555556 0.0765625 0.09722222222222222
2 0.051171875 0.4354166666666667 0.09765625 0.04861111111111111
2 0.7203125 0.425 0.0640625 0.058333333333333334
2 0.685546875 0.4215277777777778 0.03984375 0.05138888888888889
2 0.658203125 0.4152777777777778 0.02265625 0.05277777777777778
2 0.641796875 0.40555555555555556 0.01796875 0.05
2 0.57421875 0.4083333333333333 0.025 0.025
2 0.546875 0.40347222222222223 0.0265625 0.018055555555555554
2 0.528515625 0.39652777777777776 0.01015625 0.018055555555555554
2 0.516796875 0.3909722222222222 0.00546875 0.020833333333333332
2 0.509375 0.3909722222222222 0.009375 0.018055555555555554
2 0.458984375 0.39305555555555555 0.01015625 0.016666666666666666
2 0.45 0.39166666666666666 0.00625 0.019444444444444445
2 0.444140625 0.39305555555555555 0.00859375 0.025
2 0.433984375 0.39305555555555555 0.01171875 0.025
2 0.408984375 0.3902777777777778 0.01015625 0.019444444444444445
2 0.399609375 0.39652777777777776 0.01484375 0.020833333333333332
2 0.388671875 0.4097222222222222 0.01640625 0.030555555555555555
2 0.33046875 0.40555555555555556 0.0234375 0.044444444444444446
