2 0.523828125 0.25069444444444444 0.06171875 0.07083333333333333
2 0.370703125 0.2375 0.02734375 0.03888888888888889
2 0.443359375 0.25 0.05546875 0.08055555555555556
3 0.475 0.21736111111111112 0.03125 0.07916666666666666
2 0.348828125 0.22777777777777777 0.01640625 0.025
2 0.3921875 0.21875 0.01875 0.018055555555555554
2 0.06015625 0.23958333333333334 0.028125 0.02361111111111111
2 0.09453125 0.22777777777777777 0.021875 0.025
2 0.117578125 0.23125 0.01640625 0.018055555555555554
2 0.1296875 0.2152777777777778 0.0125 0.016666666666666666
