2 0.155859375 0.5618055555555556 0.03203125 0.029166666666666667
2 0.124609375 0.5805555555555556 0.03046875 0.041666666666666664
2 0.275 0.5743055555555555 0.040625 0.05694444444444444
2 0.19375 0.5895833333333333 0.103125 0.09583333333333334
1 0.6453125 0.5798611111111112 0.021875 0.07083333333333333
2 0.52578125 0.6423611111111112 0.159375 0.2875
8 0.337890625 0.28402777777777777 0.03046875 0.12083333333333333
8 0.24765625 0.3368055555555556 0.0171875 0.05138888888888889
8 0.10859375 0.4236111111111111 0.0125 0.041666666666666664
8 0.0234375 0.4527777777777778 0.0171875 0.030555555555555555
8 0.825390625 0.37777777777777777 0.01484375 0.05
8 0.88125 0.32916666666666666 0.01875 0.06111111111111111
8 0.6796875 0.19791666666666666 0.0171875 0.0763888888888889
2 0.054296875 0.6763888888888889 0.10546875 0.2638888888888889
2 0.873046875 0.7381944444444445 0.24765625 0.5152777777777777
2 0.77734375 0.5791666666666667 0.0453125 0.04722222222222222
8 0.41015625 0.3770833333333333 0.0109375 0.043055555555555555
9 0.556640625 0.5131944444444444 0.01015625 0.043055555555555555
9 0.712890625 0.4326388888888889 0.01328125 0.02361111111111111
2 0.463671875 0.5631944444444444 0.03984375 0.034722222222222224
