9 0.1625 0.4444444444444444 0.0125 0.013888888888888888
8 0.364453125 0.4326388888888889 0.00859375 0.02361111111111111
8 0.4921875 0.43819444444444444 0.0046875 0.018055555555555554
8 0.46875 0.47291666666666665 0.00625 0.015277777777777777
8 0.380078125 0.49236111111111114 0.00546875 0.0125
8 0.5484375 0.4930555555555556 0.00625 0.013888888888888888
2 0.4734375 0.5166666666666667 0.009375 0.013888888888888888
2 0.498046875 0.525 0.01328125 0.019444444444444445
2 0.50859375 0.5256944444444445 0.0234375 0.02638888888888889
2 0.54609375 0.5395833333333333 0.021875 0.0375
2 0.5546875 0.54375 0.021875 0.0375
2 0.57578125 0.5402777777777777 0.0390625 0.06111111111111111
2 0.592578125 0.5527777777777778 0.05078125 0.06111111111111111
2 0.637109375 0.5618055555555556 0.06640625 0.10416666666666667
3 0.284375 0.49930555555555556 0.06875 0.08472222222222223
2 0.465234375 0.5173611111111112 0.00546875 0.0125
2 0.308203125 0.5347222222222222 0.04765625 0.06666666666666667
2 0.1609375 0.5354166666666667 0.0484375 0.09861111111111111
2 0.4296875 0.5145833333333333 0.00625 0.0125
2 0.409375 0.5194444444444445 0.009375 0.016666666666666666
2 0.396484375 0.5173611111111112 0.01640625 0.020833333333333332
2 0.22734375 0.5375 0.1140625 0.1388888888888889
2 0.483984375 0.5236111111111111 0.01484375 0.022222222222222223
2 0.4453125 0.5326388888888889 0.0390625 0.05694444444444444
2 0.3609375 0.5347222222222222 0.078125 0.11666666666666667
2 0.515234375 0.5284722222222222 0.02578125 0.029166666666666667
2 0.41875 0.5215277777777778 0.01875 0.02638888888888889
2 0.702734375 0.575 0.13203125 0.1527777777777778
2 0.90078125 0.6520833333333333 0.19375 0.25416666666666665
9 0.057421875 0.4326388888888889 0.01328125 0.043055555555555555
9 0.7140625 0.41388888888888886 0.0140625 0.03888888888888889
9 0.5671875 0.46944444444444444 0.00625 0.019444444444444445
8 0.86484375 0.4875 0.0203125 0.03611111111111111
8 0.888671875 0.41597222222222224 0.00859375 0.034722222222222224
