9 0.405078125 0.4125 0.01015625 0.016666666666666666
9 0.572265625 0.4423611111111111 0.01328125 0.02361111111111111
9 0.61171875 0.3993055555555556 0.009375 0.0125
9 0.609765625 0.34791666666666665 0.01015625 0.018055555555555554
8 0.363671875 0.4375 0.00703125 0.011111111111111112
8 0.35234375 0.4513888888888889 0.00625 0.011111111111111112
2 0.397265625 0.4930555555555556 0.01484375 0.016666666666666666
2 0.373828125 0.48819444444444443 0.02265625 0.018055555555555554
2 0.484375 0.49444444444444446 0.0078125 0.013888888888888888
2 0.1265625 0.5020833333333333 0.025 0.05694444444444444
2 0.160546875 0.49930555555555556 0.05703125 0.059722222222222225
2 0.21796875 0.4979166666666667 0.01875 0.034722222222222224
2 0.296875 0.4965277777777778 0.0390625 0.043055555555555555
2 0.331640625 0.4930555555555556 0.03046875 0.041666666666666664
2 0.2515625 0.49375 0.05 0.05694444444444444
2 0.440234375 0.4888888888888889 0.01640625 0.022222222222222223
2 0.057421875 0.5083333333333333 0.11484375 0.11666666666666667
2 0.49765625 0.4875 0.0171875 0.025
2 0.50859375 0.4909722222222222 0.0078125 0.018055555555555554
2 0.518359375 0.4875 0.01484375 0.027777777777777776
2 0.530078125 0.48541666666666666 0.01328125 0.03194444444444444
2 0.54765625 0.48194444444444445 0.025 0.05277777777777778
2 0.559765625 0.49236111111111114 0.02421875 0.04583333333333333
2 0.578515625 0.49166666666666664 0.03046875 0.058333333333333334
2 0.61328125 0.49375 0.05625 0.07916666666666666
2 0.620703125 0.50625 0.04296875 0.0763888888888889
2 0.68046875 0.5055555555555555 0.090625 0.125
2 0.769921875 0.5201388888888889 0.15703125 0.1736111111111111
2 0.908203125 0.5611111111111111 0.18203125 0.3
8 0.404296875 0.4548611111111111 0.00546875 0.0125
