9 0.383203125 0.15138888888888888 0.02890625 0.05
9 0.476953125 0.23055555555555557 0.06640625 0.03333333333333333
8 0.446484375 0.16458333333333333 0.02421875 0.08472222222222223
8 0.58515625 0.35625 0.0171875 0.0763888888888889
8 0.590234375 0.4354166666666667 0.01953125 0.0375
8 0.265234375 0.4965277777777778 0.00859375 0.018055555555555554
9 0.5984375 0.40347222222222223 0.034375 0.018055555555555554
9 0.719140625 0.3347222222222222 0.06640625 0.027777777777777776
9 0.71875 0.37430555555555556 0.03125 0.05416666666666667
9 0.676171875 0.4486111111111111 0.01328125 0.025
9 0.2671875 0.46041666666666664 0.0171875 0.02638888888888889
9 0.55078125 0.45555555555555555 0.028125 0.03611111111111111
2 0.444140625 0.5229166666666667 0.01328125 0.02361111111111111
2 0.4328125 0.5291666666666667 0.0171875 0.030555555555555555
2 0.4015625 0.5256944444444445 0.0140625 0.034722222222222224
2 0.39140625 0.5138888888888888 0.009375 0.016666666666666666
2 0.38046875 0.5152777777777777 0.01875 0.011111111111111112
2 0.38515625 0.5395833333333333 0.0296875 0.04027777777777778
2 0.366796875 0.5354166666666667 0.01484375 0.029166666666666667
2 0.307421875 0.5340277777777778 0.01796875 0.029166666666666667
2 0.3390625 0.5416666666666666 0.053125 0.06388888888888888
2 0.200390625 0.5472222222222223 0.03671875 0.03888888888888889
2 0.258203125 0.5652777777777778 0.11484375 0.12222222222222222
2 0.615625 0.5145833333333333 0.0109375 0.02361111111111111
2 0.60625 0.5104166666666666 0.0140625 0.02361111111111111
2 0.59296875 0.5194444444444445 0.0234375 0.05277777777777778
2 0.562890625 0.5201388888888889 0.01171875 0.0125
2 0.5375 0.5298611111111111 0.028125 0.04027777777777778
2 0.521484375 0.5326388888888889 0.03671875 0.034722222222222224
2 0.6390625 0.5326388888888889 0.046875 0.07083333333333333
2 0.945703125 0.5729166666666666 0.10546875 0.2152777777777778
1 0.415234375 0.5395833333333333 0.02421875 0.09861111111111111
2 0.106640625 0.6256944444444444 0.21328125 0.2791666666666667
