2 0.512109375 0.49236111111111114 0.01328125 0.02638888888888889
2 0.53359375 0.5006944444444444 0.0234375 0.029166666666666667
2 0.609765625 0.5083333333333333 0.01171875 0.027777777777777776
2 0.625 0.5104166666666666 0.0234375 0.03194444444444444
2 0.645703125 0.5194444444444445 0.02734375 0.03611111111111111
2 0.666796875 0.5215277777777778 0.02421875 0.04027777777777778
2 0.694921875 0.5222222222222223 0.04453125 0.05555555555555555
2 0.7078125 0.5291666666666667 0.0359375 0.05555555555555555
2 0.7578125 0.525 0.08125 0.09166666666666666
2 0.577734375 0.5326388888888889 0.07265625 0.09861111111111111
2 0.487109375 0.5104166666666666 0.04453125 0.0625
2 0.319921875 0.5166666666666667 0.07265625 0.08611111111111111
2 0.278125 0.5354166666666667 0.096875 0.0763888888888889
2 0.950390625 0.5673611111111111 0.09609375 0.1763888888888889
2 0.3359375 0.4951388888888889 0.065625 0.0875
