2 0.169921875 0.3888888888888889 0.01484375 0.022222222222222223
2 0.334765625 0.39861111111111114 0.05546875 0.07222222222222222
2 0.11484375 0.39861111111111114 0.03125 0.041666666666666664
2 0.05546875 0.41944444444444445 0.0359375 0.041666666666666664
2 0.01953125 0.4263888888888889 0.028125 0.03611111111111111
2 0.00546875 0.4340277777777778 0.0078125 0.02638888888888889
2 0.093359375 0.40625 0.01328125 0.020833333333333332
2 0.240234375 0.3798611111111111 0.01171875 0.0125
2 0.259375 0.38125 0.0109375 0.034722222222222224
2 0.269140625 0.38472222222222224 0.01328125 0.044444444444444446
2 0.28046875 0.38472222222222224 0.0171875 0.041666666666666664
2 0.29375 0.3888888888888889 0.0203125 0.06388888888888888
2 0.306640625 0.38958333333333334 0.02578125 0.059722222222222225
9 0.85 0.041666666666666664 0.0328125 0.07222222222222222
