2 0.05234375 0.5472222222222223 0.1046875 0.20833333333333334
2 0.121484375 0.525 0.14140625 0.17222222222222222
2 0.196875 0.5361111111111111 0.0828125 0.08333333333333333
2 0.223828125 0.49583333333333335 0.12890625 0.1388888888888889
2 0.321875 0.49583333333333335 0.0296875 0.07222222222222222
2 0.340234375 0.4861111111111111 0.01796875 0.058333333333333334
2 0.369921875 0.4826388888888889 0.04921875 0.05138888888888889
2 0.387109375 0.4673611111111111 0.07109375 0.06805555555555555
2 0.76484375 0.44722222222222224 0.121875 0.09166666666666666
2 0.680859375 0.4708333333333333 0.05078125 0.058333333333333334
2 0.4765625 0.48125 0.053125 0.07361111111111111
2 0.58203125 0.4861111111111111 0.071875 0.12777777777777777
2 0.554296875 0.48819444444444443 0.02734375 0.0625
2 0.533203125 0.46597222222222223 0.01171875 0.02638888888888889
9 0.5578125 0.3861111111111111 0.0296875 0.041666666666666664
9 0.485546875 0.40555555555555556 0.01328125 0.013888888888888888
8 0.516796875 0.4361111111111111 0.01171875 0.022222222222222223
2 0.509765625 0.48333333333333334 0.01015625 0.022222222222222223
2 0.5203125 0.47847222222222224 0.0109375 0.018055555555555554
2 0.644921875 0.45625 0.02109375 0.029166666666666667
9 0.715234375 0.2826388888888889 0.04296875 0.07916666666666666
9 0.637109375 0.33958333333333335 0.04609375 0.05416666666666667
9 0.68515625 0.33611111111111114 0.053125 0.05
9 0.7453125 0.3263888888888889 0.0640625 0.06388888888888888
9 0.71875 0.37569444444444444 0.015625 0.03194444444444444
