2 0.352734375 0.5402777777777777 0.05859375 0.05277777777777778
9 0.044921875 0.4409722222222222 0.02734375 0.07083333333333333
9 0.46875 0.38819444444444445 0.0109375 0.02361111111111111
9 0.44765625 0.47847222222222224 0.0359375 0.03194444444444444
9 0.448828125 0.5138888888888888 0.03359375 0.027777777777777776
9 0.63203125 0.43819444444444444 0.021875 0.0375
9 0.61875 0.4618055555555556 0.0171875 0.043055555555555555
9 0.634375 0.4708333333333333 0.0125 0.025
9 0.681640625 0.44513888888888886 0.02734375 0.05416666666666667
9 0.7203125 0.26805555555555555 0.0421875 0.1
9 0.723828125 0.33958333333333335 0.03671875 0.034722222222222224
9 0.726953125 0.36875 0.03671875 0.018055555555555554
2 0.559765625 0.5423611111111111 0.03828125 0.059722222222222225
2 0.522265625 0.5361111111111111 0.02890625 0.03888888888888889
2 0.587109375 0.5354166666666667 0.02578125 0.03194444444444444
2 0.611328125 0.5256944444444445 0.01953125 0.05138888888888889
2 0.5859375 0.5020833333333333 0.0125 0.02361111111111111
2 0.58125 0.4708333333333333 0.015625 0.022222222222222223
8 0.808203125 0.23402777777777778 0.03515625 0.0375
2 0.59921875 0.47152777777777777 0.0109375 0.020833333333333332
8 0.57890625 0.4236111111111111 0.0109375 0.011111111111111112
8 0.606640625 0.41805555555555557 0.01015625 0.022222222222222223
