2 0.73203125 0.4236111111111111 0.1875 0.2111111111111111
2 0.63515625 0.4048611111111111 0.0921875 0.13194444444444445
2 0.059375 0.3854166666666667 0.11875 0.15138888888888888
2 0.11796875 0.4076388888888889 0.190625 0.1875
2 0.21484375 0.36527777777777776 0.065625 0.08055555555555556
2 0.25 0.37569444444444444 0.05 0.04861111111111111
2 0.276953125 0.36319444444444443 0.04140625 0.059722222222222225
2 0.31015625 0.36736111111111114 0.025 0.05138888888888889
2 0.415625 0.4041666666666667 0.1203125 0.16944444444444445
2 0.587890625 0.3993055555555556 0.05390625 0.09305555555555556
2 0.5609375 0.39166666666666666 0.0453125 0.06944444444444445
2 0.54140625 0.37916666666666665 0.0390625 0.075
2 0.521484375 0.37569444444444444 0.01953125 0.05138888888888889
2 0.5078125 0.37222222222222223 0.0109375 0.044444444444444446
2 0.498828125 0.3715277777777778 0.01015625 0.043055555555555555
2 0.476171875 0.3576388888888889 0.01484375 0.02361111111111111
8 0.45625 0.2659722222222222 0.00625 0.020833333333333332
8 0.4625 0.2673611111111111 0.00625 0.020833333333333332
9 0.4859375 0.26944444444444443 0.0359375 0.016666666666666666
8 0.282421875 0.29097222222222224 0.01015625 0.02361111111111111
8 0.274609375 0.3125 0.01015625 0.008333333333333333
3 0.398828125 0.32083333333333336 0.06328125 0.11944444444444445
8 0.36484375 0.35694444444444445 0.021875 0.025
2 0.530859375 0.3215277777777778 0.01171875 0.02361111111111111
