9 0.475 0.27847222222222223 0.04375 0.020833333333333332
9 0.67421875 0.3145833333333333 0.0078125 0.020833333333333332
9 0.605859375 0.3472222222222222 0.01796875 0.011111111111111112
9 0.8859375 0.07152777777777777 0.03125 0.059722222222222225
9 0.880859375 0.1326388888888889 0.03671875 0.06527777777777778
9 0.915625 0.2569444444444444 0.0390625 0.075
8 0.29609375 0.24722222222222223 0.0171875 0.06666666666666667
8 0.41015625 0.2833333333333333 0.0125 0.03888888888888889
8 0.563671875 0.28680555555555554 0.01015625 0.043055555555555555
8 0.576171875 0.2833333333333333 0.01015625 0.03888888888888889
8 0.62890625 0.34097222222222223 0.00625 0.02361111111111111
8 0.8515625 0.21944444444444444 0.015625 0.05555555555555555
8 0.476171875 0.35694444444444445 0.00546875 0.019444444444444445
8 0.483203125 0.3590277777777778 0.00546875 0.018055555555555554
8 0.5703125 0.3597222222222222 0.0046875 0.016666666666666666
8 0.53828125 0.33819444444444446 0.0046875 0.018055555555555554
8 0.4296875 0.1909722222222222 0.0140625 0.05416666666666667
2 0.516015625 0.3840277777777778 0.01484375 0.020833333333333332
2 0.524609375 0.38958333333333334 0.02890625 0.02638888888888889
2 0.5578125 0.3888888888888889 0.015625 0.022222222222222223
2 0.569921875 0.3909722222222222 0.01796875 0.02638888888888889
2 0.580078125 0.4 0.02109375 0.030555555555555555
2 0.591015625 0.41388888888888886 0.03515625 0.05277777777777778
2 0.604296875 0.44513888888888886 0.04453125 0.07361111111111111
2 0.7359375 0.43125 0.0421875 0.06805555555555555
2 0.671484375 0.4486111111111111 0.10703125 0.125
2 0.8234375 0.44722222222222224 0.1 0.1
2 0.464453125 0.5354166666666667 0.18359375 0.2569444444444444
