2 0.436328125 0.4736111111111111 0.02109375 0.03611111111111111
2 0.4265625 0.4791666666666667 0.025 0.05
2 0.522265625 0.4861111111111111 0.01796875 0.022222222222222223
2 0.5421875 0.4930555555555556 0.0171875 0.03333333333333333
2 0.56328125 0.49444444444444446 0.03125 0.044444444444444446
2 0.6140625 0.5131944444444444 0.0515625 0.06527777777777778
2 0.666015625 0.5340277777777778 0.08046875 0.08472222222222223
2 0.732421875 0.5486111111111112 0.08671875 0.10555555555555556
2 0.89921875 0.6006944444444444 0.184375 0.1597222222222222
2 0.962109375 0.6395833333333333 0.07265625 0.12638888888888888
2 0.388671875 0.5041666666666667 0.06796875 0.1
2 0.284375 0.5798611111111112 0.1578125 0.17083333333333334
9 0.034375 0.25763888888888886 0.028125 0.07083333333333333
8 0.51875 0.4652777777777778 0.0140625 0.022222222222222223
