8 0.190625 0.018055555555555554 0.0265625 0.03611111111111111
8 0.484765625 0.49236111111111114 0.00859375 0.02638888888888889
2 0.325 0.5805555555555556 0.0625 0.06666666666666667
2 0.256640625 0.5958333333333333 0.07890625 0.1
2 0.165625 0.59375 0.0703125 0.07916666666666666
2 0.069140625 0.5847222222222223 0.13828125 0.3333333333333333
2 0.469921875 0.5743055555555555 0.03359375 0.04861111111111111
2 0.54375 0.5784722222222223 0.0703125 0.09861111111111111
2 0.498828125 0.5694444444444444 0.01953125 0.030555555555555555
2 0.5828125 0.5770833333333333 0.015625 0.05416666666666667
2 0.608203125 0.58125 0.04296875 0.0625
2 0.6625 0.5833333333333334 0.06875 0.09722222222222222
2 0.698828125 0.5923611111111111 0.07890625 0.09861111111111111
2 0.81484375 0.6034722222222222 0.19375 0.17083333333333334
