2 0.116796875 0.5277777777777778 0.04921875 0.08055555555555556
2 0.056640625 0.5527777777777778 0.11328125 0.14722222222222223
2 0.254296875 0.5041666666666667 0.04296875 0.041666666666666664
2 0.45078125 0.49722222222222223 0.0328125 0.04722222222222222
2 0.357421875 0.5034722222222222 0.01015625 0.04027777777777778
2 0.396484375 0.5027777777777778 0.07890625 0.12222222222222222
9 0.241796875 0.2263888888888889 0.20390625 0.15833333333333333
9 0.391015625 0.2076388888888889 0.08984375 0.13472222222222222
9 0.526171875 0.10972222222222222 0.10390625 0.041666666666666664
9 0.527734375 0.21180555555555555 0.15390625 0.17083333333333334
9 0.477734375 0.4513888888888889 0.01171875 0.013888888888888888
9 0.501953125 0.4465277777777778 0.01171875 0.015277777777777777
9 0.475390625 0.4625 0.02421875 0.022222222222222223
9 0.4984375 0.4618055555555556 0.01875 0.029166666666666667
9 0.487890625 0.5 0.00859375 0.013888888888888888
