2 0.10546875 0.5256944444444445 0.128125 0.1125
8 0.083984375 0.3277777777777778 0.03671875 0.06666666666666667
8 0.133984375 0.33958333333333335 0.01328125 0.059722222222222225
9 0.1140625 0.2798611111111111 0.0703125 0.0375
9 0.125 0.2375 0.0609375 0.058333333333333334
9 0.080078125 0.18263888888888888 0.06015625 0.03194444444444444
9 0.083984375 0.14583333333333334 0.04921875 0.030555555555555555
9 0.10234375 0.10555555555555556 0.025 0.05
8 0.4515625 0.14027777777777778 0.0203125 0.08333333333333333
8 0.47421875 0.14097222222222222 0.01875 0.07083333333333333
9 0.6796875 0.25416666666666665 0.0328125 0.04722222222222222
9 0.683203125 0.3527777777777778 0.02734375 0.019444444444444445
9 0.695703125 0.3388888888888889 0.02109375 0.019444444444444445
2 0.358984375 0.5805555555555556 0.30234375 0.46111111111111114
2 0.512109375 0.5027777777777778 0.03671875 0.06388888888888888
2 0.545703125 0.4888888888888889 0.01484375 0.027777777777777776
2 0.558984375 0.4951388888888889 0.02265625 0.03194444444444444
2 0.576171875 0.5006944444444444 0.02578125 0.0763888888888889
2 0.616015625 0.5020833333333333 0.06328125 0.09583333333333334
9 0.6234375 0.4201388888888889 0.0125 0.034722222222222224
8 0.931640625 0.25763888888888886 0.02890625 0.07083333333333333
8 0.9796875 0.24444444444444444 0.034375 0.07222222222222222
2 0.869921875 0.6145833333333334 0.25703125 0.4791666666666667
8 0.69140625 0.4 0.0109375 0.027777777777777776
8 0.703515625 0.40347222222222223 0.01796875 0.02638888888888889
8 0.56640625 0.18055555555555555 0.021875 0.08055555555555556
