2 0.19609375 0.43333333333333335 0.0375 0.03333333333333333
2 0.23203125 0.42569444444444443 0.0328125 0.02638888888888889
2 0.262109375 0.42986111111111114 0.02578125 0.029166666666666667
2 0.283203125 0.43194444444444446 0.01640625 0.025
2 0.310546875 0.4326388888888889 0.02265625 0.034722222222222224
2 0.328125 0.43472222222222223 0.015625 0.03611111111111111
2 0.35078125 0.43333333333333335 0.0234375 0.03333333333333333
2 0.374609375 0.4354166666666667 0.01484375 0.029166666666666667
2 0.423046875 0.43333333333333335 0.01484375 0.027777777777777776
2 0.548828125 0.4270833333333333 0.06015625 0.10694444444444444
2 0.517578125 0.4340277777777778 0.00859375 0.018055555555555554
2 0.5625 0.45416666666666666 0.059375 0.08333333333333333
2 0.4953125 0.43333333333333335 0.0203125 0.03333333333333333
