2 0.4734375 0.5826388888888889 0.0125 0.020833333333333332
2 0.541796875 0.5868055555555556 0.01953125 0.020833333333333332
2 0.562890625 0.5840277777777778 0.02890625 0.04027777777777778
2 0.584375 0.5888888888888889 0.021875 0.030555555555555555
2 0.60234375 0.5895833333333333 0.025 0.043055555555555555
2 0.623046875 0.6 0.02578125 0.03333333333333333
2 0.65859375 0.58125 0.0328125 0.03194444444444444
2 0.518359375 0.5902777777777778 0.02890625 0.03333333333333333
2 0.441796875 0.5868055555555556 0.01484375 0.018055555555555554
9 0.451171875 0.54375 0.00703125 0.02638888888888889
