2 0.322265625 0.48541666666666666 0.12109375 0.0763888888888889
8 0.39609375 0.34375 0.0109375 0.0375
8 0.4078125 0.3416666666666667 0.0125 0.04722222222222222
8 0.20390625 0.3993055555555556 0.0125 0.020833333333333332
9 0.561328125 0.3659722222222222 0.02421875 0.015277777777777777
2 0.6515625 0.4576388888888889 0.078125 0.07361111111111111
3 0.741015625 0.44305555555555554 0.11171875 0.09444444444444444
2 0.8109375 0.45 0.1125 0.075
2 0.98671875 0.42569444444444443 0.0203125 0.05416666666666667
2 0.92265625 0.46111111111111114 0.1390625 0.125
2 0.52734375 0.5888888888888889 0.2765625 0.41388888888888886
8 0.1546875 0.2763888888888889 0.0171875 0.06111111111111111
8 0.154296875 0.36666666666666664 0.01171875 0.030555555555555555
8 0.55546875 0.3263888888888889 0.00625 0.03888888888888889
8 0.569140625 0.3236111111111111 0.01015625 0.03333333333333333
8 0.01328125 0.2847222222222222 0.0265625 0.05555555555555555
8 0.01640625 0.3506944444444444 0.0328125 0.05138888888888889
2 0.157421875 0.6326388888888889 0.31484375 0.3902777777777778
9 0.214453125 0.26180555555555557 0.00703125 0.08194444444444444
