2 0.76953125 0.32569444444444445 0.175 0.15416666666666667
2 0.61796875 0.3659722222222222 0.1421875 0.12916666666666668
2 0.86015625 0.2847222222222222 0.0375 0.03888888888888889
2 0.22578125 0.4527777777777778 0.065625 0.08055555555555556
2 0.1828125 0.46041666666666664 0.03125 0.04583333333333333
2 0.160546875 0.45902777777777776 0.02734375 0.04861111111111111
2 0.118359375 0.4652777777777778 0.03671875 0.06666666666666667
2 0.143359375 0.45555555555555555 0.01484375 0.03611111111111111
3 0.119921875 0.425 0.03359375 0.019444444444444445
2 0.066796875 0.46111111111111114 0.01796875 0.019444444444444445
2 0.08125 0.4638888888888889 0.0109375 0.019444444444444445
2 0.0890625 0.46111111111111114 0.0140625 0.019444444444444445
9 0.28359375 0.31875 0.0203125 0.02361111111111111
9 0.287890625 0.3548611111111111 0.02109375 0.0375
