2 0.0609375 0.6423611111111112 0.071875 0.0763888888888889
2 0.247265625 0.6569444444444444 0.17109375 0.18888888888888888
2 0.48515625 0.6173611111111111 0.046875 0.05416666666666667
2 0.437890625 0.6159722222222223 0.04765625 0.0625
2 0.380859375 0.6104166666666667 0.04140625 0.04861111111111111
2 0.1203125 0.6298611111111111 0.0484375 0.0625
2 0.159765625 0.6298611111111111 0.03046875 0.04861111111111111
2 0.34921875 0.6097222222222223 0.0203125 0.03333333333333333
2 0.3203125 0.6145833333333334 0.01875 0.04861111111111111
9 0.59140625 0.49444444444444446 0.025 0.06388888888888888
9 0.478515625 0.5229166666666667 0.01171875 0.018055555555555554
9 0.46171875 0.54375 0.0078125 0.020833333333333332
9 0.4421875 0.5236111111111111 0.0078125 0.022222222222222223
9 0.4359375 0.5451388888888888 0.00625 0.018055555555555554
9 0.41171875 0.5451388888888888 0.0078125 0.018055555555555554
9 0.399609375 0.5236111111111111 0.00703125 0.019444444444444445
8 0.43359375 0.5708333333333333 0.0078125 0.013888888888888888
8 0.44765625 0.5708333333333333 0.003125 0.016666666666666666
9 0.47734375 0.5694444444444444 0.0078125 0.016666666666666666
