8 0.147265625 0.10972222222222222 0.01171875 0.058333333333333334
8 0.468359375 0.20069444444444445 0.01015625 0.02361111111111111
8 0.171875 0.11180555555555556 0.0140625 0.05138888888888889
8 0.47734375 0.20069444444444445 0.00625 0.02361111111111111
2 0.378125 0.3284722222222222 0.0109375 0.006944444444444444
2 0.34375 0.33055555555555555 0.015625 0.011111111111111112
2 0.36953125 0.33958333333333335 0.015625 0.018055555555555554
2 0.355078125 0.34375 0.01953125 0.020833333333333332
2 0.3296875 0.3451388888888889 0.0125 0.02361111111111111
2 0.341796875 0.35694444444444445 0.02421875 0.03333333333333333
2 0.359765625 0.3770833333333333 0.03515625 0.0625
2 0.3125 0.34652777777777777 0.0265625 0.03194444444444444
2 0.2984375 0.3506944444444444 0.01875 0.018055555555555554
2 0.2828125 0.36875 0.028125 0.05138888888888889
2 0.269921875 0.38055555555555554 0.03359375 0.05277777777777778
2 0.25 0.3875 0.0546875 0.06111111111111111
2 0.234765625 0.3819444444444444 0.01953125 0.075
2 0.92734375 0.43472222222222223 0.071875 0.08055555555555556
2 0.445703125 0.4340277777777778 0.17109375 0.30416666666666664
2 0.694140625 0.5 0.46953125 0.4305555555555556
2 0.9546875 0.5388888888888889 0.0859375 0.3333333333333333
2 0.309375 0.3840277777777778 0.0375 0.05416666666666667
