2 0.43671875 0.5284722222222222 0.0328125 0.04027777777777778
2 0.41015625 0.5347222222222222 0.0359375 0.04722222222222222
2 0.3734375 0.5361111111111111 0.0421875 0.06388888888888888
2 0.282421875 0.5368055555555555 0.03515625 0.06527777777777778
2 0.112890625 0.47847222222222224 0.11171875 0.0375
2 0.31875 0.5354166666666667 0.0828125 0.09027777777777778
2 0.582421875 0.5152777777777777 0.01171875 0.022222222222222223
2 0.619140625 0.5270833333333333 0.06796875 0.10694444444444444
2 0.75078125 0.5548611111111111 0.196875 0.21805555555555556
2 0.51875 0.55 0.121875 0.18611111111111112
2 0.109765625 0.5756944444444444 0.21953125 0.2013888888888889
8 0.196484375 0.18263888888888888 0.06484375 0.10972222222222222
8 0.2703125 0.175 0.0609375 0.10833333333333334
8 0.858984375 0.34444444444444444 0.02578125 0.04722222222222222
8 0.893359375 0.33611111111111114 0.02890625 0.04722222222222222
8 0.419140625 0.38958333333333334 0.02421875 0.04027777777777778
8 0.393359375 0.3909722222222222 0.02421875 0.043055555555555555
8 0.301953125 0.20416666666666666 0.04765625 0.09722222222222222
8 0.22578125 0.21180555555555555 0.0390625 0.09027777777777778
8 0.845703125 0.34791666666666665 0.00859375 0.0375
8 0.884375 0.35138888888888886 0.01875 0.03611111111111111
9 0.40859375 0.4326388888888889 0.0203125 0.03194444444444444
9 0.2546875 0.30416666666666664 0.0453125 0.07777777777777778
8 0.093359375 0.4076388888888889 0.02265625 0.034722222222222224
8 0.069921875 0.4111111111111111 0.02265625 0.041666666666666664
9 0.133203125 0.43472222222222223 0.02109375 0.05555555555555555
9 0.360546875 0.3472222222222222 0.00703125 0.011111111111111112
9 0.3078125 0.48333333333333334 0.0125 0.019444444444444445
9 0.641796875 0.425 0.01796875 0.05555555555555555
9 0.239453125 0.043055555555555555 0.09453125 0.08333333333333333
9 0.87109375 0.27291666666666664 0.046875 0.05694444444444444
9 0.089453125 0.3548611111111111 0.02734375 0.04861111111111111
9 0.406640625 0.3263888888888889 0.03515625 0.05
