2 0.86015625 0.3680555555555556 0.071875 0.08333333333333333
2 0.405078125 0.3597222222222222 0.04921875 0.07777777777777778
2 0.325 0.3770833333333333 0.09375 0.06805555555555555
2 0.196484375 0.3854166666666667 0.21640625 0.13472222222222222
2 0.58515625 0.43680555555555556 0.35 0.5208333333333334
8 0.6046875 0.16875 0.0140625 0.02361111111111111
8 0.519921875 0.16319444444444445 0.01640625 0.0375
8 0.77578125 0.11458333333333333 0.0171875 0.059722222222222225
2 0.09375 0.4173611111111111 0.1875 0.23194444444444445
2 0.933984375 0.3798611111111111 0.12734375 0.10694444444444444
2 0.946484375 0.4673611111111111 0.10390625 0.19583333333333333
9 0.955078125 0.24305555555555555 0.04140625 0.06944444444444445
9 0.965234375 0.18819444444444444 0.02890625 0.029166666666666667
9 0.957421875 0.14444444444444443 0.04921875 0.03611111111111111
9 0.91796875 0.11597222222222223 0.04375 0.05138888888888889
8 0.18359375 0.21180555555555555 0.01875 0.04583333333333333
9 0.306640625 0.2048611111111111 0.01796875 0.03194444444444444
9 0.1703125 0.2791666666666667 0.015625 0.027777777777777776
9 0.430078125 0.2881944444444444 0.01015625 0.020833333333333332
9 0.981640625 0.09652777777777778 0.03359375 0.02361111111111111
