2 0.89375 0.6909722222222222 0.2109375 0.24583333333333332
2 0.581640625 0.6388888888888888 0.08671875 0.09722222222222222
2 0.5296875 0.6375 0.0375 0.075
2 0.50078125 0.6375 0.0453125 0.05555555555555555
2 0.07265625 0.7006944444444444 0.084375 0.08472222222222223
2 0.246875 0.6708333333333333 0.03125 0.044444444444444446
2 0.30859375 0.6576388888888889 0.053125 0.04583333333333333
2 0.11953125 0.6909722222222222 0.04375 0.04583333333333333
2 0.1515625 0.6861111111111111 0.034375 0.041666666666666664
2 0.18359375 0.675 0.046875 0.03333333333333333
