2 0.36328125 0.46597222222222223 0.01875 0.03194444444444444
2 0.346875 0.4652777777777778 0.0296875 0.05555555555555555
2 0.3296875 0.48333333333333334 0.0328125 0.058333333333333334
2 0.3140625 0.4909722222222222 0.0265625 0.0763888888888889
2 0.2765625 0.48055555555555557 0.0796875 0.11944444444444445
2 0.2265625 0.5138888888888888 0.1265625 0.1361111111111111
2 0.414453125 0.4625 0.01171875 0.027777777777777776
2 0.430859375 0.4638888888888889 0.02265625 0.044444444444444446
2 0.441015625 0.4701388888888889 0.02421875 0.05138888888888889
2 0.45703125 0.47638888888888886 0.0234375 0.06388888888888888
2 0.487890625 0.47708333333333336 0.05390625 0.07916666666666666
2 0.523046875 0.49722222222222223 0.04921875 0.1111111111111111
2 0.3921875 0.4777777777777778 0.040625 0.05555555555555555
2 0.60234375 0.4979166666666667 0.1484375 0.1763888888888889
2 0.094921875 0.5798611111111112 0.18984375 0.31527777777777777
9 0.81171875 0.2048611111111111 0.03125 0.07361111111111111
2 0.922265625 0.6180555555555556 0.15234375 0.3138888888888889
