2 0.055078125 0.4236111111111111 0.10859375 0.13333333333333333
2 0.967578125 0.6715277777777777 0.06328125 0.24583333333333332
2 0.840625 0.5298611111111111 0.3171875 0.29583333333333334
2 0.1328125 0.41388888888888886 0.090625 0.1
2 0.191015625 0.4027777777777778 0.05546875 0.07777777777777778
2 0.2328125 0.3993055555555556 0.040625 0.06527777777777778
2 0.25390625 0.39444444444444443 0.028125 0.05555555555555555
2 0.269921875 0.38472222222222224 0.02578125 0.05555555555555555
2 0.28828125 0.3909722222222222 0.0109375 0.04861111111111111
2 0.29765625 0.38819444444444445 0.0125 0.04861111111111111
2 0.6296875 0.4444444444444444 0.1078125 0.15
2 0.559765625 0.4166666666666667 0.09453125 0.08611111111111111
2 0.51953125 0.41041666666666665 0.065625 0.06805555555555555
4 0.429296875 0.34444444444444444 0.07890625 0.17222222222222222
9 0.4859375 0.275 0.028125 0.019444444444444445
8 0.490234375 0.3173611111111111 0.00703125 0.020833333333333332
2 0.359375 0.36875 0.0171875 0.020833333333333332
2 0.328125 0.3875 0.05625 0.08333333333333333
