3 0.8 0.3013888888888889 0.3984375 0.6027777777777777
2 0.5953125 0.41944444444444445 0.040625 0.09444444444444444
2 0.290234375 0.41944444444444445 0.05859375 0.06111111111111111
2 0.4984375 0.40555555555555556 0.0265625 0.03333333333333333
2 0.476953125 0.4 0.01328125 0.013888888888888888
2 0.43828125 0.4083333333333333 0.0421875 0.022222222222222223
9 0.41171875 0.31875 0.025 0.043055555555555555
9 0.412890625 0.28402777777777777 0.02265625 0.020833333333333332
9 0.394140625 0.25833333333333336 0.01796875 0.022222222222222223
9 0.58359375 0.3638888888888889 0.0125 0.025
9 0.48046875 0.35694444444444445 0.01875 0.03333333333333333
9 0.13046875 0.24722222222222223 0.01875 0.016666666666666666
9 0.125 0.26319444444444445 0.0296875 0.0125
8 0.1296875 0.19375 0.0171875 0.05138888888888889
