9 0.181640625 0.18819444444444444 0.02890625 0.009722222222222222
9 0.098828125 0.21875 0.02578125 0.04583333333333333
9 0.118359375 0.06805555555555555 0.02265625 0.03611111111111111
9 0.08046875 0.07430555555555556 0.0640625 0.10416666666666667
9 0.542578125 0.09513888888888888 0.03984375 0.02361111111111111
8 0.076953125 0.1625 0.02890625 0.06111111111111111
8 0.75703125 0.19930555555555557 0.015625 0.029166666666666667
8 0.180078125 0.2375 0.02265625 0.027777777777777776
8 0.501953125 0.07083333333333333 0.00703125 0.041666666666666664
2 0.027734375 0.3333333333333333 0.05546875 0.08611111111111111
2 0.0953125 0.34444444444444444 0.096875 0.09444444444444444
2 0.17421875 0.3326388888888889 0.071875 0.07361111111111111
2 0.64921875 0.29097222222222224 0.0453125 0.07361111111111111
2 0.683203125 0.27708333333333335 0.06171875 0.04027777777777778
2 0.830078125 0.38055555555555554 0.33515625 0.35833333333333334
3 0.50546875 0.3645833333333333 0.25625 0.3819444444444444
9 0.816796875 0.10972222222222222 0.04296875 0.03611111111111111
9 0.817578125 0.05486111111111111 0.03828125 0.08472222222222223
8 0.91796875 0.1125 0.0390625 0.058333333333333334
8 0.084765625 0.011111111111111112 0.04921875 0.019444444444444445
