2 0.312890625 0.6236111111111111 0.03984375 0.06388888888888888
2 0.283203125 0.6333333333333333 0.04609375 0.06666666666666667
2 0.373828125 0.6111111111111112 0.01953125 0.027777777777777776
2 0.423828125 0.6 0.02109375 0.027777777777777776
2 0.417578125 0.6083333333333333 0.02109375 0.030555555555555555
2 0.475 0.6006944444444444 0.021875 0.0375
2 0.3953125 0.6118055555555556 0.03125 0.04583333333333333
3 0.44453125 0.5951388888888889 0.0125 0.02638888888888889
2 0.591015625 0.5951388888888889 0.03359375 0.05416666666666667
2 0.631640625 0.6118055555555556 0.08046875 0.09861111111111111
2 0.169140625 0.6986111111111111 0.23828125 0.26944444444444443
2 0.540234375 0.6347222222222222 0.10078125 0.15
8 0.548046875 0.2861111111111111 0.02578125 0.07777777777777778
8 0.716015625 0.44166666666666665 0.01328125 0.06388888888888888
8 0.1765625 0.46319444444444446 0.01875 0.05138888888888889
9 0.71171875 0.4888888888888889 0.0375 0.030555555555555555
