8 0.115234375 0.4076388888888889 0.00703125 0.020833333333333332
8 0.1078125 0.4076388888888889 0.00625 0.020833333333333332
9 0.660546875 0.4666666666666667 0.01171875 0.013888888888888888
9 0.6578125 0.42777777777777776 0.0125 0.008333333333333333
2 0.6359375 0.5131944444444444 0.0359375 0.04583333333333333
2 0.65859375 0.5194444444444445 0.03125 0.041666666666666664
2 0.67578125 0.5180555555555556 0.0234375 0.04722222222222222
2 0.694921875 0.5201388888888889 0.03203125 0.05416666666666667
2 0.940234375 0.5361111111111111 0.11640625 0.1527777777777778
2 0.801171875 0.5208333333333334 0.18828125 0.20555555555555555
2 0.5484375 0.5020833333333333 0.0078125 0.02361111111111111
2 0.557421875 0.5034722222222222 0.01171875 0.018055555555555554
2 0.57421875 0.5083333333333333 0.0140625 0.027777777777777776
2 0.5375 0.50625 0.0203125 0.02638888888888889
3 0.506640625 0.48541666666666666 0.02734375 0.06527777777777778
2 0.47421875 0.5069444444444444 0.0375 0.058333333333333334
2 0.447265625 0.5006944444444444 0.02265625 0.04027777777777778
2 0.40703125 0.48541666666666666 0.0546875 0.06805555555555555
2 0.390625 0.5006944444444444 0.053125 0.08194444444444444
2 0.338671875 0.5076388888888889 0.08984375 0.12361111111111112
2 0.291015625 0.5097222222222222 0.14296875 0.15
2 0.222265625 0.5159722222222223 0.18828125 0.1875
2 0.184765625 0.5354166666666667 0.16328125 0.20694444444444443
2 0.108203125 0.5465277777777777 0.21640625 0.32916666666666666
