2 0.462109375 0.6361111111111111 0.01953125 0.030555555555555555
2 0.44296875 0.6291666666666667 0.01875 0.030555555555555555
2 0.43125 0.6347222222222222 0.0171875 0.03333333333333333
2 0.4234375 0.6395833333333333 0.0171875 0.0375
2 0.33671875 0.6513888888888889 0.0484375 0.075
2 0.3 0.6611111111111111 0.0515625 0.08888888888888889
2 0.2390625 0.6618055555555555 0.0796875 0.12916666666666668
2 0.40625 0.6388888888888888 0.0328125 0.044444444444444446
2 0.49609375 0.6666666666666666 0.075 0.1111111111111111
3 0.103515625 0.6618055555555555 0.20703125 0.20416666666666666
