8 0.4625 0.44027777777777777 0.009375 0.016666666666666666
8 0.504296875 0.4486111111111111 0.01015625 0.016666666666666666
8 0.5328125 0.49583333333333335 0.009375 0.016666666666666666
9 0.637890625 0.4131944444444444 0.02578125 0.020833333333333332
9 0.65234375 0.3902777777777778 0.0234375 0.016666666666666666
9 0.681640625 0.4652777777777778 0.01171875 0.025
2 0.456640625 0.5076388888888889 0.01640625 0.018055555555555554
2 0.44140625 0.5097222222222222 0.0140625 0.027777777777777776
2 0.430859375 0.5090277777777777 0.01640625 0.0375
2 0.4203125 0.5180555555555556 0.01875 0.04722222222222222
2 0.544921875 0.5277777777777778 0.02421875 0.025
2 0.55546875 0.5340277777777778 0.03125 0.020833333333333332
2 0.57265625 0.5638888888888889 0.0515625 0.06388888888888888
2 0.512890625 0.5020833333333333 0.01171875 0.020833333333333332
2 0.523828125 0.5069444444444444 0.00859375 0.025
3 0.4921875 0.48541666666666666 0.0328125 0.04583333333333333
2 0.379296875 0.5333333333333333 0.05390625 0.06666666666666667
2 0.495703125 0.6222222222222222 0.14140625 0.2222222222222222
2 0.871484375 0.76875 0.25390625 0.37916666666666665
2 0.40859375 0.5291666666666667 0.0140625 0.041666666666666664
9 0.119140625 0.3958333333333333 0.03203125 0.022222222222222223
9 0.114453125 0.43333333333333335 0.01953125 0.03888888888888889
