9 0.408984375 0.45555555555555555 0.01640625 0.027777777777777776
9 0.753125 0.30972222222222223 0.0328125 0.06944444444444445
9 0.782421875 0.31805555555555554 0.02265625 0.058333333333333334
9 0.816015625 0.2652777777777778 0.02734375 0.058333333333333334
8 0.252734375 0.4465277777777778 0.00703125 0.02638888888888889
8 0.321875 0.4111111111111111 0.009375 0.03333333333333333
2 0.1484375 0.5243055555555556 0.0203125 0.029166666666666667
2 0.12421875 0.5201388888888889 0.034375 0.043055555555555555
2 0.06875 0.5256944444444445 0.040625 0.04583333333333333
2 0.046484375 0.5340277777777778 0.02578125 0.04861111111111111
2 0.018359375 0.5347222222222222 0.03515625 0.06388888888888888
2 0.284375 0.5111111111111111 0.0140625 0.022222222222222223
2 0.831640625 0.5395833333333333 0.11015625 0.0875
2 0.598046875 0.5055555555555555 0.01796875 0.019444444444444445
2 0.615234375 0.5006944444444444 0.04609375 0.02361111111111111
2 0.6203125 0.5166666666666667 0.04375 0.041666666666666664
2 0.63359375 0.5284722222222222 0.0203125 0.0375
2 0.941015625 0.5395833333333333 0.11328125 0.12083333333333333
2 0.21015625 0.5395833333333333 0.08125 0.10138888888888889
2 0.31328125 0.5180555555555556 0.0140625 0.019444444444444445
