8 0.856640625 0.375 0.01328125 0.06388888888888888
9 0.187109375 0.3763888888888889 0.02421875 0.019444444444444445
9 0.18046875 0.23958333333333334 0.0125 0.09027777777777778
9 0.176171875 0.31875 0.01328125 0.0625
9 0.146484375 0.39444444444444443 0.02265625 0.044444444444444446
9 0.144140625 0.44027777777777777 0.01953125 0.03611111111111111
9 0.622265625 0.48125 0.02265625 0.018055555555555554
9 0.621875 0.5055555555555555 0.015625 0.025
2 0.381640625 0.5743055555555555 0.06640625 0.09027777777777778
2 0.587890625 0.5847222222222223 0.03671875 0.05555555555555555
2 0.535546875 0.5736111111111111 0.02421875 0.03333333333333333
2 0.501171875 0.575 0.02265625 0.027777777777777776
3 0.425390625 0.5527777777777778 0.06015625 0.10833333333333334
4 0.582421875 0.5631944444444444 0.04296875 0.07361111111111111
3 0.534765625 0.5520833333333334 0.02109375 0.018055555555555554
8 0.476171875 0.5319444444444444 0.00546875 0.019444444444444445
8 0.54296875 0.5361111111111111 0.003125 0.013888888888888888
