9 0.575 0.53125 0.0140625 0.02361111111111111
9 0.482421875 0.5270833333333333 0.01328125 0.009722222222222222
9 0.45234375 0.5388888888888889 0.00625 0.019444444444444445
8 0.67109375 0.4326388888888889 0.025 0.04861111111111111
8 0.63046875 0.43680555555555556 0.0140625 0.034722222222222224
2 0.914453125 0.6256944444444444 0.04609375 0.05694444444444444
2 0.84140625 0.6076388888888888 0.1015625 0.06805555555555555
2 0.72109375 0.6034722222222222 0.0390625 0.04861111111111111
2 0.604296875 0.5958333333333333 0.05703125 0.044444444444444446
2 0.566796875 0.5888888888888889 0.04453125 0.044444444444444446
2 0.390234375 0.5638888888888889 0.01328125 0.016666666666666666
8 0.42734375 0.5423611111111111 0.0078125 0.02638888888888889
8 0.4140625 0.5388888888888889 0.009375 0.022222222222222223
