8 0.4296875 0.3611111111111111 0.0078125 0.027777777777777776
8 0.54609375 0.3701388888888889 0.00625 0.02361111111111111
8 0.5390625 0.36666666666666664 0.0078125 0.030555555555555555
2 0.460546875 0.4395833333333333 0.03515625 0.08194444444444444
2 0.507421875 0.4736111111111111 0.08203125 0.12222222222222222
3 0.288671875 0.3972222222222222 0.07890625 0.07777777777777778
3 0.2203125 0.44930555555555557 0.0828125 0.08472222222222223
2 0.135546875 0.4895833333333333 0.15859375 0.13194444444444445
2 0.730078125 0.5076388888888889 0.03984375 0.10972222222222222
3 0.65390625 0.44722222222222224 0.1421875 0.18333333333333332
3 0.827734375 0.49444444444444446 0.18984375 0.23055555555555557
2 0.617578125 0.5423611111111111 0.18828125 0.2125
2 0.053125 0.4861111111111111 0.10625 0.2
2 0.3453125 0.5729166666666666 0.284375 0.3875
2 0.926171875 0.5868055555555556 0.14609375 0.1763888888888889
