8 0.0703125 0.4979166666666667 0.0078125 0.02361111111111111
8 0.215625 0.5236111111111111 0.0078125 0.025
9 0.6046875 0.5743055555555555 0.034375 0.02361111111111111
2 0.040234375 0.6305555555555555 0.03515625 0.03611111111111111
2 0.059375 0.6631944444444444 0.04375 0.08472222222222223
9 0.18359375 0.6569444444444444 0.025 0.05277777777777778
2 0.1953125 0.6625 0.0234375 0.06944444444444445
2 0.219140625 0.6625 0.04609375 0.1
4 0.337109375 0.6256944444444444 0.21171875 0.35694444444444445
2 0.021484375 0.6722222222222223 0.04296875 0.11944444444444445
2 0.110546875 0.6791666666666667 0.10546875 0.13333333333333333
8 0.07578125 0.49722222222222223 0.00625 0.022222222222222223
9 0.60703125 0.5076388888888889 0.021875 0.029166666666666667
9 0.6296875 0.4125 0.0625 0.09166666666666666
9 0.5109375 0.5236111111111111 0.0140625 0.025
