2 0.10234375 0.44930555555555557 0.0484375 0.04583333333333333
2 0.151953125 0.4423611111111111 0.01640625 0.02638888888888889
2 0.260546875 0.45208333333333334 0.01796875 0.029166666666666667
2 0.24453125 0.4548611111111111 0.0328125 0.05138888888888889
2 0.323046875 0.4513888888888889 0.03359375 0.058333333333333334
2 0.289453125 0.4513888888888889 0.03828125 0.041666666666666664
2 0.391796875 0.45694444444444443 0.03828125 0.06111111111111111
2 0.530859375 0.4618055555555556 0.01953125 0.029166666666666667
2 0.544140625 0.4666666666666667 0.01640625 0.04722222222222222
2 0.659375 0.46944444444444444 0.0234375 0.03333333333333333
2 0.614453125 0.4625 0.01640625 0.025
2 0.625390625 0.46111111111111114 0.01015625 0.013888888888888888
2 0.746484375 0.4895833333333333 0.05390625 0.04861111111111111
2 0.787109375 0.49236111111111114 0.06328125 0.05694444444444444
2 0.855078125 0.49930555555555556 0.09296875 0.07361111111111111
2 0.041015625 0.44930555555555557 0.08203125 0.12083333333333333
2 0.941796875 0.5145833333333333 0.11484375 0.08472222222222223
2 0.191796875 0.45902777777777776 0.09453125 0.0875
2 0.355859375 0.46597222222222223 0.06171875 0.07916666666666666
2 0.48515625 0.46875 0.0734375 0.1125
2 0.571484375 0.46875 0.06328125 0.09027777777777778
2 0.692578125 0.47708333333333336 0.02734375 0.034722222222222224
2 0.637890625 0.4708333333333333 0.02578125 0.03333333333333333
8 0.119140625 0.3111111111111111 0.00703125 0.030555555555555555
8 0.003125 0.32013888888888886 0.00625 0.02361111111111111
8 0.009765625 0.32222222222222224 0.00859375 0.027777777777777776
8 0.165625 0.39791666666666664 0.00625 0.02638888888888889
8 0.173046875 0.39791666666666664 0.00703125 0.02638888888888889
8 0.2890625 0.3229166666666667 0.0078125 0.02361111111111111
8 0.34609375 0.3145833333333333 0.0078125 0.034722222222222224
8 0.44453125 0.3645833333333333 0.0046875 0.02638888888888889
8 0.518359375 0.3541666666666667 0.00546875 0.022222222222222223
8 0.672265625 0.36944444444444446 0.00546875 0.022222222222222223
8 0.665234375 0.36944444444444446 0.00546875 0.022222222222222223
8 0.5984375 0.3875 0.0046875 0.022222222222222223
9 0.34609375 0.3590277777777778 0.0203125 0.043055555555555555
9 0.3453125 0.41041666666666665 0.0109375 0.020833333333333332
9 0.345703125 0.3875 0.00703125 0.011111111111111112
9 0.27734375 0.3645833333333333 0.0109375 0.0625
9 0.447265625 0.39375 0.00703125 0.009722222222222222
9 0.4453125 0.4083333333333333 0.0109375 0.011111111111111112
9 0.594921875 0.3597222222222222 0.01796875 0.011111111111111112
