3 0.06796875 0.4527777777777778 0.1359375 0.22777777777777777
2 0.147265625 0.47708333333333336 0.03359375 0.06805555555555555
2 0.18984375 0.4875 0.059375 0.08888888888888889
2 0.22890625 0.4847222222222222 0.0234375 0.03888888888888889
2 0.251171875 0.48333333333333334 0.02109375 0.027777777777777776
2 0.29296875 0.49375 0.06875 0.09583333333333334
2 0.328125 0.49027777777777776 0.015625 0.022222222222222223
2 0.384765625 0.5368055555555555 0.10546875 0.1375
2 0.473828125 0.4847222222222222 0.03984375 0.08055555555555556
9 0.425 0.42083333333333334 0.01875 0.03333333333333333
9 0.425 0.4395833333333333 0.0125 0.009722222222222222
9 0.836328125 0.15208333333333332 0.09609375 0.21805555555555556
9 0.387890625 0.44583333333333336 0.01171875 0.013888888888888888
