2 0.4828125 0.50625 0.0125 0.02361111111111111
2 0.471484375 0.50625 0.02109375 0.03194444444444444
2 0.4640625 0.5125 0.0171875 0.03611111111111111
2 0.448046875 0.5118055555555555 0.02578125 0.05416666666666667
2 0.424609375 0.5166666666666667 0.04453125 0.06944444444444445
2 0.38984375 0.51875 0.0625 0.09861111111111111
2 0.3546875 0.5333333333333333 0.103125 0.10555555555555556
2 0.532421875 0.5048611111111111 0.00703125 0.03194444444444444
2 0.53984375 0.5069444444444444 0.009375 0.030555555555555555
2 0.544921875 0.5069444444444444 0.01015625 0.03611111111111111
2 0.561328125 0.50625 0.02890625 0.04583333333333333
2 0.56328125 0.5111111111111111 0.0140625 0.044444444444444446
2 0.570703125 0.5152777777777777 0.01796875 0.05277777777777778
2 0.583984375 0.51875 0.02109375 0.0625
2 0.6125 0.5125 0.0421875 0.09166666666666666
2 0.657421875 0.5180555555555556 0.08515625 0.11666666666666667
2 0.785546875 0.5361111111111111 0.18203125 0.2111111111111111
2 0.22421875 0.575 0.178125 0.2
2 0.09140625 0.6555555555555556 0.1828125 0.375
2 0.900390625 0.6055555555555555 0.19765625 0.33611111111111114
9 0.566796875 0.4638888888888889 0.01328125 0.022222222222222223
2 0.525390625 0.5034722222222222 0.00859375 0.020833333333333332
2 0.517578125 0.49930555555555556 0.00703125 0.018055555555555554
