8 0.54375 0.4222222222222222 0.009375 0.016666666666666666
8 0.518359375 0.3638888888888889 0.00703125 0.022222222222222223
8 0.453515625 0.3472222222222222 0.00546875 0.022222222222222223
9 0.418359375 0.33055555555555555 0.00703125 0.022222222222222223
9 0.338671875 0.28888888888888886 0.01640625 0.025
9 0.55625 0.4048611111111111 0.0140625 0.009722222222222222
9 0.54296875 0.3993055555555556 0.0125 0.0125
2 0.449609375 0.44027777777777777 0.01328125 0.030555555555555555
2 0.430078125 0.46041666666666664 0.02109375 0.08472222222222223
2 0.433984375 0.4444444444444444 0.02890625 0.06388888888888888
2 0.48359375 0.44375 0.0265625 0.043055555555555555
2 0.4859375 0.45694444444444443 0.0265625 0.04722222222222222
2 0.510546875 0.43333333333333335 0.01484375 0.008333333333333333
2 0.5453125 0.4534722222222222 0.015625 0.015277777777777777
2 0.554296875 0.47847222222222224 0.01953125 0.07083333333333333
2 0.515234375 0.4791666666666667 0.06328125 0.08055555555555556
2 0.3296875 0.49027777777777776 0.1984375 0.3333333333333333
2 0.66015625 0.5506944444444445 0.24375 0.31527777777777777
2 0.17890625 0.5597222222222222 0.3578125 0.39166666666666666
