9 0.681640625 0.4527777777777778 0.02578125 0.022222222222222223
9 0.926171875 0.4097222222222222 0.03203125 0.027777777777777776
9 0.508984375 0.4951388888888889 0.00859375 0.009722222222222222
2 0.728125 0.5944444444444444 0.1109375 0.08055555555555556
2 0.277734375 0.5319444444444444 0.01640625 0.022222222222222223
2 0.308984375 0.5270833333333333 0.02265625 0.043055555555555555
2 0.2953125 0.5375 0.0078125 0.013888888888888888
2 0.265234375 0.5333333333333333 0.00859375 0.013888888888888888
3 0.40234375 0.5416666666666666 0.0765625 0.11944444444444445
2 0.86484375 0.6118055555555556 0.11875 0.0875
