8 0.480859375 0.2902777777777778 0.01484375 0.07777777777777778
8 0.733203125 0.22291666666666668 0.02109375 0.09583333333333334
8 0.50078125 0.2916666666666667 0.015625 0.05
8 0.70703125 0.22777777777777777 0.0234375 0.06944444444444445
8 0.763671875 0.38125 0.01015625 0.029166666666666667
8 0.72421875 0.36527777777777776 0.015625 0.030555555555555555
9 0.457421875 0.275 0.01484375 0.03333333333333333
9 0.9140625 0.44930555555555557 0.0140625 0.02361111111111111
9 0.85390625 0.4479166666666667 0.0109375 0.018055555555555554
9 0.797265625 0.36180555555555555 0.02578125 0.0125
9 0.51171875 0.4798611111111111 0.0140625 0.020833333333333332
9 0.522265625 0.4840277777777778 0.01171875 0.020833333333333332
9 0.987890625 0.3715277777777778 0.02109375 0.08472222222222223
2 0.6140625 0.5076388888888889 0.0203125 0.029166666666666667
2 0.6359375 0.5083333333333333 0.028125 0.03611111111111111
2 0.7296875 0.5069444444444444 0.0234375 0.03333333333333333
2 0.662109375 0.5131944444444444 0.03203125 0.0375
2 0.711328125 0.5333333333333333 0.05703125 0.07777777777777778
2 0.547265625 0.5395833333333333 0.04296875 0.05138888888888889
2 0.441015625 0.5555555555555556 0.08515625 0.09166666666666666
2 0.10625 0.6625 0.2125 0.5305555555555556
