2 0.3578125 0.51875 0.015625 0.029166666666666667
2 0.339453125 0.5159722222222223 0.01796875 0.02361111111111111
2 0.308984375 0.5215277777777778 0.01953125 0.02361111111111111
3 0.24296875 0.49722222222222223 0.065625 0.08055555555555556
3 0.1890625 0.51875 0.075 0.06805555555555555
2 0.142578125 0.5354166666666667 0.04765625 0.05694444444444444
2 0.119140625 0.525 0.06796875 0.08055555555555556
2 0.079296875 0.5708333333333333 0.06484375 0.07222222222222222
2 0.4796875 0.5111111111111111 0.0265625 0.03333333333333333
2 0.496484375 0.5104166666666666 0.01796875 0.04583333333333333
2 0.523046875 0.5138888888888888 0.04921875 0.058333333333333334
2 0.56796875 0.5125 0.0453125 0.08055555555555556
2 0.611328125 0.5118055555555555 0.07421875 0.10138888888888889
2 0.675390625 0.5222222222222223 0.12734375 0.14166666666666666
2 0.387109375 0.5256944444444445 0.04296875 0.06527777777777778
2 0.450390625 0.5256944444444445 0.05390625 0.08194444444444444
4 0.855859375 0.4013888888888889 0.28671875 0.8
