2 0.5515625 0.43472222222222223 0.01875 0.016666666666666666
2 0.535546875 0.4340277777777778 0.01640625 0.018055555555555554
2 0.515234375 0.4361111111111111 0.02265625 0.022222222222222223
2 0.49453125 0.43472222222222223 0.025 0.041666666666666664
2 0.392578125 0.4423611111111111 0.06328125 0.08472222222222223
2 0.607421875 0.3902777777777778 0.01328125 0.022222222222222223
2 0.623828125 0.39652777777777776 0.02421875 0.02361111111111111
2 0.6171875 0.4215277777777778 0.021875 0.02638888888888889
2 0.659765625 0.46111111111111114 0.04453125 0.06388888888888888
9 0.596484375 0.43333333333333335 0.01328125 0.022222222222222223
