9 0.31875 0.44583333333333336 0.06875 0.12222222222222222
9 0.87890625 0.26666666666666666 0.0625 0.1361111111111111
8 0.018359375 0.3020833333333333 0.03671875 0.07083333333333333
8 0.812109375 0.25277777777777777 0.02890625 0.06666666666666667
9 0.623828125 0.6520833333333333 0.01953125 0.04583333333333333
9 0.608203125 0.6173611111111111 0.01171875 0.03194444444444444
9 0.63828125 0.675 0.0078125 0.03611111111111111
2 0.049609375 0.6520833333333333 0.09921875 0.2708333333333333
2 0.080078125 0.6027777777777777 0.16015625 0.26666666666666666
2 0.208984375 0.6229166666666667 0.11015625 0.22083333333333333
2 0.2640625 0.6076388888888888 0.065625 0.16805555555555557
9 0.328125 0.3576388888888889 0.04375 0.08472222222222223
