8 0.16015625 0.4041666666666667 0.015625 0.04722222222222222
8 0.4578125 0.43472222222222223 0.0171875 0.05
8 0.44296875 0.4326388888888889 0.0125 0.04583333333333333
8 0.1734375 0.40555555555555556 0.0140625 0.044444444444444446
9 0.685546875 0.39861111111111114 0.04609375 0.11666666666666667
9 0.53203125 0.4166666666666667 0.0734375 0.027777777777777776
8 0.656640625 0.5409722222222222 0.01640625 0.034722222222222224
8 0.676953125 0.5402777777777777 0.01484375 0.030555555555555555
2 0.291796875 0.6638888888888889 0.01015625 0.019444444444444445
2 0.278125 0.6645833333333333 0.0203125 0.03194444444444444
2 0.45078125 0.6534722222222222 0.028125 0.04027777777777778
2 0.369921875 0.6645833333333333 0.14609375 0.2375
8 0.651953125 0.6083333333333333 0.01328125 0.019444444444444445
2 0.67109375 0.6291666666666667 0.075 0.06666666666666667
