8 0.591015625 0.33194444444444443 0.00390625 0.027777777777777776
8 0.330859375 0.3472222222222222 0.00390625 0.022222222222222223
8 0.338671875 0.3472222222222222 0.00546875 0.022222222222222223
8 0.409765625 0.3638888888888889 0.00546875 0.025
8 0.401171875 0.3625 0.00546875 0.022222222222222223
8 0.598828125 0.3347222222222222 0.00546875 0.027777777777777776
9 0.666015625 0.30486111111111114 0.01484375 0.018055555555555554
9 0.673828125 0.3277777777777778 0.02734375 0.022222222222222223
9 0.81171875 0.3402777777777778 0.0265625 0.016666666666666666
9 0.64296875 0.39166666666666666 0.0109375 0.03333333333333333
9 0.665625 0.4395833333333333 0.0109375 0.009722222222222222
9 0.668359375 0.40902777777777777 0.01171875 0.009722222222222222
9 0.6421875 0.4340277777777778 0.009375 0.02638888888888889
2 0.098828125 0.42916666666666664 0.02734375 0.019444444444444445
2 0.176953125 0.4395833333333333 0.03515625 0.04027777777777778
2 0.219921875 0.4479166666666667 0.03828125 0.0375
2 0.255078125 0.4479166666666667 0.03671875 0.03194444444444444
3 0.35234375 0.43680555555555556 0.1609375 0.0763888888888889
2 0.4265625 0.44027777777777777 0.03125 0.027777777777777776
2 0.4625 0.47152777777777777 0.0484375 0.09583333333333334
2 0.580078125 0.4798611111111111 0.03984375 0.07083333333333333
2 0.515625 0.49722222222222223 0.1125 0.14722222222222223
2 0.864453125 0.5451388888888888 0.26953125 0.20694444444444443
2 0.8921875 0.69375 0.2140625 0.35138888888888886
2 0.65234375 0.5708333333333333 0.2234375 0.23333333333333334
2 0.37421875 0.5743055555555555 0.2046875 0.2847222222222222
9 0.7875 0.34791666666666665 0.0125 0.020833333333333332
