2 0.046875 0.4409722222222222 0.0734375 0.059722222222222225
2 0.298828125 0.45694444444444443 0.02578125 0.05277777777777778
2 0.320703125 0.44722222222222224 0.01796875 0.044444444444444446
2 0.39921875 0.44305555555555554 0.0109375 0.022222222222222223
2 0.456640625 0.46805555555555556 0.00859375 0.03611111111111111
2 0.100390625 0.5027777777777778 0.18828125 0.16944444444444445
2 0.563671875 0.5166666666666667 0.14609375 0.2111111111111111
2 0.792578125 0.5451388888888888 0.22734375 0.22083333333333333
2 0.363671875 0.4826388888888889 0.07109375 0.12361111111111112
2 0.48046875 0.4652777777777778 0.03125 0.05
9 0.2046875 0.25 0.0828125 0.11666666666666667
9 0.229296875 0.18611111111111112 0.04296875 0.011111111111111112
9 0.1203125 0.24166666666666667 0.0765625 0.09444444444444444
9 0.03828125 0.22777777777777777 0.075 0.06111111111111111
9 0.33984375 0.20694444444444443 0.0125 0.019444444444444445
9 0.386328125 0.21597222222222223 0.03984375 0.029166666666666667
9 0.37109375 0.2638888888888889 0.075 0.08611111111111111
9 0.490234375 0.22916666666666666 0.03671875 0.019444444444444445
9 0.46875 0.2798611111111111 0.0765625 0.0875
2 0.185546875 0.4444444444444444 0.02265625 0.025
2 0.166015625 0.44166666666666665 0.01640625 0.019444444444444445
2 0.22578125 0.44583333333333336 0.025 0.011111111111111112
2 0.27890625 0.4673611111111111 0.0515625 0.07083333333333333
2 0.42578125 0.47291666666666665 0.0640625 0.08472222222222223
