2 0.71015625 0.6305555555555555 0.0171875 0.030555555555555555
2 0.688671875 0.6361111111111111 0.02578125 0.044444444444444446
2 0.673828125 0.6388888888888888 0.01640625 0.05
2 0.660546875 0.6333333333333333 0.02265625 0.06666666666666667
2 0.643359375 0.6333333333333333 0.03359375 0.06666666666666667
2 0.60546875 0.6368055555555555 0.0703125 0.09583333333333334
2 0.55546875 0.6506944444444445 0.084375 0.10138888888888889
2 0.772265625 0.63125 0.03828125 0.0625
2 0.41015625 0.6645833333333333 0.24375 0.24583333333333332
2 0.148828125 0.7888888888888889 0.29609375 0.4166666666666667
2 0.86953125 0.7652777777777777 0.2578125 0.38055555555555554
2 0.724609375 0.6361111111111111 0.01015625 0.027777777777777776
2 0.750390625 0.6381944444444444 0.01953125 0.02361111111111111
2 0.736328125 0.6388888888888888 0.01171875 0.022222222222222223
