9 0.137890625 0.19583333333333333 0.08046875 0.09722222222222222
9 0.2546875 0.1986111111111111 0.1140625 0.08888888888888889
9 0.25625 0.28125 0.1578125 0.043055555555555555
9 0.39765625 0.20416666666666666 0.1078125 0.07777777777777778
9 0.508203125 0.20208333333333334 0.07421875 0.09027777777777778
8 0.451953125 0.36875 0.00546875 0.015277777777777777
8 0.4875 0.3701388888888889 0.003125 0.020833333333333332
8 0.36796875 0.38125 0.0046875 0.018055555555555554
2 0.2515625 0.4375 0.025 0.019444444444444445
2 0.3921875 0.43194444444444446 0.0125 0.016666666666666666
2 0.38125 0.4326388888888889 0.0109375 0.015277777777777777
2 0.36875 0.43194444444444446 0.015625 0.019444444444444445
2 0.409765625 0.42777777777777776 0.01015625 0.008333333333333333
2 0.40625 0.45208333333333334 0.03125 0.04583333333333333
2 0.428125 0.4798611111111111 0.0390625 0.10416666666666667
2 0.5390625 0.46111111111111114 0.0234375 0.05
2 0.4859375 0.5097222222222222 0.1203125 0.19722222222222222
2 0.675390625 0.5111111111111111 0.15546875 0.17222222222222222
