2 0.4140625 0.41180555555555554 0.0125 0.02638888888888889
2 0.38984375 0.4097222222222222 0.028125 0.025
2 0.338671875 0.4152777777777778 0.02734375 0.03333333333333333
2 0.309765625 0.41597222222222224 0.03046875 0.02361111111111111
2 0.277734375 0.4125 0.04140625 0.030555555555555555
2 0.2265625 0.40625 0.0609375 0.0375
2 0.118359375 0.42916666666666664 0.07421875 0.044444444444444446
2 0.628515625 0.4222222222222222 0.02109375 0.030555555555555555
2 0.5875 0.3861111111111111 0.03125 0.019444444444444445
2 0.642578125 0.42986111111111114 0.02109375 0.05416666666666667
2 0.791796875 0.45208333333333334 0.10859375 0.12083333333333333
3 0.526953125 0.3861111111111111 0.03359375 0.075
2 0.51484375 0.42916666666666664 0.0421875 0.058333333333333334
2 0.5796875 0.46597222222222223 0.1078125 0.15416666666666667
2 0.69453125 0.4625 0.1109375 0.14166666666666666
8 0.48125 0.2972222222222222 0.0078125 0.027777777777777776
2 0.443359375 0.40694444444444444 0.01171875 0.013888888888888888
