8 0.2703125 0.44513888888888886 0.0046875 0.015277777777777777
8 0.2734375 0.44513888888888886 0.0046875 0.015277777777777777
8 0.945703125 0.19305555555555556 0.06171875 0.10277777777777777
8 0.876171875 0.2388888888888889 0.02109375 0.03888888888888889
9 0.8796875 0.18611111111111112 0.0328125 0.08611111111111111
8 0.897265625 0.05 0.03984375 0.1
8 0.390625 0.4479166666666667 0.0046875 0.009722222222222222
2 0.441015625 0.4895833333333333 0.00703125 0.0125
2 0.46484375 0.49166666666666664 0.0109375 0.022222222222222223
2 0.471484375 0.4895833333333333 0.00546875 0.018055555555555554
2 0.47890625 0.4930555555555556 0.0140625 0.030555555555555555
2 0.434765625 0.49930555555555556 0.01484375 0.03194444444444444
2 0.393359375 0.5027777777777778 0.02265625 0.027777777777777776
2 0.41953125 0.49930555555555556 0.025 0.043055555555555555
2 0.453125 0.5020833333333333 0.028125 0.0375
2 0.498046875 0.4965277777777778 0.03515625 0.05416666666666667
9 0.5265625 0.4840277777777778 0.00625 0.018055555555555554
9 0.2546875 0.44513888888888886 0.0140625 0.006944444444444444
2 0.565234375 0.49236111111111114 0.02578125 0.02638888888888889
9 0.38984375 0.42291666666666666 0.0109375 0.04027777777777778
9 0.42421875 0.4583333333333333 0.009375 0.025
2 0.02109375 0.5916666666666667 0.0421875 0.15833333333333333
9 0.0109375 0.4479166666666667 0.021875 0.07916666666666666
