2 0.25703125 0.4847222222222222 0.0125 0.019444444444444445
2 0.2078125 0.49027777777777776 0.0171875 0.019444444444444445
2 0.2390625 0.4930555555555556 0.021875 0.03333333333333333
2 0.27578125 0.50625 0.0296875 0.043055555555555555
2 0.19375 0.4979166666666667 0.0265625 0.03194444444444444
2 0.163671875 0.4756944444444444 0.01640625 0.0125
2 0.14765625 0.4777777777777778 0.015625 0.016666666666666666
2 0.128515625 0.48194444444444445 0.01328125 0.011111111111111112
2 0.10625 0.47708333333333336 0.01875 0.020833333333333332
2 0.067578125 0.47847222222222224 0.03515625 0.02638888888888889
2 0.031640625 0.4708333333333333 0.03984375 0.041666666666666664
2 0.00859375 0.475 0.0171875 0.044444444444444446
2 0.30859375 0.5277777777777778 0.0515625 0.06666666666666667
2 0.121875 0.5208333333333334 0.0578125 0.058333333333333334
2 0.0125 0.7013888888888888 0.025 0.18333333333333332
