2 0.451171875 0.41875 0.02109375 0.043055555555555555
2 0.428515625 0.42430555555555555 0.03671875 0.04861111111111111
2 0.39609375 0.43472222222222223 0.040625 0.075
2 0.259375 0.43333333333333335 0.0703125 0.11666666666666667
3 0.277734375 0.375 0.05703125 0.05
2 0.326953125 0.45416666666666666 0.12265625 0.1527777777777778
2 0.484375 0.4076388888888889 0.009375 0.009722222222222222
2 0.466796875 0.40902777777777777 0.01015625 0.018055555555555554
2 0.51484375 0.4027777777777778 0.0109375 0.019444444444444445
2 0.526171875 0.40555555555555556 0.01171875 0.022222222222222223
2 0.535546875 0.4111111111111111 0.01328125 0.027777777777777776
2 0.5578125 0.4111111111111111 0.0265625 0.041666666666666664
2 0.594140625 0.43472222222222223 0.04296875 0.06111111111111111
2 0.5703125 0.42569444444444443 0.015625 0.043055555555555555
2 0.6921875 0.4270833333333333 0.0890625 0.11527777777777778
2 0.7640625 0.4409722222222222 0.059375 0.0875
2 0.857421875 0.41597222222222224 0.08515625 0.12361111111111112
2 0.991796875 0.39652777777777776 0.01484375 0.020833333333333332
2 0.9734375 0.3993055555555556 0.0203125 0.034722222222222224
2 0.952734375 0.4048611111111111 0.03359375 0.04027777777777778
2 0.93203125 0.4152777777777778 0.040625 0.044444444444444446
2 0.938671875 0.4722222222222222 0.11953125 0.12222222222222222
2 0.94453125 0.5625 0.1078125 0.25277777777777777
1 0.705078125 0.4798611111111111 0.07109375 0.2625
9 0.250390625 0.3076388888888889 0.01484375 0.009722222222222222
