2 0.459765625 0.5694444444444444 0.01796875 0.022222222222222223
2 0.445703125 0.5736111111111111 0.01171875 0.030555555555555555
2 0.42578125 0.5715277777777777 0.0296875 0.05138888888888889
2 0.405078125 0.5736111111111111 0.02578125 0.05555555555555555
2 0.390625 0.58125 0.0234375 0.05416666666666667
2 0.51796875 0.5729166666666666 0.0109375 0.02361111111111111
2 0.530859375 0.5729166666666666 0.01796875 0.02361111111111111
2 0.544921875 0.5736111111111111 0.01484375 0.030555555555555555
2 0.55390625 0.5777777777777777 0.0296875 0.03888888888888889
2 0.584375 0.5847222222222223 0.0484375 0.05555555555555555
2 0.621484375 0.6131944444444445 0.04296875 0.07916666666666666
8 0.476953125 0.5486111111111112 0.00703125 0.016666666666666666
8 0.480859375 0.5694444444444444 0.00546875 0.016666666666666666
9 0.522265625 0.5430555555555555 0.01171875 0.011111111111111112
9 0.57578125 0.5347222222222222 0.009375 0.027777777777777776
9 0.538671875 0.5513888888888889 0.00703125 0.019444444444444445
9 0.54609375 0.5402777777777777 0.009375 0.008333333333333333
2 0.498828125 0.5611111111111111 0.02578125 0.04722222222222222
2 0.35390625 0.5916666666666667 0.0515625 0.06944444444444445
2 0.6734375 0.6152777777777778 0.084375 0.11666666666666667
