8 0.569921875 0.5284722222222222 0.00546875 0.0125
8 0.560546875 0.5402777777777777 0.00390625 0.011111111111111112
8 0.492578125 0.5354166666666667 0.00390625 0.015277777777777777
8 0.5921875 0.4486111111111111 0.00625 0.025
8 0.367578125 0.44375 0.00859375 0.02638888888888889
8 0.58359375 0.4479166666666667 0.00625 0.029166666666666667
8 0.725390625 0.45902777777777776 0.01015625 0.04027777777777778
8 0.37734375 0.4465277777777778 0.0109375 0.03194444444444444
9 0.625 0.5326388888888889 0.0078125 0.018055555555555554
9 0.625 0.5159722222222223 0.0109375 0.0125
8 0.50078125 0.5381944444444444 0.00625 0.018055555555555554
2 0.558984375 0.5743055555555555 0.01015625 0.018055555555555554
2 0.591015625 0.5756944444444444 0.00859375 0.020833333333333332
2 0.2703125 0.5791666666666667 0.0328125 0.027777777777777776
2 0.169921875 0.5722222222222222 0.07734375 0.05555555555555555
2 0.101171875 0.5722222222222222 0.08203125 0.08888888888888889
2 0.06171875 0.5729166666666666 0.11875 0.10138888888888889
2 0.034765625 0.5805555555555556 0.06796875 0.10277777777777777
2 0.37265625 0.5895833333333333 0.053125 0.06805555555555555
2 0.430859375 0.5826388888888889 0.03828125 0.0375
2 0.471875 0.5736111111111111 0.03125 0.05555555555555555
2 0.52265625 0.5756944444444444 0.065625 0.05138888888888889
2 0.608203125 0.5798611111111112 0.02578125 0.034722222222222224
2 0.869921875 0.5965277777777778 0.14296875 0.18194444444444444
2 0.726953125 0.6076388888888888 0.18046875 0.2375
2 0.962109375 0.5236111111111111 0.07109375 0.041666666666666664
2 0.97109375 0.5506944444444445 0.05625 0.0763888888888889
2 0.57578125 0.5770833333333333 0.028125 0.03194444444444444
