8 0.377734375 0.31319444444444444 0.01171875 0.034722222222222224
8 0.470703125 0.32222222222222224 0.01171875 0.022222222222222223
9 0.554296875 0.33402777777777776 0.01015625 0.02638888888888889
9 0.648828125 0.33402777777777776 0.01953125 0.006944444444444444
2 0.369140625 0.38263888888888886 0.02578125 0.029166666666666667
2 0.3453125 0.3763888888888889 0.0203125 0.03333333333333333
2 0.331640625 0.38055555555555554 0.01953125 0.03333333333333333
2 0.315234375 0.38125 0.01328125 0.04027777777777778
2 0.301171875 0.3840277777777778 0.01484375 0.04583333333333333
2 0.285546875 0.38333333333333336 0.01953125 0.06388888888888888
2 0.25703125 0.38958333333333334 0.03125 0.06527777777777778
2 0.478515625 0.4 0.03203125 0.06111111111111111
2 0.508203125 0.4013888888888889 0.02578125 0.04722222222222222
2 0.600390625 0.40625 0.04140625 0.07083333333333333
2 0.65 0.4263888888888889 0.059375 0.07222222222222222
2 0.700390625 0.4284722222222222 0.05703125 0.07083333333333333
2 0.826953125 0.5486111111111112 0.34296875 0.39444444444444443
2 0.034375 0.44722222222222224 0.06875 0.1111111111111111
2 0.1 0.43472222222222223 0.0609375 0.08888888888888889
2 0.212890625 0.39305555555555555 0.07890625 0.07222222222222222
2 0.421484375 0.40069444444444446 0.09140625 0.14583333333333334
2 0.54609375 0.40902777777777777 0.0578125 0.06805555555555555
