2 0.25390625 0.625 0.0234375 0.022222222222222223
2 0.2296875 0.6229166666666667 0.028125 0.05138888888888889
2 0.196875 0.6131944444444445 0.0515625 0.08472222222222223
2 0.158984375 0.6368055555555555 0.07421875 0.09027777777777778
2 0.06328125 0.6138888888888889 0.0828125 0.06111111111111111
2 0.359375 0.6166666666666667 0.01875 0.025
2 0.387109375 0.6194444444444445 0.01640625 0.030555555555555555
2 0.39765625 0.6166666666666667 0.01875 0.044444444444444446
2 0.41953125 0.6125 0.040625 0.06388888888888888
2 0.581640625 0.6166666666666667 0.11015625 0.1111111111111111
9 0.810546875 0.2798611111111111 0.02890625 0.0375
9 0.77421875 0.2701388888888889 0.0171875 0.02638888888888889
