9 0.036328125 0.46319444444444446 0.01171875 0.0125
9 0.0359375 0.4777777777777778 0.025 0.016666666666666666
8 0.080078125 0.45416666666666666 0.00546875 0.030555555555555555
8 0.112890625 0.46041666666666664 0.00703125 0.02638888888888889
8 0.173828125 0.4847222222222222 0.00546875 0.019444444444444445
8 0.64609375 0.3298611111111111 0.0265625 0.1125
8 0.6984375 0.3472222222222222 0.021875 0.09166666666666666
9 0.680078125 0.19305555555555556 0.04765625 0.07777777777777778
9 0.59296875 0.3645833333333333 0.0453125 0.04583333333333333
9 0.540234375 0.42986111111111114 0.07734375 0.07916666666666666
9 0.515625 0.5222222222222223 0.025 0.030555555555555555
3 0.182421875 0.5298611111111111 0.04453125 0.04027777777777778
2 0.1203125 0.5340277777777778 0.0265625 0.03194444444444444
2 0.075 0.5256944444444445 0.03125 0.04027777777777778
3 0.62421875 0.5576388888888889 0.146875 0.16527777777777777
9 0.224609375 0.4840277777777778 0.01484375 0.020833333333333332
2 0.856640625 0.31527777777777777 0.05390625 0.025
