9 0.684375 0.3034722222222222 0.0125 0.02361111111111111
2 0.634375 0.31875 0.0328125 0.06805555555555555
2 0.623828125 0.3333333333333333 0.03984375 0.06111111111111111
2 0.612890625 0.3451388888888889 0.05859375 0.06527777777777778
2 0.7 0.3173611111111111 0.01875 0.03194444444444444
2 0.753125 0.3298611111111111 0.0375 0.05694444444444444
2 0.77578125 0.3402777777777778 0.0359375 0.06111111111111111
2 0.80078125 0.34930555555555554 0.0453125 0.06527777777777778
2 0.580078125 0.3972222222222222 0.09296875 0.14444444444444443
2 0.84375 0.36319444444444443 0.046875 0.08194444444444444
9 0.478515625 0.20902777777777778 0.04609375 0.07916666666666666
