2 0.419140625 0.40555555555555556 0.02890625 0.041666666666666664
2 0.434765625 0.4236111111111111 0.04921875 0.07222222222222222
9 0.738671875 0.2076388888888889 0.08828125 0.0875
9 0.73828125 0.2673611111111111 0.0875 0.04583333333333333
9 0.498046875 0.35138888888888886 0.02578125 0.03333333333333333
9 0.48515625 0.3611111111111111 0.0109375 0.019444444444444445
9 0.56796875 0.35625 0.0234375 0.043055555555555555
8 0.46484375 0.3638888888888889 0.0078125 0.022222222222222223
8 0.4546875 0.36666666666666664 0.009375 0.027777777777777776
8 0.41484375 0.34097222222222223 0.0125 0.029166666666666667
