8 0.121875 0.03194444444444444 0.025 0.058333333333333334
9 0.963671875 0.2375 0.02109375 0.08055555555555556
9 0.679296875 0.32430555555555557 0.01484375 0.0375
8 0.94375 0.3625 0.028125 0.03888888888888889
2 0.423046875 0.6395833333333333 0.42109375 0.42916666666666664
3 0.21640625 0.40902777777777777 0.2625 0.3958333333333333
3 0.662890625 0.43194444444444446 0.06171875 0.06944444444444445
2 0.62890625 0.42916666666666664 0.025 0.044444444444444446
2 0.591796875 0.41944444444444445 0.05234375 0.075
2 0.557421875 0.41388888888888886 0.02734375 0.03611111111111111
2 0.53671875 0.4111111111111111 0.0171875 0.027777777777777776
2 0.424609375 0.4097222222222222 0.02734375 0.027777777777777776
2 0.355859375 0.40902777777777777 0.01796875 0.029166666666666667
2 0.373046875 0.4076388888888889 0.01796875 0.029166666666666667
2 0.383203125 0.40902777777777777 0.01015625 0.02638888888888889
2 0.39453125 0.40347222222222223 0.0171875 0.020833333333333332
2 0.41640625 0.39861111111111114 0.0203125 0.022222222222222223
2 0.44140625 0.4048611111111111 0.025 0.03194444444444444
2 0.485546875 0.40208333333333335 0.01328125 0.018055555555555554
2 0.523828125 0.4048611111111111 0.00859375 0.020833333333333332
2 0.51640625 0.3993055555555556 0.0171875 0.02361111111111111
3 0.5359375 0.39444444444444443 0.015625 0.019444444444444445
2 0.975 0.4576388888888889 0.0203125 0.07361111111111111
