9 0.5015625 0.2625 0.0296875 0.058333333333333334
9 0.204296875 0.36944444444444446 0.03515625 0.05
9 0.50390625 0.3680555555555556 0.0140625 0.027777777777777776
9 0.502734375 0.39166666666666666 0.01484375 0.022222222222222223
9 0.564453125 0.35555555555555557 0.01015625 0.025
9 0.683203125 0.375 0.01484375 0.019444444444444445
2 0.53828125 0.4173611111111111 0.0203125 0.018055555555555554
2 0.526171875 0.41805555555555557 0.01015625 0.019444444444444445
2 0.506640625 0.42083333333333334 0.02421875 0.027777777777777776
2 0.419921875 0.4305555555555556 0.04140625 0.044444444444444446
2 0.8046875 0.4395833333333333 0.134375 0.1375
2 0.6 0.4583333333333333 0.134375 0.18611111111111112
2 0.86796875 0.3972222222222222 0.0484375 0.05555555555555555
