9 0.145703125 0.4479166666666667 0.01796875 0.0375
9 0.146484375 0.4979166666666667 0.01953125 0.03194444444444444
9 0.253515625 0.4423611111111111 0.01640625 0.02638888888888889
9 0.2828125 0.4479166666666667 0.01875 0.015277777777777777
9 0.714453125 0.3958333333333333 0.06171875 0.08333333333333333
9 0.69765625 0.45694444444444443 0.0140625 0.03333333333333333
9 0.728125 0.45902777777777776 0.0140625 0.034722222222222224
9 0.790234375 0.4076388888888889 0.03515625 0.0875
9 0.253515625 0.4847222222222222 0.01640625 0.030555555555555555
9 0.968359375 0.31805555555555554 0.04140625 0.1638888888888889
9 0.9671875 0.4361111111111111 0.03125 0.08333333333333333
2 0.52109375 0.5131944444444444 0.0515625 0.07361111111111111
2 0.241796875 0.5118055555555555 0.03984375 0.05416666666666667
