8 0.443359375 0.4166666666666667 0.01015625 0.016666666666666666
8 0.4984375 0.4111111111111111 0.00625 0.013888888888888888
9 0.732421875 0.28055555555555556 0.01484375 0.025
2 0.00625 0.5597222222222222 0.0125 0.08888888888888889
2 0.176953125 0.5027777777777778 0.12265625 0.11666666666666667
2 0.255859375 0.4888888888888889 0.06484375 0.09722222222222222
2 0.309765625 0.4736111111111111 0.05078125 0.07777777777777778
2 0.355078125 0.4777777777777778 0.04140625 0.05277777777777778
2 0.3984375 0.45555555555555555 0.04375 0.058333333333333334
2 0.434375 0.4576388888888889 0.0265625 0.029166666666666667
2 0.482421875 0.46597222222222223 0.01796875 0.02638888888888889
2 0.499609375 0.4597222222222222 0.00859375 0.019444444444444445
2 0.5078125 0.46111111111111114 0.0140625 0.027777777777777776
2 0.52578125 0.45625 0.028125 0.05138888888888889
2 0.555859375 0.4618055555555556 0.05546875 0.08194444444444444
2 0.584375 0.46597222222222223 0.0578125 0.09027777777777778
2 0.640234375 0.4840277777777778 0.11953125 0.13194444444444445
2 0.890625 0.5326388888888889 0.2125 0.37083333333333335
2 0.8078125 0.5020833333333333 0.06875 0.10416666666666667
2 0.462890625 0.45694444444444443 0.02265625 0.025
