2 0.364453125 0.4666666666666667 0.04140625 0.1111111111111111
2 0.320703125 0.4736111111111111 0.08203125 0.14722222222222223
2 0.522265625 0.4486111111111111 0.03203125 0.03611111111111111
2 0.414453125 0.45069444444444445 0.03046875 0.05416666666666667
2 0.563671875 0.4777777777777778 0.05390625 0.08055555555555556
2 0.585546875 0.5 0.04140625 0.09444444444444444
2 0.66328125 0.4930555555555556 0.1453125 0.18611111111111112
2 0.842578125 0.5416666666666666 0.31171875 0.33055555555555555
2 0.20546875 0.5104166666666666 0.1828125 0.1986111111111111
2 0.46875 0.4826388888888889 0.0828125 0.13472222222222222
9 0.384375 0.3680555555555556 0.0203125 0.013888888888888888
8 0.436328125 0.3840277777777778 0.01171875 0.02638888888888889
