2 0.43203125 0.5277777777777778 0.0125 0.044444444444444446
2 0.42109375 0.5229166666666667 0.0203125 0.059722222222222225
2 0.38828125 0.5236111111111111 0.059375 0.09444444444444444
2 0.374609375 0.5416666666666666 0.05234375 0.08055555555555556
2 0.4515625 0.5409722222222222 0.0328125 0.09305555555555556
3 0.63828125 0.5333333333333333 0.05625 0.08055555555555556
2 0.257421875 0.5284722222222222 0.19609375 0.2875
2 0.5421875 0.5993055555555555 0.19375 0.28194444444444444
2 0.740625 0.5972222222222222 0.184375 0.18888888888888888
8 0.573046875 0.43472222222222223 0.00703125 0.016666666666666666
8 0.51015625 0.43819444444444444 0.0046875 0.018055555555555554
8 0.440234375 0.4284722222222222 0.00390625 0.020833333333333332
8 0.3796875 0.4618055555555556 0.0046875 0.0125
8 0.469921875 0.47847222222222224 0.00546875 0.018055555555555554
8 0.35078125 0.45069444444444445 0.00625 0.018055555555555554
8 0.4453125 0.4270833333333333 0.0046875 0.02361111111111111
9 0.380078125 0.4513888888888889 0.01171875 0.005555555555555556
9 0.698828125 0.39166666666666666 0.01171875 0.022222222222222223
9 0.699609375 0.40902777777777777 0.01953125 0.006944444444444444
9 0.705859375 0.41944444444444445 0.01015625 0.008333333333333333
3 0.54453125 0.45208333333333334 0.046875 0.015277777777777777
