8 0.237109375 0.07916666666666666 0.03984375 0.125
8 0.194140625 0.07222222222222222 0.03671875 0.14166666666666666
9 0.23984375 0.45 0.040625 0.025
9 0.255859375 0.49166666666666664 0.03359375 0.027777777777777776
8 0.2484375 0.5263888888888889 0.015625 0.03888888888888889
8 0.23046875 0.525 0.0171875 0.04722222222222222
8 0.588671875 0.2798611111111111 0.01953125 0.07916666666666666
8 0.56796875 0.2791666666666667 0.025 0.08055555555555556
9 0.708203125 0.41597222222222224 0.03515625 0.02361111111111111
8 0.73203125 0.4888888888888889 0.015625 0.03611111111111111
8 0.71796875 0.4888888888888889 0.0140625 0.03333333333333333
9 0.658984375 0.49444444444444446 0.01796875 0.019444444444444445
9 0.625 0.5236111111111111 0.0203125 0.044444444444444446
9 0.550390625 0.5770833333333333 0.01015625 0.015277777777777777
8 0.529296875 0.5694444444444444 0.00859375 0.019444444444444445
8 0.50078125 0.5673611111111111 0.0078125 0.020833333333333332
2 0.52265625 0.5972222222222222 0.0109375 0.016666666666666666
2 0.53203125 0.5951388888888889 0.0078125 0.020833333333333332
2 0.541796875 0.6013888888888889 0.01171875 0.022222222222222223
2 0.549609375 0.6076388888888888 0.00703125 0.034722222222222224
2 0.560546875 0.6097222222222223 0.01328125 0.041666666666666664
2 0.57734375 0.6138888888888889 0.028125 0.05555555555555555
2 0.499609375 0.6 0.01015625 0.022222222222222223
2 0.4859375 0.60625 0.0140625 0.02638888888888889
2 0.473046875 0.6125 0.01171875 0.027777777777777776
2 0.463671875 0.6118055555555556 0.01328125 0.04027777777777778
2 0.453515625 0.6194444444444445 0.01484375 0.041666666666666664
2 0.44453125 0.6201388888888889 0.0140625 0.043055555555555555
2 0.431640625 0.61875 0.01640625 0.059722222222222225
2 0.407421875 0.61875 0.03984375 0.09583333333333334
2 0.359765625 0.6340277777777777 0.08046875 0.1125
2 0.608203125 0.6166666666666667 0.06640625 0.08611111111111111
