9 0.264453125 0.08472222222222223 0.05234375 0.08611111111111111
9 0.262890625 0.2013888888888889 0.03359375 0.027777777777777776
8 0.23828125 0.2833333333333333 0.015625 0.03611111111111111
8 0.253125 0.29097222222222224 0.01875 0.0375
9 0.841015625 0.11041666666666666 0.03828125 0.07083333333333333
9 0.881640625 0.09166666666666666 0.04140625 0.05
9 0.87734375 0.2590277777777778 0.034375 0.02361111111111111
8 0.89140625 0.2965277777777778 0.021875 0.04583333333333333
8 0.77265625 0.03194444444444444 0.015625 0.06388888888888888
8 0.751953125 0.03125 0.02109375 0.0625
8 0.5046875 0.09444444444444444 0.00625 0.044444444444444446
9 0.716015625 0.28888888888888886 0.01484375 0.05
2 0.4546875 0.3902777777777778 0.01875 0.05277777777777778
2 0.43828125 0.39444444444444443 0.0375 0.06388888888888888
2 0.41953125 0.39375 0.034375 0.08194444444444444
2 0.405859375 0.39791666666666664 0.03828125 0.0875
2 0.646484375 0.4111111111111111 0.01953125 0.06388888888888888
2 0.673046875 0.40555555555555556 0.04296875 0.06944444444444445
2 0.69921875 0.4111111111111111 0.0578125 0.08611111111111111
2 0.544921875 0.39791666666666664 0.02265625 0.0625
2 0.475390625 0.39166666666666666 0.01015625 0.027777777777777776
8 0.4796875 0.3388888888888889 0.0078125 0.030555555555555555
8 0.50703125 0.36944444444444446 0.0078125 0.016666666666666666
8 0.54921875 0.3388888888888889 0.0109375 0.019444444444444445
2 0.376171875 0.4 0.06796875 0.09722222222222222
2 0.74921875 0.41458333333333336 0.0796875 0.09861111111111111
2 0.512890625 0.39652777777777776 0.02109375 0.02361111111111111
2 0.48984375 0.3972222222222222 0.028125 0.05
2 0.592578125 0.39791666666666664 0.08828125 0.13194444444444445
