8 0.33359375 0.11736111111111111 0.028125 0.043055555555555555
8 0.198828125 0.27291666666666664 0.02421875 0.04027777777777778
8 0.53125 0.12916666666666668 0.028125 0.044444444444444446
8 0.641796875 0.28541666666666665 0.02265625 0.0375
8 0.35703125 0.44027777777777777 0.015625 0.027777777777777776
8 0.644140625 0.3736111111111111 0.01953125 0.03888888888888889
8 0.03203125 0.28680555555555554 0.0171875 0.04027777777777778
8 0.755078125 0.2986111111111111 0.01171875 0.041666666666666664
8 0.30390625 0.43472222222222223 0.009375 0.016666666666666666
8 0.2375 0.4166666666666667 0.0125 0.025
9 0.0265625 0.2361111111111111 0.0515625 0.13055555555555556
9 0.015234375 0.32569444444444445 0.03046875 0.04027777777777778
9 0.773828125 0.2534722222222222 0.07578125 0.12916666666666668
9 0.77109375 0.3423611111111111 0.0484375 0.043055555555555555
9 0.447265625 0.30486111111111114 0.03359375 0.04861111111111111
9 0.41640625 0.30069444444444443 0.028125 0.043055555555555555
9 0.632421875 0.4083333333333333 0.01484375 0.027777777777777776
9 0.15703125 0.4111111111111111 0.03125 0.08055555555555556
9 0.185546875 0.4125 0.02578125 0.08611111111111111
2 0.352734375 0.5138888888888888 0.02109375 0.03333333333333333
2 0.303125 0.5145833333333333 0.0234375 0.02361111111111111
2 0.4 0.5111111111111111 0.021875 0.03611111111111111
2 0.56328125 0.49444444444444446 0.0796875 0.13055555555555556
2 0.328515625 0.5069444444444444 0.03515625 0.06388888888888888
2 0.471875 0.5402777777777777 0.1578125 0.2722222222222222
2 0.2140625 0.50625 0.0703125 0.04861111111111111
