8 0.078125 0.37430555555555556 0.0109375 0.07083333333333333
8 0.683203125 0.18541666666666667 0.01640625 0.0625
8 0.655078125 0.18958333333333333 0.01328125 0.05138888888888889
8 0.85234375 0.3326388888888889 0.0125 0.02638888888888889
2 0.28125 0.5194444444444445 0.065625 0.07222222222222222
2 0.67265625 0.4826388888888889 0.0484375 0.059722222222222225
2 0.366015625 0.5097222222222222 0.05390625 0.06111111111111111
2 0.21328125 0.5388888888888889 0.0640625 0.06388888888888888
4 0.439453125 0.46944444444444444 0.07734375 0.125
8 0.0578125 0.4708333333333333 0.0140625 0.044444444444444446
4 0.596875 0.4597222222222222 0.0375 0.06944444444444445
2 0.32890625 0.5097222222222222 0.028125 0.044444444444444446
2 0.39609375 0.49930555555555556 0.0171875 0.04583333333333333
2 0.483984375 0.48194444444444445 0.01171875 0.05277777777777778
2 0.646484375 0.48194444444444445 0.02265625 0.041666666666666664
2 0.49609375 0.48194444444444445 0.0125 0.03611111111111111
2 0.633984375 0.48333333333333334 0.01484375 0.03888888888888889
2 0.623046875 0.4798611111111111 0.00703125 0.029166666666666667
2 0.6140625 0.4798611111111111 0.009375 0.029166666666666667
8 0.64765625 0.20208333333333334 0.0140625 0.05416666666666667
8 0.666015625 0.2 0.01015625 0.04722222222222222
