2 0.3421875 0.5125 0.0125 0.016666666666666666
2 0.362109375 0.5319444444444444 0.03984375 0.044444444444444446
2 0.619140625 0.47708333333333336 0.01484375 0.03194444444444444
2 0.636328125 0.47847222222222224 0.02734375 0.043055555555555555
2 0.663671875 0.4791666666666667 0.03828125 0.05555555555555555
2 0.68046875 0.4847222222222222 0.0265625 0.05555555555555555
2 0.716015625 0.47847222222222224 0.05546875 0.0875
2 0.766796875 0.4798611111111111 0.06953125 0.10416666666666667
2 0.883203125 0.4597222222222222 0.17890625 0.17777777777777778
2 0.06796875 0.6388888888888888 0.1359375 0.1361111111111111
