2 0.8671875 0.6201388888888889 0.2609375 0.5958333333333333
2 0.011328125 0.5659722222222222 0.02265625 0.05694444444444444
2 0.0296875 0.5423611111111111 0.059375 0.043055555555555555
2 0.118359375 0.6291666666666667 0.23671875 0.24166666666666667
2 0.248046875 0.5576388888888889 0.11953125 0.1597222222222222
2 0.29765625 0.5243055555555556 0.015625 0.029166666666666667
2 0.32421875 0.5472222222222223 0.0515625 0.07222222222222222
2 0.358984375 0.5298611111111111 0.02890625 0.043055555555555555
2 0.475390625 0.5340277777777778 0.02265625 0.06805555555555555
2 0.420703125 0.5756944444444444 0.10078125 0.14583333333333334
2 0.512890625 0.5368055555555555 0.07109375 0.10972222222222222
2 0.797265625 0.47291666666666665 0.05390625 0.07916666666666666
2 0.753125 0.4979166666666667 0.06875 0.10694444444444444
2 0.70390625 0.5027777777777778 0.090625 0.11388888888888889
