9 0.67109375 0.35347222222222224 0.0171875 0.04861111111111111
9 0.926171875 0.34930555555555554 0.00859375 0.02361111111111111
9 0.78515625 0.35138888888888886 0.0234375 0.044444444444444446
9 0.841796875 0.30069444444444443 0.01171875 0.0375
9 0.101953125 0.40347222222222223 0.01015625 0.02638888888888889
8 0.477734375 0.275 0.00859375 0.03888888888888889
8 0.51328125 0.2763888888888889 0.00625 0.03888888888888889
2 0.849609375 0.4826388888888889 0.15859375 0.1625
3 0.1875 0.42916666666666664 0.0546875 0.08055555555555556
8 0.434765625 0.35208333333333336 0.00859375 0.03194444444444444
8 0.34296875 0.35208333333333336 0.00625 0.018055555555555554
4 0.551171875 0.41041666666666665 0.10234375 0.19583333333333333
2 0.94375 0.47430555555555554 0.109375 0.2847222222222222
9 0.89453125 0.275 0.0234375 0.05555555555555555
