9 0.1625 0.2638888888888889 0.0359375 0.022222222222222223
9 0.1359375 0.2951388888888889 0.01875 0.11805555555555555
9 0.162890625 0.2826388888888889 0.01640625 0.018055555555555554
9 0.265234375 0.3111111111111111 0.04921875 0.08888888888888889
9 0.420703125 0.3597222222222222 0.01953125 0.025
9 0.61328125 0.35138888888888886 0.01875 0.030555555555555555
9 0.7546875 0.2743055555555556 0.053125 0.08472222222222223
9 0.832421875 0.14166666666666666 0.02421875 0.016666666666666666
9 0.807421875 0.19722222222222222 0.02265625 0.019444444444444445
9 0.81796875 0.22152777777777777 0.0390625 0.02361111111111111
8 0.162890625 0.3263888888888889 0.01484375 0.03333333333333333
8 0.184375 0.33194444444444443 0.021875 0.030555555555555555
8 0.321484375 0.3368055555555556 0.01171875 0.04027777777777778
8 0.342578125 0.3715277777777778 0.01484375 0.018055555555555554
8 0.816796875 0.30972222222222223 0.01640625 0.03888888888888889
8 0.79453125 0.31319444444444444 0.01875 0.034722222222222224
8 0.7140625 0.34444444444444444 0.0171875 0.022222222222222223
8 0.71875 0.2777777777777778 0.009375 0.03611111111111111
8 0.718359375 0.3104166666666667 0.01015625 0.034722222222222224
8 0.7609375 0.21666666666666667 0.0109375 0.03611111111111111
2 0.155859375 0.5402777777777777 0.31015625 0.3388888888888889
2 0.05703125 0.7076388888888889 0.1140625 0.2763888888888889
2 0.487890625 0.5763888888888888 0.31953125 0.4305555555555556
2 0.90234375 0.5451388888888888 0.1921875 0.47638888888888886
2 0.521875 0.3541666666666667 0.0234375 0.022222222222222223
2 0.49296875 0.3527777777777778 0.04375 0.022222222222222223
8 0.423046875 0.2791666666666667 0.01015625 0.03333333333333333
8 0.631640625 0.20694444444444443 0.01171875 0.044444444444444446
8 0.621484375 0.20972222222222223 0.01171875 0.04722222222222222
2 0.344140625 0.4236111111111111 0.02890625 0.03333333333333333
8 0.8796875 0.33055555555555555 0.0109375 0.03333333333333333
8 0.977734375 0.2916666666666667 0.00859375 0.06111111111111111
8 0.966796875 0.28958333333333336 0.01015625 0.0625
8 0.95625 0.3284722222222222 0.0234375 0.02361111111111111
9 0.957421875 0.2916666666666667 0.01796875 0.013888888888888888
8 0.92265625 0.3159722222222222 0.015625 0.04861111111111111
