2 0.304296875 0.6659722222222222 0.03046875 0.043055555555555555
2 0.153515625 0.6770833333333334 0.01953125 0.03194444444444444
2 0.174609375 0.6763888888888889 0.02265625 0.03888888888888889
2 0.2828125 0.675 0.0140625 0.022222222222222223
2 0.26875 0.6805555555555556 0.0171875 0.016666666666666666
3 0.2296875 0.6791666666666667 0.021875 0.019444444444444445
8 0.261328125 0.6513888888888889 0.00859375 0.019444444444444445
8 0.2265625 0.6590277777777778 0.0078125 0.0125
9 0.174609375 0.6472222222222223 0.03828125 0.030555555555555555
9 0.064453125 0.5465277777777777 0.01796875 0.04027777777777778
9 0.084765625 0.5923611111111111 0.01484375 0.0625
9 0.150390625 0.6590277777777778 0.00859375 0.015277777777777777
9 0.34375 0.6416666666666667 0.0078125 0.013888888888888888
9 0.5046875 0.5909722222222222 0.015625 0.03194444444444444
