8 0.6015625 0.3451388888888889 0.015625 0.02361111111111111
8 0.737109375 0.3326388888888889 0.01640625 0.02361111111111111
8 0.737890625 0.38472222222222224 0.01171875 0.016666666666666666
8 0.64453125 0.4048611111111111 0.0078125 0.015277777777777777
2 0.659375 0.4423611111111111 0.0140625 0.034722222222222224
2 0.64140625 0.44375 0.0234375 0.043055555555555555
2 0.62578125 0.4409722222222222 0.0125 0.034722222222222224
2 0.61640625 0.45 0.021875 0.06111111111111111
2 0.591796875 0.4534722222222222 0.07109375 0.07361111111111111
2 0.55703125 0.4340277777777778 0.025 0.03194444444444444
2 0.49140625 0.4576388888888889 0.1296875 0.17083333333333334
2 0.375 0.5027777777777778 0.225 0.24444444444444444
2 0.176953125 0.5638888888888889 0.35390625 0.43333333333333335
2 0.684375 0.4409722222222222 0.05 0.0625
