2 0.33125 0.5013888888888889 0.0109375 0.016666666666666666
2 0.36328125 0.5131944444444444 0.01875 0.020833333333333332
2 0.35078125 0.50625 0.0125 0.020833333333333332
2 0.301953125 0.5222222222222223 0.02421875 0.041666666666666664
2 0.285546875 0.53125 0.03203125 0.04861111111111111
2 0.273828125 0.5402777777777777 0.04609375 0.06666666666666667
2 0.13203125 0.59375 0.2625 0.39305555555555555
2 0.054296875 0.8041666666666667 0.10859375 0.38333333333333336
2 0.42421875 0.5326388888888889 0.009375 0.03194444444444444
2 0.433203125 0.5361111111111111 0.02109375 0.044444444444444446
2 0.44765625 0.5416666666666666 0.0390625 0.05
2 0.467578125 0.5416666666666666 0.04609375 0.06111111111111111
2 0.5109375 0.5430555555555555 0.0859375 0.10833333333333334
2 0.556640625 0.5784722222222223 0.08203125 0.10138888888888889
2 0.659375 0.5958333333333333 0.1640625 0.175
9 0.687109375 0.41458333333333336 0.01796875 0.0625
9 0.45390625 0.3597222222222222 0.015625 0.07222222222222222
