2 0.5828125 0.6263888888888889 0.0484375 0.08611111111111111
2 0.6046875 0.6444444444444445 0.059375 0.09722222222222222
2 0.690234375 0.6402777777777777 0.14921875 0.18888888888888888
2 0.875390625 0.6930555555555555 0.24296875 0.4083333333333333
4 0.9234375 0.3506944444444444 0.040625 0.13472222222222222
4 0.78515625 0.4756944444444444 0.2578125 0.16527777777777777
8 0.477734375 0.5090277777777777 0.01015625 0.02638888888888889
8 0.55234375 0.5076388888888889 0.015625 0.02361111111111111
9 0.4140625 0.5708333333333333 0.01875 0.03333333333333333
2 0.4984375 0.6909722222222222 0.1828125 0.24027777777777778
2 0.425390625 0.6388888888888888 0.03046875 0.05555555555555555
