8 0.50546875 0.47638888888888886 0.0078125 0.022222222222222223
8 0.590234375 0.46805555555555556 0.00703125 0.022222222222222223
8 0.555078125 0.5118055555555555 0.00859375 0.018055555555555554
8 0.508203125 0.5041666666666667 0.00859375 0.019444444444444445
9 0.465234375 0.525 0.00859375 0.019444444444444445
9 0.438671875 0.5083333333333333 0.01171875 0.011111111111111112
9 0.417578125 0.5215277777777778 0.01796875 0.015277777777777777
8 0.433203125 0.5263888888888889 0.00859375 0.016666666666666666
2 0.463671875 0.5618055555555556 0.02421875 0.03194444444444444
2 0.4359375 0.5715277777777777 0.0171875 0.05138888888888889
2 0.41171875 0.5722222222222222 0.0515625 0.06666666666666667
2 0.3171875 0.6006944444444444 0.0515625 0.09305555555555556
2 0.2125 0.6097222222222223 0.175 0.19722222222222222
3 0.5359375 0.5423611111111111 0.01875 0.043055555555555555
2 0.55078125 0.5645833333333333 0.0171875 0.03194444444444444
2 0.694921875 0.5791666666666667 0.02109375 0.044444444444444446
2 0.681640625 0.5784722222222223 0.01640625 0.05416666666666667
2 0.725 0.5972222222222222 0.0671875 0.08888888888888889
3 0.63828125 0.54375 0.0765625 0.14027777777777778
9 0.36328125 0.49444444444444446 0.0171875 0.025
3 0.506640625 0.5375 0.01953125 0.016666666666666666
2 0.50546875 0.59375 0.0671875 0.10416666666666667
2 0.082421875 0.6555555555555556 0.16484375 0.2916666666666667
2 0.60546875 0.6173611111111111 0.125 0.18472222222222223
2 0.36953125 0.6125 0.090625 0.125
2 0.780859375 0.6118055555555556 0.10390625 0.10972222222222222
2 0.9140625 0.6604166666666667 0.16875 0.19583333333333333
9 0.013671875 0.3993055555555556 0.02734375 0.08472222222222223
