2 0.6625 0.5076388888888889 0.025 0.04027777777777778
2 0.69296875 0.5118055555555555 0.034375 0.04027777777777778
2 0.79609375 0.5284722222222222 0.040625 0.06527777777777778
2 0.856640625 0.5409722222222222 0.06015625 0.09027777777777778
2 0.92890625 0.5430555555555555 0.059375 0.08055555555555556
2 0.476953125 0.4777777777777778 0.02734375 0.025
2 0.2359375 0.4756944444444444 0.025 0.05694444444444444
2 0.1828125 0.4791666666666667 0.0484375 0.07222222222222222
2 0.126953125 0.49444444444444446 0.08203125 0.07222222222222222
2 0.068359375 0.5013888888888889 0.04296875 0.06666666666666667
2 0.012109375 0.5 0.02109375 0.06666666666666667
2 0.333203125 0.5298611111111111 0.21171875 0.24861111111111112
2 0.558984375 0.5104166666666666 0.06015625 0.0763888888888889
2 0.4859375 0.49930555555555556 0.0453125 0.04583333333333333
2 0.625390625 0.47638888888888886 0.01640625 0.025
2 0.60546875 0.4777777777777778 0.0171875 0.022222222222222223
2 0.439453125 0.49236111111111114 0.01640625 0.0375
2 0.458984375 0.4979166666666667 0.01484375 0.04583333333333333
8 0.521875 0.44027777777777777 0.0140625 0.025
