9 0.503125 0.45416666666666666 0.0125 0.019444444444444445
9 0.194921875 0.3597222222222222 0.01171875 0.013888888888888888
8 0.448828125 0.4388888888888889 0.00703125 0.016666666666666666
8 0.409375 0.43333333333333335 0.009375 0.013888888888888888
4 0.420703125 0.46805555555555556 0.01328125 0.016666666666666666
2 0.44765625 0.4736111111111111 0.009375 0.011111111111111112
2 0.457421875 0.4777777777777778 0.01015625 0.011111111111111112
2 0.467578125 0.4875 0.00859375 0.022222222222222223
2 0.4328125 0.49583333333333335 0.0328125 0.04722222222222222
2 0.4828125 0.5006944444444444 0.03125 0.0375
2 0.39453125 0.48055555555555557 0.0125 0.019444444444444445
2 0.3734375 0.4777777777777778 0.0140625 0.027777777777777776
2 0.358984375 0.4777777777777778 0.01484375 0.019444444444444445
2 0.29609375 0.4895833333333333 0.0296875 0.043055555555555555
2 0.288671875 0.46597222222222223 0.01796875 0.020833333333333332
2 0.2578125 0.46875 0.0234375 0.02638888888888889
2 0.235546875 0.46875 0.02421875 0.029166666666666667
2 0.221484375 0.46319444444444446 0.01796875 0.018055555555555554
2 0.190234375 0.4666666666666667 0.05390625 0.03888888888888889
2 0.332421875 0.48333333333333334 0.04921875 0.07777777777777778
2 0.223046875 0.49444444444444446 0.05859375 0.05555555555555555
2 0.1203125 0.4597222222222222 0.05 0.025
2 0.095703125 0.44930555555555557 0.02578125 0.0125
2 0.075390625 0.44930555555555557 0.04453125 0.029166666666666667
2 0.056640625 0.4534722222222222 0.05234375 0.04583333333333333
2 0.02734375 0.4534722222222222 0.0546875 0.04583333333333333
2 0.033203125 0.49930555555555556 0.06640625 0.09583333333333334
2 0.10625 0.5006944444444444 0.09375 0.08194444444444444
2 0.523828125 0.5201388888888889 0.04921875 0.06805555555555555
2 0.5828125 0.54375 0.096875 0.11527777777777778
3 0.68046875 0.5027777777777778 0.0625 0.041666666666666664
2 0.8734375 0.5125 0.11875 0.058333333333333334
2 0.9609375 0.5409722222222222 0.0734375 0.06805555555555555
2 0.7390625 0.6361111111111111 0.26875 0.26666666666666666
2 0.889453125 0.7041666666666667 0.21796875 0.39444444444444443
