8 0.240234375 0.3659722222222222 0.00859375 0.020833333333333332
8 0.1875 0.4173611111111111 0.00625 0.020833333333333332
8 0.1828125 0.4375 0.0109375 0.013888888888888888
8 0.2796875 0.38055555555555554 0.00625 0.019444444444444445
8 0.47890625 0.39791666666666664 0.00625 0.020833333333333332
8 0.24765625 0.36666666666666664 0.0046875 0.019444444444444445
8 0.1109375 0.37430555555555556 0.00625 0.02361111111111111
8 0.100390625 0.43194444444444446 0.01171875 0.016666666666666666
9 0.624609375 0.22013888888888888 0.02109375 0.018055555555555554
9 0.60390625 0.20555555555555555 0.0171875 0.027777777777777776
9 0.623828125 0.19652777777777777 0.02265625 0.029166666666666667
9 0.61015625 0.16180555555555556 0.0234375 0.05138888888888889
9 0.560546875 0.3090277777777778 0.02265625 0.12083333333333333
9 0.248828125 0.4125 0.01328125 0.027777777777777776
9 0.463671875 0.39791666666666664 0.01015625 0.02361111111111111
1 0.173046875 0.4722222222222222 0.01484375 0.030555555555555555
2 0.36875 0.44166666666666665 0.0125 0.025
2 0.311328125 0.44166666666666665 0.02265625 0.016666666666666666
2 0.42734375 0.4354166666666667 0.0125 0.02361111111111111
2 0.45078125 0.43194444444444446 0.0171875 0.016666666666666666
2 0.2765625 0.46805555555555556 0.0390625 0.058333333333333334
2 0.3453125 0.46111111111111114 0.0421875 0.058333333333333334
2 0.066796875 0.4888888888888889 0.05078125 0.05
2 0.2046875 0.4791666666666667 0.0140625 0.06388888888888888
2 0.38671875 0.46111111111111114 0.04375 0.07222222222222222
2 0.32109375 0.47638888888888886 0.0515625 0.06111111111111111
2 0.233984375 0.48125 0.07265625 0.07916666666666666
