2 0.465625 0.3236111111111111 0.009375 0.008333333333333333
2 0.45625 0.3229166666666667 0.0078125 0.015277777777777777
2 0.42421875 0.3375 0.0171875 0.030555555555555555
2 0.384375 0.3368055555555556 0.0140625 0.03194444444444444
2 0.373046875 0.34305555555555556 0.01640625 0.03333333333333333
2 0.3578125 0.34930555555555554 0.03125 0.04861111111111111
2 0.5453125 0.33125 0.01875 0.018055555555555554
2 0.58671875 0.3159722222222222 0.0296875 0.020833333333333332
2 0.594921875 0.3298611111111111 0.03984375 0.043055555555555555
2 0.618359375 0.33125 0.06953125 0.05138888888888889
2 0.66796875 0.3402777777777778 0.0515625 0.058333333333333334
2 0.634765625 0.38055555555555554 0.09921875 0.11944444444444445
2 0.320703125 0.3590277777777778 0.05546875 0.07361111111111111
2 0.496484375 0.40347222222222223 0.10390625 0.16527777777777777
2 0.794921875 0.4354166666666667 0.27265625 0.28194444444444444
2 0.70390625 0.3159722222222222 0.0328125 0.02361111111111111
8 0.469921875 0.18333333333333332 0.00703125 0.03888888888888889
8 0.7703125 0.16180555555555556 0.015625 0.06805555555555555
8 0.7859375 0.2298611111111111 0.0234375 0.034722222222222224
2 0.4015625 0.35347222222222224 0.0390625 0.0625
