2 0.00703125 0.6006944444444444 0.0140625 0.07916666666666666
2 0.040625 0.5986111111111111 0.06875 0.058333333333333334
2 0.079296875 0.5986111111111111 0.01484375 0.05
2 0.096484375 0.5958333333333333 0.02109375 0.041666666666666664
2 0.12109375 0.5972222222222222 0.0515625 0.04722222222222222
2 0.1421875 0.5861111111111111 0.0140625 0.025
2 0.17265625 0.5923611111111111 0.0140625 0.0375
2 0.191796875 0.5930555555555556 0.02421875 0.03611111111111111
2 0.215625 0.5861111111111111 0.0203125 0.025
2 0.34296875 0.5881944444444445 0.01875 0.029166666666666667
2 0.38125 0.5881944444444445 0.0109375 0.029166666666666667
2 0.396875 0.58125 0.01875 0.02361111111111111
2 0.304296875 0.5868055555555556 0.01640625 0.018055555555555554
2 0.362890625 0.5895833333333333 0.03046875 0.04583333333333333
2 0.328515625 0.5944444444444444 0.02734375 0.03333333333333333
2 0.28671875 0.5833333333333334 0.0125 0.011111111111111112
2 0.242578125 0.5909722222222222 0.02890625 0.020833333333333332
8 0.36484375 0.5222222222222223 0.0078125 0.016666666666666666
8 0.319921875 0.5361111111111111 0.00703125 0.019444444444444445
8 0.206640625 0.5194444444444445 0.00703125 0.019444444444444445
