8 0.5484375 0.29444444444444445 0.015625 0.044444444444444446
8 0.19453125 0.2 0.025 0.09166666666666666
8 0.109765625 0.35694444444444445 0.02734375 0.044444444444444446
8 0.4828125 0.4534722222222222 0.009375 0.020833333333333332
8 0.461328125 0.45555555555555555 0.01015625 0.022222222222222223
8 0.098046875 0.44722222222222224 0.01953125 0.03333333333333333
8 0.73359375 0.41597222222222224 0.0171875 0.034722222222222224
8 0.534375 0.2902777777777778 0.0125 0.041666666666666664
9 0.0921875 0.3993055555555556 0.0453125 0.02638888888888889
9 0.730078125 0.3701388888888889 0.02890625 0.02361111111111111
9 0.74609375 0.33125 0.0234375 0.020833333333333332
9 0.497265625 0.4583333333333333 0.01484375 0.016666666666666666
9 0.446484375 0.4625 0.01328125 0.016666666666666666
9 0.345703125 0.47291666666666665 0.01171875 0.02361111111111111
9 0.5375 0.4673611111111111 0.0109375 0.02638888888888889
2 0.406640625 0.49722222222222223 0.01484375 0.013888888888888888
2 0.39609375 0.5013888888888889 0.0140625 0.019444444444444445
2 0.38671875 0.5020833333333333 0.0171875 0.020833333333333332
2 0.5 0.49444444444444446 0.0171875 0.027777777777777776
2 0.516015625 0.5 0.01953125 0.030555555555555555
2 0.534375 0.5013888888888889 0.021875 0.03333333333333333
2 0.54765625 0.5048611111111111 0.021875 0.04027777777777778
2 0.566015625 0.5055555555555555 0.03046875 0.04722222222222222
2 0.596875 0.5118055555555555 0.0453125 0.0625
2 0.320703125 0.525 0.02734375 0.04722222222222222
2 0.300390625 0.5256944444444445 0.02890625 0.04861111111111111
2 0.273046875 0.5291666666666667 0.03828125 0.075
2 0.377734375 0.5048611111111111 0.01953125 0.034722222222222224
2 0.65078125 0.5173611111111112 0.078125 0.0875
2 0.2296875 0.54375 0.0734375 0.08472222222222223
2 0.7671875 0.5368055555555555 0.134375 0.12638888888888888
