2 0.076171875 0.6611111111111111 0.11015625 0.1111111111111111
2 0.625 0.6284722222222222 0.271875 0.3958333333333333
2 0.425 0.5673611111111111 0.021875 0.0375
2 0.1640625 0.6340277777777777 0.065625 0.06805555555555555
2 0.2203125 0.6145833333333334 0.04375 0.04861111111111111
2 0.499609375 0.5916666666666667 0.05390625 0.1527777777777778
2 0.4734375 0.5743055555555555 0.03125 0.10972222222222222
2 0.459375 0.5638888888888889 0.01875 0.05277777777777778
2 0.271875 0.60625 0.0421875 0.04027777777777778
2 0.3375 0.5840277777777778 0.021875 0.03194444444444444
2 0.300390625 0.5923611111111111 0.02578125 0.029166666666666667
2 0.353515625 0.5833333333333334 0.01171875 0.025
2 0.36328125 0.5784722222222223 0.0125 0.02361111111111111
2 0.37421875 0.5708333333333333 0.0125 0.013888888888888888
2 0.386328125 0.5694444444444444 0.01015625 0.022222222222222223
2 0.408984375 0.5625 0.01328125 0.022222222222222223
9 0.894921875 0.041666666666666664 0.05703125 0.08333333333333333
