8 0.05625 0.54375 0.0125 0.02361111111111111
8 0.150390625 0.4222222222222222 0.01015625 0.03333333333333333
8 0.34609375 0.375 0.0078125 0.03333333333333333
8 0.158203125 0.4284722222222222 0.00859375 0.020833333333333332
8 0.151171875 0.5 0.01640625 0.019444444444444445
8 0.353515625 0.3715277777777778 0.00703125 0.03194444444444444
8 0.469140625 0.42083333333333334 0.01015625 0.025
9 0.0421875 0.5236111111111111 0.0203125 0.011111111111111112
9 0.44375 0.2965277777777778 0.015625 0.04583333333333333
9 0.46328125 0.34930555555555554 0.03125 0.018055555555555554
9 0.451953125 0.38333333333333336 0.02265625 0.016666666666666666
2 0.341796875 0.5229166666666667 0.01484375 0.0375
2 0.333203125 0.5284722222222222 0.01953125 0.04861111111111111
2 0.31328125 0.5354166666666667 0.0328125 0.05416666666666667
2 0.351171875 0.5284722222222222 0.01328125 0.04861111111111111
3 0.237890625 0.5645833333333333 0.13515625 0.19583333333333333
2 0.378515625 0.5229166666666667 0.04765625 0.07361111111111111
3 0.525390625 0.4597222222222222 0.04453125 0.06388888888888888
