8 0.499609375 0.04097222222222222 0.02265625 0.08194444444444444
8 0.47421875 0.03958333333333333 0.0234375 0.07916666666666666
2 0.424609375 0.3923611111111111 0.00859375 0.0125
2 0.41328125 0.3909722222222222 0.0078125 0.015277777777777777
2 0.404296875 0.4076388888888889 0.01015625 0.015277777777777777
2 0.394921875 0.3972222222222222 0.00703125 0.013888888888888888
2 0.383203125 0.40555555555555556 0.00546875 0.016666666666666666
2 0.37578125 0.40694444444444444 0.0109375 0.013888888888888888
2 0.367578125 0.41041666666666665 0.01015625 0.018055555555555554
2 0.389453125 0.4284722222222222 0.02578125 0.034722222222222224
2 0.356640625 0.4083333333333333 0.00859375 0.019444444444444445
2 0.26953125 0.41875 0.025 0.02638888888888889
2 0.240234375 0.4527777777777778 0.05546875 0.07222222222222222
2 0.363671875 0.44375 0.02109375 0.0625
2 0.312109375 0.45069444444444445 0.09453125 0.12916666666666668
2 0.434765625 0.4027777777777778 0.00859375 0.022222222222222223
2 0.44765625 0.4027777777777778 0.015625 0.019444444444444445
2 0.461328125 0.4305555555555556 0.01796875 0.044444444444444446
2 0.491015625 0.4326388888888889 0.04765625 0.08472222222222223
2 0.50546875 0.44930555555555557 0.04375 0.08194444444444444
2 0.52578125 0.4576388888888889 0.0515625 0.0875
8 0.026171875 0.32569444444444445 0.02109375 0.04583333333333333
9 0.015234375 0.22847222222222222 0.03046875 0.02638888888888889
8 0.71015625 0.30694444444444446 0.025 0.03888888888888889
9 0.676953125 0.23819444444444443 0.04453125 0.02638888888888889
9 0.700390625 0.20347222222222222 0.02890625 0.02638888888888889
2 0.948828125 0.48680555555555555 0.10078125 0.12916666666666668
2 0.4484375 0.4222222222222222 0.0171875 0.030555555555555555
