4 0.294140625 0.4076388888888889 0.09453125 0.059722222222222225
4 0.122265625 0.4048611111111111 0.24453125 0.2013888888888889
2 0.223046875 0.4583333333333333 0.04296875 0.08055555555555556
2 0.142578125 0.45208333333333334 0.11640625 0.10694444444444444
2 0.26171875 0.4652777777777778 0.0875 0.09444444444444444
9 0.259765625 0.4326388888888889 0.02890625 0.05138888888888889
2 0.49921875 0.44930555555555557 0.0140625 0.020833333333333332
3 0.5359375 0.45416666666666666 0.025 0.05277777777777778
8 0.479296875 0.02013888888888889 0.02265625 0.04027777777777778
8 0.05859375 0.04513888888888889 0.028125 0.0875
8 0.066796875 0.12291666666666666 0.03515625 0.09583333333333334
2 0.367578125 0.4375 0.02421875 0.013888888888888888
4 0.382421875 0.42777777777777776 0.03984375 0.025
9 0.559375 0.3840277777777778 0.025 0.059722222222222225
