2 0.536328125 0.48541666666666666 0.02109375 0.02361111111111111
2 0.46171875 0.5416666666666666 0.0859375 0.1361111111111111
2 0.611328125 0.48125 0.02265625 0.029166666666666667
2 0.613671875 0.4548611111111111 0.02265625 0.015277777777777777
8 0.623046875 0.39652777777777776 0.00546875 0.015277777777777777
8 0.598828125 0.4027777777777778 0.00703125 0.013888888888888888
8 0.57421875 0.4173611111111111 0.00625 0.015277777777777777
9 0.6484375 0.35625 0.025 0.05694444444444444
9 0.283203125 0.23680555555555555 0.05859375 0.1375
2 0.134375 0.5784722222222223 0.034375 0.02361111111111111
9 0.67421875 0.43194444444444446 0.0265625 0.03333333333333333
