8 0.483984375 0.20902777777777778 0.01328125 0.05694444444444444
8 0.916796875 0.23194444444444445 0.02421875 0.06944444444444445
8 0.973828125 0.22916666666666666 0.04765625 0.08888888888888889
8 0.469921875 0.20972222222222223 0.01171875 0.058333333333333334
8 0.174609375 0.11041666666666666 0.01484375 0.05694444444444444
8 0.194140625 0.10416666666666667 0.01484375 0.06111111111111111
2 0.346875 0.4861111111111111 0.015625 0.05
2 0.333984375 0.49583333333333335 0.02421875 0.07777777777777778
2 0.28515625 0.46875 0.021875 0.02361111111111111
2 0.248828125 0.4979166666666667 0.06484375 0.07361111111111111
2 0.3046875 0.4951388888888889 0.06875 0.0763888888888889
9 0.941015625 0.32569444444444445 0.04296875 0.0875
2 0.853125 0.525 0.2890625 0.3277777777777778
2 0.94375 0.6416666666666667 0.1078125 0.33611111111111114
2 0.5125 0.5388888888888889 0.3515625 0.4527777777777778
9 0.937890625 0.16875 0.07734375 0.043055555555555555
