2 0.576171875 0.5166666666666667 0.02109375 0.058333333333333334
2 0.59375 0.5270833333333333 0.040625 0.08472222222222223
2 0.645703125 0.5777777777777777 0.11015625 0.16111111111111112
2 0.5015625 0.55 0.08125 0.11944444444444445
2 0.251171875 0.5770833333333333 0.15078125 0.14027777777777778
2 0.08671875 0.7916666666666666 0.1734375 0.40555555555555556
9 0.711328125 0.24583333333333332 0.07109375 0.030555555555555555
9 0.565625 0.4513888888888889 0.0421875 0.030555555555555555
9 0.66015625 0.41388888888888886 0.01875 0.030555555555555555
9 0.66875 0.4423611111111111 0.0171875 0.02638888888888889
8 0.645703125 0.19722222222222222 0.01796875 0.06944444444444445
8 0.4921875 0.4263888888888889 0.0125 0.03333333333333333
8 0.574609375 0.41458333333333336 0.01328125 0.02361111111111111
8 0.62734375 0.19791666666666666 0.0125 0.06527777777777778
8 0.659375 0.19652777777777777 0.0125 0.06805555555555555
8 0.135546875 0.4791666666666667 0.02109375 0.03611111111111111
8 0.78671875 0.41597222222222224 0.025 0.034722222222222224
