3 0.340234375 0.5597222222222222 0.18671875 0.21388888888888888
3 0.469140625 0.5729166666666666 0.07265625 0.10138888888888889
3 0.03203125 0.5715277777777777 0.0640625 0.20972222222222223
2 0.542578125 0.5854166666666667 0.02890625 0.043055555555555555
2 0.576171875 0.5833333333333334 0.03359375 0.03888888888888889
2 0.77890625 0.5652777777777778 0.0125 0.022222222222222223
2 0.794921875 0.5673611111111111 0.02734375 0.029166666666666667
2 0.648828125 0.5715277777777777 0.01640625 0.020833333333333332
2 0.619921875 0.5736111111111111 0.02890625 0.025
2 0.7 0.5597222222222222 0.021875 0.025
2 0.741015625 0.5659722222222222 0.01171875 0.015277777777777777
