8 0.268359375 0.18194444444444444 0.01328125 0.05555555555555555
8 0.57421875 0.26180555555555557 0.00625 0.04027777777777778
8 0.50234375 0.4201388888888889 0.0078125 0.02638888888888889
8 0.485546875 0.4152777777777778 0.00703125 0.022222222222222223
8 0.4578125 0.3972222222222222 0.009375 0.019444444444444445
8 0.43515625 0.40069444444444446 0.0078125 0.02361111111111111
8 0.444921875 0.4270833333333333 0.01015625 0.0125
8 0.43203125 0.4263888888888889 0.0078125 0.011111111111111112
8 0.73515625 0.35625 0.0109375 0.03194444444444444
8 0.7390625 0.15833333333333333 0.025 0.10833333333333334
8 0.7625 0.3590277777777778 0.0265625 0.04583333333333333
9 0.741015625 0.2826388888888889 0.03046875 0.02638888888888889
9 0.762109375 0.25 0.03359375 0.019444444444444445
2 0.45234375 0.46111111111111114 0.03125 0.044444444444444446
2 0.423828125 0.46041666666666664 0.03671875 0.0625
2 0.33984375 0.46041666666666664 0.1296875 0.10972222222222222
2 0.259375 0.4652777777777778 0.03125 0.05277777777777778
2 0.208984375 0.4736111111111111 0.06953125 0.06944444444444445
2 0.113671875 0.46319444444444446 0.10390625 0.11805555555555555
2 0.0296875 0.4479166666666667 0.059375 0.1597222222222222
3 0.530859375 0.43333333333333335 0.02890625 0.044444444444444446
2 0.530859375 0.4576388888888889 0.01328125 0.029166666666666667
2 0.544921875 0.4583333333333333 0.01171875 0.030555555555555555
2 0.55234375 0.44583333333333336 0.0125 0.030555555555555555
2 0.57109375 0.45069444444444445 0.025 0.034722222222222224
