2 0.026953125 0.7006944444444444 0.05390625 0.11805555555555555
2 0.056640625 0.5180555555555556 0.11171875 0.23333333333333334
2 0.511328125 0.5354166666666667 0.23828125 0.3625
2 0.28046875 0.43194444444444446 0.0703125 0.09722222222222222
2 0.356640625 0.4361111111111111 0.07109375 0.10555555555555556
2 0.0828125 0.425 0.075 0.058333333333333334
2 0.173046875 0.4236111111111111 0.06171875 0.03611111111111111
2 0.203515625 0.41875 0.02890625 0.05138888888888889
2 0.2453125 0.4166666666666667 0.021875 0.041666666666666664
2 0.397265625 0.41041666666666665 0.02578125 0.04861111111111111
2 0.41171875 0.4 0.01875 0.03611111111111111
2 0.3171875 0.41805555555555557 0.025 0.044444444444444446
9 0.082421875 0.21041666666666667 0.03515625 0.09027777777777778
9 0.09375 0.14791666666666667 0.053125 0.06805555555555555
9 0.090625 0.20555555555555555 0.0703125 0.06944444444444445
9 0.3078125 0.28680555555555554 0.01875 0.034722222222222224
9 0.309765625 0.325 0.02578125 0.016666666666666666
9 0.31015625 0.3506944444444444 0.021875 0.0125
9 0.43125 0.33194444444444443 0.0203125 0.03611111111111111
9 0.478515625 0.32222222222222224 0.00859375 0.022222222222222223
9 0.475 0.35 0.009375 0.025
9 0.541796875 0.2263888888888889 0.05078125 0.09166666666666666
2 0.62265625 0.42986111111111114 0.053125 0.05416666666666667
9 0.09765625 0.27708333333333335 0.0546875 0.02361111111111111
