8 0.222265625 0.2604166666666667 0.01171875 0.08194444444444444
8 0.43046875 0.4173611111111111 0.009375 0.05694444444444444
8 0.25 0.25277777777777777 0.0203125 0.06388888888888888
8 0.23359375 0.4673611111111111 0.009375 0.029166666666666667
8 0.233984375 0.5298611111111111 0.01171875 0.02638888888888889
8 0.59296875 0.5097222222222222 0.015625 0.03333333333333333
8 0.441796875 0.41458333333333336 0.01171875 0.05138888888888889
9 0.478125 0.4111111111111111 0.0125 0.03611111111111111
9 0.566796875 0.5381944444444444 0.01015625 0.0125
9 0.569140625 0.5638888888888889 0.01015625 0.019444444444444445
9 0.23515625 0.5034722222222222 0.015625 0.020833333333333332
9 0.820703125 0.5097222222222222 0.01640625 0.025
2 0.40078125 0.5951388888888889 0.025 0.0375
