2 0.816796875 0.46805555555555556 0.36171875 0.4444444444444444
2 0.5609375 0.36666666666666664 0.1296875 0.15555555555555556
2 0.5046875 0.3527777777777778 0.0703125 0.11666666666666667
3 0.4796875 0.32013888888888886 0.071875 0.12083333333333333
2 0.439453125 0.33125 0.01171875 0.05138888888888889
2 0.43046875 0.3277777777777778 0.009375 0.03888888888888889
2 0.42265625 0.32430555555555557 0.0078125 0.0375
2 0.415234375 0.32708333333333334 0.00859375 0.02361111111111111
2 0.40625 0.3236111111111111 0.021875 0.030555555555555555
2 0.396875 0.31666666666666665 0.0265625 0.03888888888888889
2 0.35625 0.32222222222222224 0.015625 0.013888888888888888
2 0.337109375 0.325 0.01171875 0.013888888888888888
8 0.30078125 0.2965277777777778 0.00625 0.02361111111111111
8 0.3296875 0.25625 0.0046875 0.020833333333333332
8 0.348046875 0.24930555555555556 0.00703125 0.020833333333333332
