2 0.41796875 0.6472222222222223 0.0265625 0.03888888888888889
2 0.389453125 0.6548611111111111 0.03828125 0.09027777777777778
2 0.571484375 0.6722222222222223 0.04296875 0.07222222222222222
2 0.600390625 0.6861111111111111 0.01484375 0.027777777777777776
2 0.933984375 0.7673611111111112 0.05234375 0.13194444444444445
2 0.96796875 0.7284722222222222 0.0359375 0.04861111111111111
2 0.6265625 0.6840277777777778 0.040625 0.05416666666666667
2 0.506640625 0.6798611111111111 0.09140625 0.15138888888888888
3 0.1875 0.5125 0.375 0.7111111111111111
2 0.794921875 0.7458333333333333 0.23203125 0.275
8 0.63203125 0.5513888888888889 0.0046875 0.022222222222222223
8 0.4015625 0.5013888888888889 0.00625 0.025
2 0.971484375 0.7826388888888889 0.05390625 0.13194444444444445
