9 0.539453125 0.2513888888888889 0.13359375 0.075
9 0.623046875 0.2465277777777778 0.03359375 0.0763888888888889
9 0.566015625 0.3611111111111111 0.01171875 0.03888888888888889
9 0.637890625 0.3611111111111111 0.01015625 0.019444444444444445
9 0.510546875 0.36736111111111114 0.01484375 0.0125
3 0.49375 0.38125 0.021875 0.05416666666666667
3 0.473828125 0.3736111111111111 0.01796875 0.030555555555555555
2 0.47109375 0.39305555555555555 0.0125 0.016666666666666666
2 0.403125 0.3993055555555556 0.0234375 0.0375
2 0.012890625 0.3909722222222222 0.02421875 0.0375
2 0.050390625 0.48680555555555555 0.09921875 0.15694444444444444
2 0.373828125 0.4111111111111111 0.03671875 0.05
2 0.3265625 0.4131944444444444 0.034375 0.04027777777777778
2 0.276171875 0.4201388888888889 0.06328125 0.06805555555555555
2 0.489453125 0.40347222222222223 0.02265625 0.029166666666666667
2 0.441015625 0.43819444444444444 0.07421875 0.12083333333333333
3 0.68203125 0.37916666666666665 0.04375 0.027777777777777776
2 0.94375 0.38472222222222224 0.0234375 0.013888888888888888
