9 0.7796875 0.2965277777777778 0.0828125 0.07361111111111111
2 0.36875 0.44513888888888886 0.0140625 0.02361111111111111
2 0.34375 0.45694444444444443 0.03125 0.04722222222222222
2 0.29453125 0.4652777777777778 0.0578125 0.08055555555555556
2 0.09765625 0.42569444444444443 0.040625 0.03194444444444444
2 0.039453125 0.41944444444444445 0.03671875 0.027777777777777776
2 0.02109375 0.4201388888888889 0.0421875 0.029166666666666667
2 0.484375 0.45902777777777776 0.0296875 0.05138888888888889
3 0.407421875 0.43680555555555556 0.05859375 0.11527777777777778
2 0.68671875 0.49375 0.1078125 0.10972222222222222
9 0.5234375 0.41944444444444445 0.0125 0.03611111111111111
2 0.436328125 0.4875 0.08984375 0.13055555555555556
2 0.191796875 0.4826388888888889 0.18828125 0.1986111111111111
