9 0.63125 0.3680555555555556 0.0765625 0.075
9 0.50625 0.41875 0.009375 0.018055555555555554
2 0.529296875 0.4701388888888889 0.02421875 0.06527777777777778
2 0.35703125 0.4444444444444444 0.0078125 0.016666666666666666
2 0.339453125 0.4444444444444444 0.00859375 0.016666666666666666
4 0.415625 0.41875 0.0640625 0.15416666666666667
2 0.0515625 0.44375 0.0453125 0.034722222222222224
2 0.11328125 0.44305555555555554 0.0515625 0.04722222222222222
2 0.162890625 0.44375 0.02890625 0.02638888888888889
2 0.19921875 0.4486111111111111 0.0375 0.03611111111111111
2 0.2328125 0.44583333333333336 0.028125 0.03611111111111111
2 0.28515625 0.4479166666666667 0.021875 0.02638888888888889
2 0.3046875 0.44722222222222224 0.0140625 0.016666666666666666
2 0.33046875 0.44375 0.0125 0.018055555555555554
2 0.365234375 0.4444444444444444 0.00859375 0.016666666666666666
2 0.348828125 0.44583333333333336 0.01015625 0.019444444444444445
2 0.377734375 0.44583333333333336 0.01171875 0.013888888888888888
2 0.475390625 0.5041666666666667 0.13984375 0.19444444444444445
9 0.453125 0.40208333333333335 0.0140625 0.018055555555555554
9 0.314453125 0.3902777777777778 0.01328125 0.005555555555555556
9 0.31953125 0.4 0.0234375 0.013888888888888888
9 0.212890625 0.41458333333333336 0.00703125 0.018055555555555554
9 0.3703125 0.42916666666666664 0.0078125 0.022222222222222223
9 0.3578125 0.4305555555555556 0.0046875 0.016666666666666666
