2 0.19140625 0.5138888888888888 0.021875 0.07777777777777778
2 0.239453125 0.5347222222222222 0.08203125 0.11388888888888889
2 0.5734375 0.5395833333333333 0.140625 0.12361111111111112
2 0.686328125 0.55625 0.14765625 0.10972222222222222
2 0.929296875 0.55 0.12265625 0.14166666666666666
2 0.9828125 0.5611111111111111 0.0328125 0.1
2 0.8890625 0.5673611111111111 0.1265625 0.10138888888888889
2 0.81484375 0.6902777777777778 0.36875 0.30833333333333335
2 0.114453125 0.5243055555555556 0.14296875 0.20694444444444443
2 0.026171875 0.5326388888888889 0.05234375 0.22361111111111112
9 0.73125 0.45208333333333334 0.0328125 0.02638888888888889
2 0.33828125 0.5451388888888888 0.140625 0.15138888888888888
