2 0.4 0.6527777777777778 0.0203125 0.019444444444444445
2 0.4171875 0.6534722222222222 0.0125 0.015277777777777777
2 0.430859375 0.6479166666666667 0.01328125 0.015277777777777777
2 0.4453125 0.6555555555555556 0.009375 0.016666666666666666
2 0.453515625 0.6576388888888889 0.01015625 0.020833333333333332
2 0.384765625 0.6597222222222222 0.01796875 0.030555555555555555
2 0.365234375 0.6541666666666667 0.02578125 0.044444444444444446
2 0.35546875 0.6597222222222222 0.015625 0.04722222222222222
2 0.34375 0.6576388888888889 0.0171875 0.05416666666666667
2 0.330078125 0.6548611111111111 0.01953125 0.07361111111111111
2 0.322265625 0.6548611111111111 0.02109375 0.07916666666666666
2 0.294140625 0.6631944444444444 0.06171875 0.10138888888888889
2 0.2703125 0.6833333333333333 0.0828125 0.1111111111111111
2 0.534765625 0.6729166666666667 0.03984375 0.04861111111111111
2 0.571484375 0.6743055555555556 0.05703125 0.0763888888888889
2 0.166796875 0.7048611111111112 0.18515625 0.16805555555555557
2 0.4625 0.6611111111111111 0.015625 0.022222222222222223
2 0.42890625 0.65625 0.0125 0.015277777777777777
2 0.639453125 0.6930555555555555 0.08359375 0.09722222222222222
2 0.805078125 0.7423611111111111 0.19140625 0.15694444444444444
9 0.1421875 0.48680555555555555 0.025 0.07083333333333333
9 0.391015625 0.6215277777777778 0.00703125 0.006944444444444444
8 0.446875 0.5951388888888889 0.0046875 0.015277777777777777
8 0.41015625 0.5895833333333333 0.0046875 0.015277777777777777
8 0.429296875 0.6180555555555556 0.00390625 0.013888888888888888
8 0.414453125 0.6111111111111112 0.00390625 0.013888888888888888
8 0.4171875 0.625 0.0046875 0.013888888888888888
8 0.427734375 0.6284722222222222 0.00390625 0.0125
