2 0.4875 0.5854166666666667 0.071875 0.09027777777777778
2 0.43046875 0.5736111111111111 0.01875 0.03333333333333333
2 0.5671875 0.5638888888888889 0.0546875 0.041666666666666664
9 0.476953125 0.5104166666666666 0.01171875 0.02361111111111111
9 0.4203125 0.5361111111111111 0.009375 0.013888888888888888
9 0.275390625 0.5138888888888888 0.01953125 0.025
8 0.278125 0.49027777777777776 0.0078125 0.019444444444444445
8 0.3203125 0.5 0.00625 0.016666666666666666
8 0.3875 0.4875 0.0078125 0.022222222222222223
2 0.08203125 0.5875 0.0609375 0.03888888888888889
2 0.418359375 0.56875 0.01484375 0.018055555555555554
2 0.9859375 0.55 0.0265625 0.05
8 0.934765625 0.5055555555555555 0.00703125 0.016666666666666666
2 0.390625 0.5638888888888889 0.0171875 0.027777777777777776
2 0.355078125 0.5659722222222222 0.01171875 0.018055555555555554
2 0.376953125 0.5680555555555555 0.01015625 0.011111111111111112
2 0.364453125 0.5673611111111111 0.00859375 0.020833333333333332
2 0.3421875 0.5694444444444444 0.0140625 0.013888888888888888
2 0.21875 0.5729166666666666 0.0515625 0.02361111111111111
9 0.27265625 0.5375 0.009375 0.019444444444444445
