9 0.044140625 0.28958333333333336 0.04765625 0.034722222222222224
9 0.60078125 0.35625 0.0140625 0.02361111111111111
9 0.64296875 0.25069444444444444 0.025 0.018055555555555554
9 0.039453125 0.33055555555555555 0.01171875 0.041666666666666664
9 0.7484375 0.42291666666666666 0.0234375 0.04583333333333333
9 0.66484375 0.29375 0.04375 0.034722222222222224
9 0.52265625 0.4013888888888889 0.0078125 0.016666666666666666
2 0.428125 0.44930555555555557 0.0125 0.02361111111111111
2 0.42578125 0.4597222222222222 0.009375 0.022222222222222223
2 0.41953125 0.45625 0.0140625 0.02361111111111111
2 0.407421875 0.46041666666666664 0.01640625 0.0375
2 0.396875 0.46041666666666664 0.021875 0.04583333333333333
2 0.376171875 0.46597222222222223 0.03671875 0.06805555555555555
2 0.362890625 0.47291666666666665 0.02734375 0.07083333333333333
2 0.347265625 0.4861111111111111 0.03828125 0.09166666666666666
2 0.467578125 0.45625 0.01328125 0.029166666666666667
2 0.47578125 0.45902777777777776 0.0125 0.034722222222222224
2 0.48828125 0.45902777777777776 0.0234375 0.05138888888888889
2 0.50703125 0.4618055555555556 0.0296875 0.06805555555555555
2 0.536328125 0.4701388888888889 0.06640625 0.09027777777777778
2 0.3046875 0.48819444444444443 0.0859375 0.11527777777777778
2 0.5609375 0.48680555555555555 0.0796875 0.09305555555555556
2 0.967578125 0.5020833333333333 0.06171875 0.12083333333333333
