2 0.323828125 0.6541666666666667 0.06484375 0.06666666666666667
2 0.361328125 0.64375 0.02421875 0.04861111111111111
2 0.383203125 0.6402777777777777 0.02421875 0.03333333333333333
2 0.438671875 0.6395833333333333 0.01953125 0.02638888888888889
2 0.458984375 0.6326388888888889 0.01171875 0.0125
8 0.39375 0.5875 0.00625 0.025
8 0.42421875 0.5680555555555555 0.00625 0.022222222222222223
8 0.454296875 0.5944444444444444 0.00546875 0.013888888888888888
8 0.4875 0.6125 0.0046875 0.013888888888888888
8 0.5140625 0.5715277777777777 0.00625 0.0125
8 0.49609375 0.6208333333333333 0.0046875 0.011111111111111112
9 0.51328125 0.5979166666666667 0.0109375 0.006944444444444444
