8 0.416015625 0.2847222222222222 0.01171875 0.03611111111111111
8 0.39375 0.3680555555555556 0.0078125 0.027777777777777776
8 0.435546875 0.3875 0.00859375 0.025
8 0.45703125 0.3770833333333333 0.0078125 0.02361111111111111
8 0.3421875 0.4027777777777778 0.0171875 0.027777777777777776
8 0.31640625 0.3770833333333333 0.015625 0.02361111111111111
8 0.42578125 0.2847222222222222 0.0109375 0.03611111111111111
8 0.308984375 0.29375 0.01171875 0.04027777777777778
8 0.29765625 0.38263888888888886 0.0109375 0.02638888888888889
9 0.3046875 0.35138888888888886 0.0171875 0.027777777777777776
9 0.340625 0.3715277777777778 0.0125 0.020833333333333332
9 0.33984375 0.34444444444444444 0.01875 0.019444444444444445
8 0.09765625 0.26944444444444443 0.0171875 0.04722222222222222
8 0.158984375 0.2659722222222222 0.01328125 0.034722222222222224
2 0.4375 0.4625 0.015625 0.030555555555555555
2 0.453125 0.4736111111111111 0.03125 0.075
2 0.55859375 0.4486111111111111 0.0109375 0.011111111111111112
2 0.548046875 0.45069444444444445 0.01015625 0.020833333333333332
2 0.499609375 0.4840277777777778 0.08203125 0.14305555555555555
2 0.414453125 0.47291666666666665 0.04921875 0.07083333333333333
2 0.11796875 0.48680555555555555 0.0484375 0.08472222222222223
2 0.240234375 0.525 0.21796875 0.21944444444444444
2 0.05390625 0.4861111111111111 0.1078125 0.11388888888888889
