8 0.39921875 0.4722222222222222 0.0109375 0.016666666666666666
8 0.373828125 0.4576388888888889 0.00859375 0.018055555555555554
9 0.25 0.3368055555555556 0.028125 0.029166666666666667
2 0.310546875 0.5034722222222222 0.01796875 0.03194444444444444
2 0.292578125 0.5090277777777777 0.02421875 0.02361111111111111
2 0.274609375 0.5041666666666667 0.02421875 0.030555555555555555
2 0.2234375 0.5097222222222222 0.0375 0.041666666666666664
2 0.44140625 0.5138888888888888 0.015625 0.030555555555555555
2 0.433203125 0.51875 0.01484375 0.04583333333333333
2 0.417578125 0.5319444444444444 0.02578125 0.08055555555555556
2 0.482421875 0.5083333333333333 0.01640625 0.041666666666666664
2 0.49453125 0.5090277777777777 0.025 0.04861111111111111
2 0.506640625 0.5201388888888889 0.02578125 0.05694444444444444
2 0.533203125 0.5368055555555555 0.04296875 0.09861111111111111
2 0.36484375 0.5388888888888889 0.090625 0.12777777777777777
2 0.461328125 0.4986111111111111 0.01171875 0.016666666666666666
2 0.5953125 0.5423611111111111 0.10625 0.13472222222222222
2 0.126953125 0.5270833333333333 0.05390625 0.05138888888888889
2 0.84609375 0.6340277777777777 0.3046875 0.5041666666666667
