9 0.569140625 0.3486111111111111 0.01015625 0.016666666666666666
2 0.547265625 0.38680555555555557 0.01015625 0.018055555555555554
2 0.5625 0.39861111111111114 0.021875 0.03888888888888889
2 0.583984375 0.41875 0.03671875 0.04861111111111111
2 0.35625 0.43472222222222223 0.05 0.07777777777777778
2 0.64296875 0.42777777777777776 0.0828125 0.11666666666666667
2 0.416015625 0.42569444444444443 0.03984375 0.04583333333333333
2 0.470703125 0.40208333333333335 0.02109375 0.02638888888888889
2 0.4953125 0.38472222222222224 0.0125 0.022222222222222223
2 0.29765625 0.4486111111111111 0.096875 0.09166666666666666
2 0.065625 0.4548611111111111 0.13125 0.24583333333333332
