9 0.295703125 0.3909722222222222 0.01953125 0.04583333333333333
9 0.154296875 0.38333333333333336 0.01640625 0.025
9 0.551953125 0.3715277777777778 0.00859375 0.020833333333333332
9 0.818359375 0.3763888888888889 0.01171875 0.025
9 0.9546875 0.32916666666666666 0.0125 0.027777777777777776
9 0.957421875 0.36041666666666666 0.02109375 0.020833333333333332
9 0.90703125 0.4083333333333333 0.009375 0.05555555555555555
2 0.0625 0.5201388888888889 0.125 0.15416666666666667
2 0.131640625 0.48819444444444443 0.08828125 0.09027777777777778
2 0.2078125 0.4479166666666667 0.0296875 0.04583333333333333
2 0.32421875 0.44305555555555554 0.0453125 0.05555555555555555
2 0.741015625 0.4652777777777778 0.15859375 0.1527777777777778
2 0.849609375 0.42986111111111114 0.08984375 0.06805555555555555
