2 0.419140625 0.4284722222222222 0.01171875 0.018055555555555554
2 0.409765625 0.42986111111111114 0.00859375 0.020833333333333332
2 0.402734375 0.42916666666666664 0.00859375 0.030555555555555555
2 0.395703125 0.42777777777777776 0.01328125 0.03611111111111111
2 0.3890625 0.4305555555555556 0.01875 0.04722222222222222
2 0.37890625 0.4236111111111111 0.0234375 0.05
2 0.366796875 0.43472222222222223 0.02890625 0.06388888888888888
2 0.320703125 0.46041666666666664 0.09453125 0.12083333333333333
2 0.430859375 0.4263888888888889 0.01328125 0.016666666666666666
2 0.476953125 0.47638888888888886 0.10078125 0.14722222222222223
2 0.521875 0.43125 0.0109375 0.020833333333333332
2 0.529296875 0.4388888888888889 0.01328125 0.05555555555555555
2 0.537890625 0.44027777777777777 0.01171875 0.06666666666666667
2 0.548828125 0.4444444444444444 0.01328125 0.07777777777777778
2 0.596875 0.4527777777777778 0.0890625 0.1
2 0.70703125 0.5152777777777777 0.1546875 0.18888888888888888
2 0.868359375 0.5416666666666666 0.25703125 0.25
