2 0.05 0.7388888888888889 0.0984375 0.32222222222222224
2 0.05 0.525 0.1 0.23333333333333334
2 0.441015625 0.5694444444444444 0.21015625 0.31666666666666665
2 0.721875 0.5388888888888889 0.1484375 0.1361111111111111
2 0.94609375 0.6041666666666666 0.103125 0.1638888888888889
2 0.194921875 0.5104166666666666 0.05703125 0.06527777777777778
2 0.328515625 0.50625 0.06484375 0.1375
2 0.1546875 0.5194444444444445 0.0578125 0.08055555555555556
2 0.102734375 0.5270833333333333 0.09609375 0.1375
2 0.54453125 0.50625 0.0375 0.06805555555555555
2 0.946484375 0.46805555555555556 0.10390625 0.06666666666666667
2 0.930859375 0.48333333333333334 0.11953125 0.06388888888888888
8 0.455078125 0.39305555555555555 0.01015625 0.016666666666666666
8 0.28203125 0.39791666666666664 0.0109375 0.020833333333333332
8 0.13984375 0.42291666666666666 0.009375 0.018055555555555554
8 0.35703125 0.44583333333333336 0.0078125 0.013888888888888888
8 0.326953125 0.4388888888888889 0.00859375 0.013888888888888888
8 0.210546875 0.4444444444444444 0.01171875 0.025
9 0.521484375 0.3951388888888889 0.01328125 0.009722222222222222
9 0.5578125 0.4083333333333333 0.015625 0.013888888888888888
9 0.521484375 0.43472222222222223 0.01328125 0.03333333333333333
2 0.773828125 0.4826388888888889 0.03046875 0.05138888888888889
