2 0.455859375 0.6756944444444445 0.01171875 0.015277777777777777
2 0.4609375 0.6868055555555556 0.0125 0.020833333333333332
2 0.46328125 0.6979166666666666 0.0109375 0.02361111111111111
2 0.46953125 0.6944444444444444 0.0140625 0.030555555555555555
2 0.47421875 0.6965277777777777 0.0140625 0.034722222222222224
2 0.485546875 0.6986111111111111 0.02578125 0.03888888888888889
2 0.48515625 0.7048611111111112 0.015625 0.0375
2 0.497265625 0.7055555555555556 0.01484375 0.05
2 0.508203125 0.7090277777777778 0.01484375 0.05416666666666667
2 0.533984375 0.7020833333333333 0.05078125 0.08472222222222223
2 0.546875 0.7180555555555556 0.0375 0.08333333333333333
2 0.57578125 0.7326388888888888 0.05625 0.09305555555555556
2 0.6140625 0.7388888888888889 0.065625 0.125
2 0.30859375 0.7090277777777778 0.021875 0.043055555555555555
2 0.284765625 0.71875 0.03671875 0.05138888888888889
2 0.365234375 0.7013888888888888 0.01796875 0.025
2 0.235546875 0.7194444444444444 0.06953125 0.08611111111111111
2 0.1484375 0.7423611111111111 0.096875 0.09027777777777778
2 0.337890625 0.7138888888888889 0.04921875 0.06111111111111111
2 0.38828125 0.68125 0.0125 0.0125
2 0.404296875 0.6784722222222223 0.01328125 0.020833333333333332
2 0.418359375 0.6805555555555556 0.01015625 0.016666666666666666
2 0.396875 0.6868055555555556 0.0140625 0.015277777777777777
3 0.04453125 0.7465277777777778 0.0890625 0.15416666666666667
2 0.90859375 0.8326388888888889 0.1765625 0.32916666666666666
2 0.758203125 0.7479166666666667 0.27578125 0.2847222222222222
9 0.4765625 0.6701388888888888 0.0109375 0.018055555555555554
9 0.621875 0.5659722222222222 0.015625 0.02361111111111111
9 0.623046875 0.5944444444444444 0.01640625 0.030555555555555555
9 0.62265625 0.6201388888888889 0.0171875 0.029166666666666667
2 0.446484375 0.675 0.00859375 0.013888888888888888
2 0.433203125 0.6743055555555556 0.01171875 0.02361111111111111
