8 0.5125 0.38333333333333336 0.0078125 0.030555555555555555
8 0.48046875 0.3888888888888889 0.009375 0.027777777777777776
8 0.440234375 0.4263888888888889 0.01015625 0.022222222222222223
9 0.593359375 0.3909722222222222 0.02109375 0.043055555555555555
9 0.66796875 0.3458333333333333 0.015625 0.030555555555555555
2 0.461328125 0.4548611111111111 0.01015625 0.0375
2 0.454296875 0.45694444444444443 0.01328125 0.03333333333333333
2 0.44296875 0.45902777777777776 0.01875 0.04583333333333333
2 0.42890625 0.4576388888888889 0.0203125 0.05416666666666667
2 0.47421875 0.4548611111111111 0.015625 0.02361111111111111
2 0.484375 0.45555555555555555 0.0140625 0.016666666666666666
2 0.51796875 0.45069444444444445 0.0109375 0.020833333333333332
2 0.5265625 0.45208333333333334 0.0140625 0.0375
2 0.5328125 0.45208333333333334 0.0171875 0.03194444444444444
2 0.54296875 0.46041666666666664 0.01875 0.04861111111111111
2 0.55703125 0.46944444444444444 0.025 0.06388888888888888
2 0.583203125 0.48541666666666666 0.07265625 0.08472222222222223
2 0.1796875 0.5618055555555556 0.1890625 0.23472222222222222
2 0.501953125 0.4576388888888889 0.01796875 0.020833333333333332
2 0.39140625 0.46319444444444446 0.0765625 0.1125
2 0.685546875 0.5208333333333334 0.17421875 0.2222222222222222
2 0.04609375 0.6479166666666667 0.0921875 0.32083333333333336
2 0.951171875 0.7951388888888888 0.09609375 0.30694444444444446
