2 0.036328125 0.4395833333333333 0.07265625 0.11805555555555555
2 0.266015625 0.43125 0.17109375 0.22916666666666666
2 0.353125 0.4131944444444444 0.0203125 0.02638888888888889
2 0.50234375 0.42083333333333334 0.0359375 0.06388888888888888
2 0.526953125 0.4263888888888889 0.05546875 0.06666666666666667
2 0.5765625 0.44722222222222224 0.0703125 0.12222222222222222
2 0.139453125 0.4354166666666667 0.05703125 0.07361111111111111
2 0.381640625 0.41458333333333336 0.01015625 0.015277777777777777
2 0.39609375 0.41041666666666665 0.0140625 0.009722222222222222
2 0.67421875 0.45555555555555555 0.18125 0.2111111111111111
2 0.462890625 0.3951388888888889 0.02109375 0.05138888888888889
4 0.4953125 0.39305555555555555 0.0484375 0.09444444444444444
4 0.430859375 0.39166666666666666 0.04765625 0.09722222222222222
8 0.445703125 0.32083333333333336 0.00546875 0.019444444444444445
8 0.4390625 0.3173611111111111 0.00625 0.02361111111111111
8 0.320703125 0.33611111111111114 0.00390625 0.016666666666666666
8 0.314453125 0.3347222222222222 0.00703125 0.016666666666666666
9 0.4671875 0.3229166666666667 0.025 0.009722222222222222
9 0.53515625 0.37083333333333335 0.0140625 0.008333333333333333
2 0.17734375 0.44722222222222224 0.0234375 0.030555555555555555
