2 0.539453125 0.5590277777777778 0.01171875 0.020833333333333332
2 0.516796875 0.5708333333333333 0.03828125 0.058333333333333334
2 0.48671875 0.5694444444444444 0.01875 0.03333333333333333
2 0.440234375 0.5701388888888889 0.05703125 0.10138888888888889
2 0.3828125 0.5805555555555556 0.0359375 0.041666666666666664
2 0.34140625 0.5833333333333334 0.05 0.05277777777777778
2 0.30078125 0.5861111111111111 0.03125 0.044444444444444446
2 0.553125 0.56875 0.025 0.04861111111111111
2 0.57421875 0.5791666666666667 0.0359375 0.058333333333333334
2 0.6328125 0.5909722222222222 0.0953125 0.13194444444444445
2 0.87265625 0.7236111111111111 0.2515625 0.5277777777777778
8 0.409765625 0.21041666666666667 0.01484375 0.0763888888888889
8 0.590234375 0.26805555555555555 0.01484375 0.07222222222222222
8 0.49765625 0.5076388888888889 0.0078125 0.02361111111111111
8 0.5203125 0.5104166666666666 0.00625 0.020833333333333332
8 0.530859375 0.5243055555555556 0.00703125 0.018055555555555554
8 0.5078125 0.5270833333333333 0.0078125 0.020833333333333332
8 0.69296875 0.48333333333333334 0.0125 0.027777777777777776
8 0.2046875 0.3347222222222222 0.0234375 0.03611111111111111
8 0.231640625 0.48333333333333334 0.01640625 0.027777777777777776
8 0.715625 0.475 0.009375 0.022222222222222223
8 0.880078125 0.4236111111111111 0.01328125 0.022222222222222223
8 0.491796875 0.5375 0.00859375 0.016666666666666666
