2 0.16796875 0.4201388888888889 0.0453125 0.05138888888888889
2 0.205078125 0.4173611111111111 0.03359375 0.0375
3 0.251171875 0.3923611111111111 0.05859375 0.07361111111111111
4 0.28671875 0.39444444444444443 0.075 0.06944444444444445
2 0.3296875 0.3909722222222222 0.01875 0.0375
2 0.340625 0.3854166666666667 0.0171875 0.034722222222222224
2 0.353515625 0.38263888888888886 0.01171875 0.02361111111111111
2 0.361328125 0.3798611111111111 0.01015625 0.02361111111111111
2 0.373046875 0.3861111111111111 0.01484375 0.027777777777777776
2 0.386328125 0.38055555555555554 0.01015625 0.016666666666666666
2 0.40625 0.40902777777777777 0.021875 0.04027777777777778
2 0.4 0.4013888888888889 0.015625 0.027777777777777776
2 0.38671875 0.3638888888888889 0.0109375 0.019444444444444445
2 0.369921875 0.36041666666666666 0.01953125 0.02361111111111111
2 0.47421875 0.43333333333333335 0.0234375 0.07222222222222222
2 0.50625 0.4388888888888889 0.0578125 0.12222222222222222
2 0.528125 0.46458333333333335 0.078125 0.1125
2 0.659765625 0.5118055555555555 0.24140625 0.3125
2 0.40234375 0.36666666666666664 0.009375 0.022222222222222223
1 0.847265625 0.46319444444444446 0.04921875 0.2013888888888889
8 0.438671875 0.3263888888888889 0.00390625 0.019444444444444445
8 0.17421875 0.32083333333333336 0.009375 0.025
8 0.0671875 0.3263888888888889 0.0125 0.03888888888888889
9 0.660546875 0.2708333333333333 0.04140625 0.10555555555555556
8 0.3125 0.3 0.0078125 0.025
