8 0.374609375 0.2048611111111111 0.03046875 0.0625
2 0.510546875 0.4840277777777778 0.07578125 0.09583333333333334
2 0.42265625 0.4791666666666667 0.0390625 0.058333333333333334
2 0.398046875 0.4798611111111111 0.01953125 0.03194444444444444
2 0.379296875 0.475 0.02734375 0.041666666666666664
2 0.351953125 0.47638888888888886 0.02265625 0.03333333333333333
2 0.328125 0.4756944444444444 0.0234375 0.02638888888888889
8 0.64296875 0.2125 0.021875 0.05
2 0.471875 0.4791666666666667 0.0203125 0.044444444444444446
8 0.33671875 0.40208333333333335 0.021875 0.02361111111111111
2 0.14609375 0.4826388888888889 0.046875 0.05694444444444444
9 0.21796875 0.3 0.0265625 0.016666666666666666
8 0.70390625 0.3840277777777778 0.0171875 0.0375
