2 0.254296875 0.5263888888888889 0.02109375 0.025
2 0.229296875 0.5305555555555556 0.02578125 0.027777777777777776
2 0.205078125 0.5319444444444444 0.02265625 0.025
2 0.18203125 0.5347222222222222 0.0234375 0.030555555555555555
2 0.13984375 0.5409722222222222 0.0421875 0.043055555555555555
2 0.0953125 0.5430555555555555 0.05625 0.06388888888888888
2 0.03671875 0.5493055555555556 0.05625 0.08194444444444444
2 0.009375 0.5548611111111111 0.01875 0.08194444444444444
2 0.274609375 0.5236111111111111 0.01328125 0.025
8 0.263671875 0.4909722222222222 0.00859375 0.020833333333333332
8 0.293359375 0.5006944444444444 0.01015625 0.020833333333333332
9 0.312890625 0.4826388888888889 0.01015625 0.02638888888888889
9 0.116015625 0.4951388888888889 0.01171875 0.020833333333333332
9 0.34375 0.3972222222222222 0.0140625 0.03611111111111111
9 0.376171875 0.4125 0.01796875 0.025
