9 0.2125 0.31805555555555554 0.0515625 0.09722222222222222
8 0.319140625 0.3590277777777778 0.00703125 0.029166666666666667
8 0.341796875 0.3527777777777778 0.00703125 0.016666666666666666
9 0.342578125 0.3763888888888889 0.02734375 0.019444444444444445
9 0.3671875 0.3715277777777778 0.0109375 0.018055555555555554
2 0.060546875 0.4534722222222222 0.11953125 0.0763888888888889
2 0.255859375 0.44583333333333336 0.11015625 0.07777777777777778
2 0.33515625 0.44166666666666665 0.0453125 0.06666666666666667
2 0.3 0.4236111111111111 0.01875 0.019444444444444445
2 0.3609375 0.4166666666666667 0.0234375 0.027777777777777776
3 0.431640625 0.41944444444444445 0.14140625 0.2388888888888889
3 0.585546875 0.37569444444444444 0.02578125 0.06527777777777778
3 0.644140625 0.35694444444444445 0.04140625 0.15
9 0.53046875 0.39444444444444443 0.0296875 0.058333333333333334
