2 0.95390625 0.5847222222222223 0.04375 0.05
2 0.32578125 0.6618055555555555 0.178125 0.13194444444444445
2 0.518359375 0.6284722222222222 0.12734375 0.10694444444444444
2 0.669921875 0.6222222222222222 0.04453125 0.05277777777777778
2 0.7171875 0.6159722222222223 0.0515625 0.05694444444444444
2 0.75546875 0.6145833333333334 0.025 0.059722222222222225
2 0.807421875 0.5972222222222222 0.04921875 0.044444444444444446
2 0.91328125 0.5902777777777778 0.009375 0.025
2 0.872265625 0.5875 0.02890625 0.025
2 0.208984375 0.6666666666666666 0.06328125 0.13055555555555556
2 0.08984375 0.66875 0.178125 0.15694444444444444
2 0.441796875 0.6319444444444444 0.06484375 0.06388888888888888
9 0.934765625 0.5381944444444444 0.01484375 0.020833333333333332
8 0.948828125 0.5173611111111112 0.01171875 0.018055555555555554
8 0.99296875 0.5041666666666667 0.009375 0.030555555555555555
8 0.994140625 0.54375 0.00859375 0.020833333333333332
