2 0.279296875 0.5555555555555556 0.10546875 0.15
3 0.157421875 0.5263888888888889 0.08046875 0.1
2 0.09765625 0.5284722222222222 0.0421875 0.06805555555555555
2 0.32265625 0.5118055555555555 0.0109375 0.034722222222222224
2 0.330859375 0.5166666666666667 0.01328125 0.03611111111111111
2 0.340234375 0.5076388888888889 0.01640625 0.02638888888888889
2 0.352734375 0.5097222222222222 0.00859375 0.016666666666666666
2 0.36015625 0.5027777777777778 0.0078125 0.019444444444444445
2 0.36953125 0.4979166666666667 0.009375 0.0125
2 0.20546875 0.5097222222222222 0.0140625 0.019444444444444445
2 0.215234375 0.5111111111111111 0.00859375 0.019444444444444445
9 0.419921875 0.43680555555555556 0.01796875 0.04583333333333333
9 0.644921875 0.30416666666666664 0.04921875 0.12777777777777777
9 0.39296875 0.44583333333333336 0.0203125 0.041666666666666664
2 0.459765625 0.4722222222222222 0.01953125 0.025
2 0.439453125 0.48333333333333334 0.01484375 0.022222222222222223
9 0.41171875 0.46805555555555556 0.0296875 0.011111111111111112
