9 0.2921875 0.5451388888888888 0.0125 0.02361111111111111
9 0.38125 0.6256944444444444 0.0140625 0.034722222222222224
9 0.506640625 0.5965277777777778 0.02421875 0.043055555555555555
9 0.659765625 0.5763888888888888 0.02109375 0.025
9 0.83984375 0.4263888888888889 0.0171875 0.03888888888888889
8 0.023828125 0.41875 0.01796875 0.08194444444444444
8 0.891796875 0.3368055555555556 0.03203125 0.09305555555555556
8 0.88046875 0.5083333333333333 0.0296875 0.11666666666666667
8 0.909375 0.5083333333333333 0.0328125 0.12222222222222222
8 0.306640625 0.5736111111111111 0.01484375 0.07222222222222222
8 0.357421875 0.4486111111111111 0.01328125 0.05555555555555555
8 0.2921875 0.5840277777777778 0.0125 0.05694444444444444
9 0.35703125 0.41388888888888886 0.009375 0.008333333333333333
2 0.2 0.6763888888888889 0.0140625 0.027777777777777776
2 0.216015625 0.68125 0.02734375 0.043055555555555555
2 0.25859375 0.6673611111111111 0.0078125 0.018055555555555554
2 0.15234375 0.6722222222222223 0.0125 0.016666666666666666
2 0.102734375 0.6861111111111111 0.01796875 0.030555555555555555
2 0.173828125 0.6895833333333333 0.05078125 0.06527777777777778
2 0.2515625 0.6881944444444444 0.0203125 0.05138888888888889
2 0.2296875 0.6958333333333333 0.0546875 0.075
2 0.126171875 0.7027777777777777 0.06171875 0.07222222222222222
2 0.064453125 0.7069444444444445 0.07265625 0.07222222222222222
2 0.92734375 0.6986111111111111 0.14375 0.125
2 0.270703125 0.6701388888888888 0.02890625 0.043055555555555555
