2 0.011328125 0.7284722222222222 0.02109375 0.04861111111111111
2 0.769921875 0.8298611111111112 0.45703125 0.3347222222222222
2 0.273828125 0.8381944444444445 0.21953125 0.3125
2 0.06328125 0.7645833333333333 0.1265625 0.12916666666666668
2 0.144921875 0.7402777777777778 0.02890625 0.08055555555555556
2 0.622265625 0.7229166666666667 0.05546875 0.043055555555555555
2 0.59765625 0.7118055555555556 0.040625 0.04583333333333333
2 0.64140625 0.6972222222222222 0.021875 0.027777777777777776
2 0.626953125 0.6902777777777778 0.01640625 0.022222222222222223
2 0.451953125 0.7131944444444445 0.02734375 0.0375
2 0.362109375 0.7034722222222223 0.01328125 0.034722222222222224
2 0.369921875 0.7104166666666667 0.01328125 0.034722222222222224
2 0.3875 0.7125 0.03125 0.030555555555555555
2 0.40234375 0.7097222222222223 0.0328125 0.03888888888888889
2 0.541015625 0.7027777777777777 0.02578125 0.027777777777777776
2 0.55859375 0.6958333333333333 0.0125 0.016666666666666666
2 0.508984375 0.7229166666666667 0.08515625 0.05694444444444444
2 0.419921875 0.7222222222222222 0.06796875 0.058333333333333334
4 0.2265625 0.6902777777777778 0.1453125 0.23055555555555557
9 0.35078125 0.5805555555555556 0.0421875 0.09166666666666666
9 0.366015625 0.6395833333333333 0.01953125 0.02361111111111111
9 0.07890625 0.6520833333333333 0.0234375 0.08472222222222223
