2 0.63671875 0.6694444444444444 0.0203125 0.044444444444444446
2 0.640625 0.6819444444444445 0.015625 0.058333333333333334
2 0.51484375 0.6986111111111111 0.059375 0.06944444444444445
2 0.577734375 0.6770833333333334 0.02734375 0.03194444444444444
2 0.601171875 0.6708333333333333 0.01484375 0.016666666666666666
2 0.676171875 0.6729166666666667 0.06640625 0.09861111111111111
2 0.422265625 0.7354166666666667 0.12265625 0.14027777777777778
8 0.216015625 0.06805555555555555 0.03359375 0.10833333333333334
8 0.26171875 0.04861111111111111 0.0234375 0.09444444444444444
8 0.591015625 0.27847222222222223 0.01953125 0.07916666666666666
8 0.567578125 0.28055555555555556 0.01953125 0.08888888888888889
8 0.61328125 0.6041666666666666 0.009375 0.025
8 0.248046875 0.6298611111111111 0.02421875 0.04583333333333333
8 0.7890625 0.5298611111111111 0.0171875 0.04583333333333333
8 0.809375 0.5305555555555556 0.0203125 0.03888888888888889
9 0.7734375 0.47708333333333336 0.0421875 0.02638888888888889
2 0.351171875 0.7701388888888889 0.01796875 0.043055555555555555
