2 0.20546875 0.5256944444444445 0.0578125 0.07916666666666666
2 0.26484375 0.5180555555555556 0.090625 0.1111111111111111
2 0.346484375 0.5263888888888889 0.12109375 0.12777777777777777
2 0.452734375 0.5347222222222222 0.19453125 0.15833333333333333
2 0.681640625 0.56875 0.31484375 0.2125
2 0.9109375 0.5972222222222222 0.175 0.25555555555555554
2 0.10859375 0.5173611111111112 0.046875 0.04583333333333333
2 0.017578125 0.4888888888888889 0.02109375 0.019444444444444445
2 0.03046875 0.5027777777777778 0.0546875 0.030555555555555555
9 0.498828125 0.30069444444444443 0.02421875 0.043055555555555555
9 0.5015625 0.3486111111111111 0.021875 0.05555555555555555
