2 0.4203125 0.5 0.0109375 0.025
2 0.405078125 0.50625 0.01640625 0.03194444444444444
2 0.387890625 0.5076388888888889 0.01484375 0.034722222222222224
2 0.371875 0.5131944444444444 0.015625 0.05138888888888889
2 0.4578125 0.4979166666666667 0.00625 0.034722222222222224
2 0.44765625 0.49722222222222223 0.0078125 0.019444444444444445
2 0.46953125 0.5027777777777778 0.0140625 0.03333333333333333
2 0.222265625 0.5270833333333333 0.06015625 0.14027777777777778
2 0.05234375 0.5923611111111111 0.1046875 0.2625
2 0.303515625 0.5402777777777777 0.14140625 0.18611111111111112
2 0.4828125 0.5097222222222222 0.0328125 0.03888888888888889
8 0.4484375 0.4125 0.009375 0.016666666666666666
8 0.410546875 0.4125 0.01328125 0.025
2 0.43671875 0.4965277777777778 0.0125 0.02638888888888889
8 0.42109375 0.46041666666666664 0.0125 0.015277777777777777
8 0.43515625 0.4583333333333333 0.0109375 0.016666666666666666
