2 0.384375 0.41388888888888886 0.03125 0.04722222222222222
2 0.44765625 0.46111111111111114 0.13125 0.17777777777777778
2 0.10703125 0.5236111111111111 0.2140625 0.46111111111111114
8 0.3546875 0.20833333333333334 0.0140625 0.04722222222222222
8 0.513671875 0.25069444444444444 0.01484375 0.0375
8 0.448828125 0.34097222222222223 0.01328125 0.020833333333333332
8 0.366796875 0.21388888888888888 0.00703125 0.041666666666666664
8 0.525390625 0.2465277777777778 0.00859375 0.04027777777777778
9 0.484375 0.3527777777777778 0.0078125 0.025
9 0.527734375 0.3486111111111111 0.01640625 0.03611111111111111
