9 0.6484375 0.41458333333333336 0.0125 0.029166666666666667
9 0.5109375 0.4444444444444444 0.009375 0.030555555555555555
9 0.490234375 0.3472222222222222 0.07890625 0.075
9 0.403125 0.34097222222222223 0.08125 0.0763888888888889
9 0.299609375 0.3576388888888889 0.07734375 0.06805555555555555
9 0.19609375 0.35 0.08125 0.07222222222222222
9 0.32890625 0.43333333333333335 0.0515625 0.03333333333333333
9 0.240625 0.43333333333333335 0.009375 0.022222222222222223
9 0.24765625 0.45208333333333334 0.01875 0.015277777777777777
9 0.41953125 0.42430555555555555 0.0359375 0.0375
9 0.4546875 0.4215277777777778 0.03125 0.029166666666666667
9 0.07421875 0.43472222222222223 0.0125 0.025
9 0.116796875 0.42986111111111114 0.01328125 0.029166666666666667
2 0.255078125 0.4583333333333333 0.01953125 0.030555555555555555
2 0.26875 0.46875 0.0265625 0.043055555555555555
2 0.295703125 0.4756944444444444 0.04609375 0.05138888888888889
9 0.0234375 0.45208333333333334 0.034375 0.03194444444444444
2 0.181640625 0.48125 0.07421875 0.08194444444444444
2 0.443359375 0.47638888888888886 0.02734375 0.044444444444444446
9 0.4671875 0.46458333333333335 0.009375 0.020833333333333332
9 0.403125 0.45902777777777776 0.015625 0.018055555555555554
9 0.397265625 0.44166666666666665 0.00859375 0.022222222222222223
2 0.896484375 0.44166666666666665 0.20546875 0.5694444444444444
