2 0.28671875 0.49583333333333335 0.046875 0.09722222222222222
2 0.255078125 0.5090277777777777 0.07109375 0.14583333333333334
2 0.214453125 0.5236111111111111 0.11484375 0.1638888888888889
2 0.087890625 0.5541666666666667 0.17578125 0.2972222222222222
2 0.767578125 0.5597222222222222 0.15390625 0.2388888888888889
2 0.87265625 0.6020833333333333 0.2515625 0.27361111111111114
9 0.712109375 0.3 0.02734375 0.03888888888888889
9 0.722265625 0.40069444444444446 0.02421875 0.02361111111111111
9 0.73359375 0.4270833333333333 0.01875 0.018055555555555554
9 0.662890625 0.2673611111111111 0.03359375 0.05416666666666667
8 0.59765625 0.34375 0.021875 0.02638888888888889
2 0.51015625 0.5368055555555555 0.384375 0.39305555555555555
