9 0.58046875 0.47638888888888886 0.0125 0.03611111111111111
2 0.471875 0.5020833333333333 0.0265625 0.03194444444444444
2 0.448046875 0.5048611111111111 0.02109375 0.02361111111111111
2 0.3734375 0.5291666666666667 0.0390625 0.04722222222222222
2 0.123046875 0.5673611111111111 0.17578125 0.14027777777777778
2 0.49140625 0.48680555555555555 0.015625 0.020833333333333332
2 0.5078125 0.48333333333333334 0.01875 0.019444444444444445
2 0.575390625 0.5256944444444445 0.03984375 0.04861111111111111
2 0.605859375 0.5347222222222222 0.03359375 0.06111111111111111
2 0.65390625 0.5472222222222223 0.071875 0.09444444444444444
2 0.518359375 0.5458333333333333 0.08359375 0.11944444444444445
