3 0.33515625 0.4986111111111111 0.09375 0.09444444444444444
2 0.2453125 0.5138888888888888 0.0671875 0.08055555555555556
2 0.476171875 0.5270833333333333 0.02734375 0.03194444444444444
2 0.501953125 0.5326388888888889 0.02734375 0.0375
2 0.522265625 0.53125 0.02109375 0.029166666666666667
3 0.546875 0.5159722222222223 0.0515625 0.04861111111111111
2 0.57890625 0.5340277777777778 0.0171875 0.02638888888888889
2 0.6015625 0.5291666666666667 0.028125 0.03333333333333333
2 0.128125 0.5125 0.10625 0.08055555555555556
2 0.620703125 0.53125 0.01953125 0.02361111111111111
2 0.641015625 0.53125 0.01640625 0.020833333333333332
2 0.693359375 0.5479166666666667 0.05546875 0.07916666666666666
2 0.973828125 0.6111111111111112 0.05078125 0.2111111111111111
2 0.90859375 0.5916666666666667 0.1796875 0.19444444444444445
2 0.805078125 0.5631944444444444 0.10859375 0.13472222222222222
2 0.752734375 0.5604166666666667 0.03828125 0.09583333333333334
2 0.718359375 0.5340277777777778 0.01171875 0.029166666666666667
