8 0.298828125 0.3458333333333333 0.00703125 0.019444444444444445
8 0.389453125 0.3576388888888889 0.00546875 0.018055555555555554
8 0.377734375 0.3576388888888889 0.00703125 0.020833333333333332
2 0.35390625 0.3958333333333333 0.009375 0.008333333333333333
2 0.341796875 0.3951388888888889 0.01171875 0.015277777777777777
2 0.33125 0.3958333333333333 0.009375 0.016666666666666666
2 0.316796875 0.3923611111111111 0.02421875 0.02361111111111111
2 0.270703125 0.39791666666666664 0.03671875 0.0375
2 0.3640625 0.39375 0.015625 0.020833333333333332
2 0.4328125 0.40555555555555556 0.0203125 0.027777777777777776
2 0.451953125 0.4131944444444444 0.01796875 0.02638888888888889
2 0.4703125 0.4111111111111111 0.0265625 0.03888888888888889
2 0.49453125 0.42569444444444443 0.040625 0.04583333333333333
2 0.72265625 0.5166666666666667 0.2515625 0.2388888888888889
9 0.4796875 0.37222222222222223 0.0125 0.03333333333333333
