8 0.4125 0.049305555555555554 0.015625 0.09861111111111111
8 0.913671875 0.3159722222222222 0.01171875 0.04861111111111111
8 0.987109375 0.33402777777777776 0.00859375 0.0375
8 0.303125 0.32083333333333336 0.0171875 0.030555555555555555
8 0.929296875 0.3159722222222222 0.01015625 0.043055555555555555
8 0.979296875 0.33541666666666664 0.01015625 0.04027777777777778
8 0.96328125 0.42083333333333334 0.015625 0.022222222222222223
8 0.774609375 0.4097222222222222 0.01015625 0.025
9 0.323828125 0.25833333333333336 0.02890625 0.027777777777777776
9 0.6015625 0.39791666666666664 0.015625 0.0125
9 0.759765625 0.3763888888888889 0.01015625 0.019444444444444445
8 0.600390625 0.38125 0.01015625 0.02638888888888889
2 0.00703125 0.42083333333333334 0.0140625 0.027777777777777776
