2 0.078515625 0.4652777777777778 0.15703125 0.15833333333333333
2 0.284765625 0.42777777777777776 0.02890625 0.030555555555555555
2 0.39765625 0.43333333333333335 0.0421875 0.03333333333333333
2 0.5375 0.43819444444444444 0.0125 0.018055555555555554
2 0.484765625 0.44166666666666665 0.04140625 0.03611111111111111
2 0.525390625 0.4388888888888889 0.01953125 0.025
2 0.5578125 0.44375 0.015625 0.020833333333333332
2 0.583984375 0.4479166666666667 0.02265625 0.03194444444444444
8 0.496484375 0.3611111111111111 0.00859375 0.019444444444444445
8 0.5625 0.3625 0.0140625 0.022222222222222223
2 0.32890625 0.42569444444444443 0.046875 0.0375
