8 0.5953125 0.4361111111111111 0.0078125 0.025
8 0.608984375 0.45069444444444445 0.00546875 0.018055555555555554
2 0.276171875 0.5291666666666667 0.04765625 0.03888888888888889
2 0.3078125 0.5194444444444445 0.0203125 0.011111111111111112
2 0.365625 0.5201388888888889 0.025 0.020833333333333332
2 0.385546875 0.5215277777777778 0.01484375 0.018055555555555554
2 0.405078125 0.5201388888888889 0.01328125 0.009722222222222222
2 0.475 0.5180555555555556 0.0125 0.016666666666666666
2 0.50234375 0.5201388888888889 0.0125 0.015277777777777777
2 0.884375 0.5479166666666667 0.228125 0.3625
