9 0.594140625 0.2708333333333333 0.02265625 0.08333333333333333
9 0.5140625 0.3263888888888889 0.0109375 0.027777777777777776
9 0.49140625 0.34444444444444444 0.0109375 0.022222222222222223
9 0.28984375 0.31805555555555554 0.0171875 0.041666666666666664
2 0.42890625 0.36736111111111114 0.0109375 0.018055555555555554
2 0.43828125 0.3736111111111111 0.0125 0.013888888888888888
2 0.4453125 0.37083333333333335 0.0125 0.013888888888888888
2 0.416796875 0.36041666666666666 0.01484375 0.009722222222222222
2 0.405859375 0.3680555555555556 0.01484375 0.022222222222222223
2 0.3984375 0.37222222222222223 0.01875 0.022222222222222223
2 0.41796875 0.375 0.0203125 0.027777777777777776
2 0.387890625 0.37569444444444444 0.01171875 0.02638888888888889
2 0.37421875 0.3736111111111111 0.0296875 0.03611111111111111
2 0.347265625 0.3784722222222222 0.03515625 0.05138888888888889
2 0.315234375 0.3798611111111111 0.04765625 0.06527777777777778
2 0.25546875 0.3902777777777778 0.084375 0.1
2 0.147265625 0.3909722222222222 0.14765625 0.17916666666666667
2 0.05078125 0.4284722222222222 0.1015625 0.20416666666666666
2 0.45859375 0.37222222222222223 0.0078125 0.013888888888888888
2 0.462109375 0.3736111111111111 0.00703125 0.016666666666666666
2 0.466015625 0.3736111111111111 0.00703125 0.016666666666666666
2 0.472265625 0.375 0.01328125 0.025
2 0.494140625 0.37430555555555556 0.03515625 0.05694444444444444
2 0.50625 0.38125 0.0328125 0.05416666666666667
2 0.51171875 0.38819444444444445 0.0234375 0.0625
2 0.54375 0.3888888888888889 0.075 0.1
2 0.639453125 0.43194444444444446 0.13984375 0.15833333333333333
