8 0.465234375 0.23055555555555557 0.01484375 0.030555555555555555
8 0.398828125 0.25 0.01328125 0.03611111111111111
9 0.50390625 0.20833333333333334 0.0578125 0.022222222222222223
9 0.22890625 0.225 0.025 0.016666666666666666
9 0.24296875 0.2652777777777778 0.0328125 0.016666666666666666
9 0.255859375 0.2798611111111111 0.02734375 0.034722222222222224
9 0.22890625 0.14375 0.0234375 0.04861111111111111
2 0.28125 0.44583333333333336 0.078125 0.14722222222222223
2 0.400390625 0.40208333333333335 0.03828125 0.059722222222222225
2 0.5265625 0.4048611111111111 0.0265625 0.03194444444444444
2 0.684375 0.40902777777777777 0.2953125 0.3680555555555556
2 0.457421875 0.48194444444444445 0.16015625 0.2222222222222222
2 0.14296875 0.44722222222222224 0.240625 0.28888888888888886
