8 0.511328125 0.37569444444444444 0.00703125 0.02638888888888889
8 0.458984375 0.36944444444444446 0.01015625 0.030555555555555555
2 0.098828125 0.5090277777777777 0.06484375 0.0875
2 0.14453125 0.5 0.0484375 0.08333333333333333
2 0.192578125 0.4826388888888889 0.07578125 0.06805555555555555
9 0.3953125 0.43333333333333335 0.0125 0.022222222222222223
2 0.41953125 0.47291666666666665 0.0515625 0.07361111111111111
3 0.53515625 0.43819444444444444 0.0296875 0.043055555555555555
2 0.591796875 0.49444444444444446 0.08828125 0.10833333333333334
2 0.32578125 0.5208333333333334 0.1328125 0.15
2 0.48828125 0.49375 0.1125 0.2013888888888889
2 0.756640625 0.4986111111111111 0.24765625 0.25
9 0.862890625 0.3104166666666667 0.02265625 0.04583333333333333
