3 0.9265625 0.4048611111111111 0.1453125 0.4097222222222222
4 0.766015625 0.4708333333333333 0.11640625 0.14444444444444443
9 0.572265625 0.4215277777777778 0.02421875 0.015277777777777777
9 0.638671875 0.3736111111111111 0.04296875 0.05
9 0.644140625 0.34305555555555556 0.02890625 0.013888888888888888
9 0.591796875 0.37222222222222223 0.02265625 0.03888888888888889
2 0.534375 0.3736111111111111 0.0359375 0.027777777777777776
2 0.444140625 0.38263888888888886 0.03828125 0.02638888888888889
9 0.677734375 0.38055555555555554 0.01328125 0.05277777777777778
9 0.719140625 0.32222222222222224 0.02265625 0.011111111111111112
8 0.743359375 0.30833333333333335 0.01015625 0.013888888888888888
2 0.863671875 0.25555555555555554 0.03046875 0.027777777777777776
2 0.973828125 0.1625 0.05078125 0.06111111111111111
3 0.63359375 0.4618055555555556 0.0203125 0.034722222222222224
2 0.635546875 0.4965277777777778 0.02578125 0.04583333333333333
2 0.66484375 0.5083333333333333 0.0453125 0.058333333333333334
2 0.59609375 0.5152777777777777 0.05 0.07222222222222222
2 0.5828125 0.48125 0.0171875 0.020833333333333332
2 0.59609375 0.4548611111111111 0.0109375 0.015277777777777777
2 0.617578125 0.45555555555555555 0.01015625 0.016666666666666666
9 0.654296875 0.44305555555555554 0.01171875 0.016666666666666666
4 0.50546875 0.4618055555555556 0.0125 0.02361111111111111
2 0.518359375 0.48333333333333334 0.01640625 0.030555555555555555
2 0.49921875 0.49166666666666664 0.0265625 0.03888888888888889
3 0.53203125 0.45902777777777776 0.0109375 0.02638888888888889
2 0.5515625 0.4576388888888889 0.0125 0.015277777777777777
2 0.55390625 0.4423611111111111 0.009375 0.0125
2 0.54140625 0.4486111111111111 0.0109375 0.016666666666666666
2 0.58125 0.4340277777777778 0.009375 0.018055555555555554
2 0.571484375 0.4340277777777778 0.00859375 0.0125
9 0.515625 0.4305555555555556 0.0078125 0.013888888888888888
