2 0.36484375 0.5125 0.0203125 0.025
2 0.352734375 0.5229166666666667 0.01484375 0.03194444444444444
2 0.341796875 0.53125 0.02109375 0.034722222222222224
2 0.316796875 0.5354166666666667 0.02421875 0.04027777777777778
2 0.280859375 0.5375 0.05546875 0.07222222222222222
2 0.192578125 0.5486111111111112 0.12421875 0.14166666666666666
2 0.453515625 0.4930555555555556 0.01171875 0.025
2 0.467578125 0.5104166666666666 0.01953125 0.04583333333333333
2 0.483203125 0.5208333333333334 0.02734375 0.05555555555555555
2 0.510546875 0.51875 0.04921875 0.0763888888888889
2 0.546484375 0.5291666666666667 0.05390625 0.09166666666666666
2 0.650390625 0.55625 0.16328125 0.15416666666666667
9 0.1453125 0.42916666666666664 0.0171875 0.027777777777777776
9 0.4546875 0.4618055555555556 0.0046875 0.018055555555555554
2 0.05546875 0.5979166666666667 0.1078125 0.1986111111111111
