9 0.61875 0.20972222222222223 0.03125 0.05555555555555555
9 0.622265625 0.24722222222222223 0.03203125 0.025
9 0.8828125 0.12222222222222222 0.0421875 0.09444444444444444
9 0.629296875 0.2791666666666667 0.02109375 0.03888888888888889
8 0.252734375 0.3416666666666667 0.00703125 0.019444444444444445
8 0.258203125 0.3423611111111111 0.00390625 0.020833333333333332
2 0.220703125 0.4652777777777778 0.09296875 0.11388888888888889
2 0.604296875 0.45 0.14609375 0.14722222222222223
2 0.53125 0.4361111111111111 0.0765625 0.10833333333333334
2 0.494921875 0.4395833333333333 0.02578125 0.07916666666666666
2 0.483203125 0.4409722222222222 0.01796875 0.059722222222222225
2 0.473046875 0.44305555555555554 0.02109375 0.04722222222222222
2 0.463671875 0.4444444444444444 0.02265625 0.044444444444444446
2 0.44921875 0.4423611111111111 0.025 0.03194444444444444
2 0.4 0.4375 0.0171875 0.03888888888888889
2 0.820703125 0.5055555555555555 0.35703125 0.39166666666666666
3 0.175390625 0.4444444444444444 0.10078125 0.14166666666666666
2 0.0078125 0.5208333333333334 0.015625 0.1361111111111111
2 0.417578125 0.44027777777777777 0.01953125 0.041666666666666664
2 0.333203125 0.46111111111111114 0.13984375 0.22777777777777777
