2 0.55234375 0.4423611111111111 0.0171875 0.03194444444444444
2 0.541796875 0.44722222222222224 0.01484375 0.022222222222222223
2 0.50625 0.44166666666666665 0.015625 0.030555555555555555
2 0.4984375 0.4409722222222222 0.01875 0.0375
2 0.48671875 0.44513888888888886 0.028125 0.04583333333333333
2 0.464453125 0.4486111111111111 0.03046875 0.06666666666666667
2 0.431640625 0.4486111111111111 0.05390625 0.10555555555555556
2 0.415625 0.4625 0.0546875 0.10833333333333334
2 0.36015625 0.46944444444444444 0.0953125 0.15
2 0.22890625 0.46805555555555556 0.234375 0.26944444444444443
2 0.091015625 0.4826388888888889 0.17734375 0.3680555555555556
2 0.5671875 0.45625 0.0203125 0.04027777777777778
2 0.580859375 0.4576388888888889 0.02265625 0.043055555555555555
2 0.597265625 0.4673611111111111 0.03203125 0.06805555555555555
2 0.626171875 0.47638888888888886 0.06796875 0.08888888888888889
2 0.71484375 0.5243055555555556 0.1140625 0.19027777777777777
2 0.85703125 0.5729166666666666 0.284375 0.37083333333333335
9 0.571875 0.4215277777777778 0.009375 0.018055555555555554
9 0.281640625 0.2604166666666667 0.02265625 0.043055555555555555
