8 0.406640625 0.30833333333333335 0.00859375 0.027777777777777776
8 0.503515625 0.32083333333333336 0.00546875 0.019444444444444445
8 0.4953125 0.34097222222222223 0.0046875 0.020833333333333332
8 0.45859375 0.33402777777777776 0.00625 0.018055555555555554
2 0.482421875 0.38472222222222224 0.02734375 0.03888888888888889
2 0.45 0.3798611111111111 0.021875 0.043055555555555555
2 0.5046875 0.3840277777777778 0.015625 0.02638888888888889
2 0.41875 0.38472222222222224 0.0546875 0.08055555555555556
2 0.33515625 0.36527777777777776 0.1296875 0.2388888888888889
2 0.231640625 0.3993055555555556 0.03671875 0.04861111111111111
2 0.191796875 0.3958333333333333 0.05234375 0.07222222222222222
2 0.15 0.39791666666666664 0.0546875 0.08194444444444444
2 0.080078125 0.40069444444444446 0.11015625 0.10138888888888889
2 0.020703125 0.4263888888888889 0.03984375 0.15
8 0.795703125 0.26180555555555557 0.03046875 0.04583333333333333
8 0.7890625 0.07916666666666666 0.0171875 0.06666666666666667
9 0.773046875 0.1423611111111111 0.03359375 0.03194444444444444
9 0.762109375 0.18472222222222223 0.01328125 0.025
9 0.95859375 0.1986111111111111 0.028125 0.10833333333333334
