9 0.283203125 0.4965277777777778 0.06484375 0.04583333333333333
9 0.316015625 0.5284722222222222 0.01015625 0.015277777777777777
2 0.79296875 0.6777777777777778 0.365625 0.3972222222222222
2 0.563671875 0.5944444444444444 0.07109375 0.10555555555555556
2 0.453515625 0.5951388888888889 0.06484375 0.09027777777777778
2 0.313671875 0.5784722222222223 0.03984375 0.043055555555555555
2 0.487890625 0.5784722222222223 0.01171875 0.029166666666666667
2 0.525 0.5666666666666667 0.0171875 0.019444444444444445
2 0.5140625 0.5694444444444444 0.0109375 0.011111111111111112
2 0.366015625 0.5666666666666667 0.01953125 0.013888888888888888
2 0.99140625 0.6243055555555556 0.0140625 0.034722222222222224
2 0.394140625 0.5652777777777778 0.01484375 0.016666666666666666
