2 0.423828125 0.42986111111111114 0.01953125 0.02361111111111111
2 0.4390625 0.4361111111111111 0.01875 0.041666666666666664
2 0.46015625 0.4354166666666667 0.0328125 0.043055555555555555
2 0.488671875 0.4388888888888889 0.04453125 0.06111111111111111
2 0.5296875 0.45069444444444445 0.0546875 0.10972222222222222
2 0.57265625 0.4666666666666667 0.0796875 0.13333333333333333
2 0.665625 0.4895833333333333 0.1890625 0.20416666666666666
2 0.3671875 0.43125 0.021875 0.020833333333333332
2 0.344921875 0.44027777777777777 0.02265625 0.022222222222222223
2 0.319921875 0.44166666666666665 0.02734375 0.03611111111111111
2 0.28671875 0.4576388888888889 0.046875 0.04861111111111111
2 0.251953125 0.46319444444444446 0.04296875 0.07916666666666666
2 0.19921875 0.45902777777777776 0.0875 0.12638888888888888
2 0.09609375 0.4986111111111111 0.153125 0.16111111111111112
2 0.01484375 0.5305555555555556 0.0296875 0.13333333333333333
2 0.845703125 0.5673611111111111 0.30703125 0.4097222222222222
9 0.413671875 0.38819444444444445 0.01953125 0.020833333333333332
2 0.39453125 0.42083333333333334 0.0296875 0.025
