9 0.939453125 0.17083333333333334 0.03203125 0.05277777777777778
9 0.64140625 0.28888888888888886 0.03125 0.05277777777777778
9 0.6171875 0.22083333333333333 0.053125 0.08888888888888889
9 0.555859375 0.2722222222222222 0.04453125 0.019444444444444445
9 0.5578125 0.3055555555555556 0.0265625 0.013888888888888888
9 0.248828125 0.3076388888888889 0.01953125 0.0763888888888889
8 0.5640625 0.3368055555555556 0.0109375 0.02361111111111111
8 0.571875 0.3861111111111111 0.0046875 0.022222222222222223
8 0.133203125 0.3638888888888889 0.00859375 0.022222222222222223
8 0.151171875 0.3861111111111111 0.00703125 0.011111111111111112
2 0.39609375 0.48541666666666666 0.0171875 0.02361111111111111
2 0.383203125 0.4826388888888889 0.01484375 0.0375
2 0.363671875 0.4791666666666667 0.01953125 0.041666666666666664
3 0.12421875 0.5284722222222222 0.246875 0.26805555555555555
2 0.503515625 0.61875 0.28046875 0.4097222222222222
