2 0.192578125 0.5576388888888889 0.04140625 0.04861111111111111
2 0.29140625 0.5569444444444445 0.0625 0.06944444444444445
2 0.33359375 0.5423611111111111 0.028125 0.03194444444444444
2 0.37890625 0.5472222222222223 0.0484375 0.05
2 0.43046875 0.5527777777777778 0.0375 0.03888888888888889
2 0.471484375 0.55 0.03828125 0.041666666666666664
2 0.613671875 0.5506944444444445 0.05703125 0.05694444444444444
2 0.6796875 0.5527777777777778 0.0796875 0.07777777777777778
2 0.785546875 0.5555555555555556 0.11953125 0.10833333333333334
2 0.92265625 0.55 0.153125 0.14166666666666666
