2 0.432421875 0.40555555555555556 0.01484375 0.019444444444444445
2 0.41484375 0.42291666666666666 0.0109375 0.02638888888888889
9 0.473046875 0.42569444444444443 0.01015625 0.015277777777777777
9 0.480859375 0.4201388888888889 0.01015625 0.015277777777777777
2 0.40546875 0.3861111111111111 0.009375 0.013888888888888888
2 0.399609375 0.39791666666666664 0.01328125 0.015277777777777777
2 0.396875 0.4152777777777778 0.0140625 0.013888888888888888
2 0.397265625 0.42916666666666664 0.01171875 0.013888888888888888
2 0.394140625 0.44375 0.00859375 0.0125
2 0.384375 0.44583333333333336 0.0140625 0.019444444444444445
2 0.3765625 0.45625 0.0109375 0.02638888888888889
2 0.362890625 0.4625 0.02421875 0.03333333333333333
2 0.35 0.4701388888888889 0.0140625 0.03194444444444444
2 0.33359375 0.48125 0.0375 0.04861111111111111
2 0.3140625 0.5 0.028125 0.044444444444444446
2 0.408984375 0.45694444444444443 0.01640625 0.030555555555555555
2 0.288671875 0.5166666666666667 0.05546875 0.075
2 0.45859375 0.45208333333333334 0.009375 0.020833333333333332
2 0.471484375 0.4618055555555556 0.01484375 0.02361111111111111
2 0.482421875 0.47638888888888886 0.01953125 0.03333333333333333
2 0.49453125 0.4888888888888889 0.0203125 0.03333333333333333
2 0.507421875 0.5 0.02265625 0.05
2 0.541796875 0.5236111111111111 0.06796875 0.08888888888888889
2 0.955859375 0.5368055555555555 0.08671875 0.14027777777777778
2 0.862890625 0.5486111111111112 0.15703125 0.1388888888888889
9 0.059375 0.41041666666666665 0.034375 0.0125
