3 0.816796875 0.36736111111111114 0.36484375 0.7347222222222223
2 0.04140625 0.4798611111111111 0.0828125 0.11527777777777778
8 0.250390625 0.05555555555555555 0.02734375 0.10555555555555556
8 0.223828125 0.1840277777777778 0.03046875 0.0763888888888889
8 0.279296875 0.18680555555555556 0.03046875 0.09305555555555556
8 0.543359375 0.3451388888888889 0.00546875 0.020833333333333332
8 0.578515625 0.38333333333333336 0.00703125 0.013888888888888888
8 0.538671875 0.34652777777777777 0.00703125 0.02361111111111111
8 0.347265625 0.40208333333333335 0.00703125 0.0125
2 0.12265625 0.4583333333333333 0.1171875 0.10833333333333334
1 0.242578125 0.4527777777777778 0.01640625 0.08333333333333333
3 0.494140625 0.41944444444444445 0.02265625 0.05555555555555555
2 0.34609375 0.4444444444444444 0.04375 0.06111111111111111
2 0.3875 0.4388888888888889 0.015625 0.027777777777777776
2 0.40078125 0.43472222222222223 0.0171875 0.027777777777777776
2 0.416796875 0.4326388888888889 0.01640625 0.02638888888888889
2 0.43125 0.4305555555555556 0.0171875 0.025
2 0.446484375 0.4326388888888889 0.01328125 0.02638888888888889
2 0.45625 0.4305555555555556 0.009375 0.022222222222222223
2 0.471484375 0.42986111111111114 0.00859375 0.02361111111111111
2 0.52421875 0.4326388888888889 0.0125 0.020833333333333332
8 0.507421875 0.38958333333333334 0.00390625 0.015277777777777777
9 0.612890625 0.3770833333333333 0.00859375 0.009722222222222222
8 0.61328125 0.39166666666666666 0.009375 0.013888888888888888
8 0.520703125 0.4166666666666667 0.00546875 0.013888888888888888
8 0.525 0.4173611111111111 0.0046875 0.015277777777777777
8 0.3703125 0.34097222222222223 0.00625 0.02361111111111111
