8 0.088671875 0.375 0.02265625 0.07777777777777778
8 0.39296875 0.4201388888888889 0.0171875 0.05694444444444444
8 0.522265625 0.5493055555555556 0.01171875 0.04861111111111111
8 0.74921875 0.4965277777777778 0.0203125 0.04027777777777778
2 0.065234375 0.6784722222222223 0.13046875 0.18472222222222223
8 0.709765625 0.32916666666666666 0.01796875 0.08333333333333333
9 0.730078125 0.32916666666666666 0.02265625 0.027777777777777776
9 0.741015625 0.3486111111111111 0.04140625 0.025
9 0.728515625 0.3840277777777778 0.03515625 0.02361111111111111
9 0.31015625 0.5534722222222223 0.021875 0.015277777777777777
9 0.33046875 0.5513888888888889 0.0109375 0.016666666666666666
9 0.355859375 0.5659722222222222 0.00859375 0.018055555555555554
9 0.46796875 0.4652777777777778 0.028125 0.030555555555555555
9 0.444921875 0.4388888888888889 0.02109375 0.022222222222222223
2 0.176953125 0.6472222222222223 0.07578125 0.08333333333333333
2 0.33828125 0.6284722222222222 0.1140625 0.07361111111111111
2 0.452734375 0.6159722222222223 0.05234375 0.0625
2 0.7546875 0.6013888888888889 0.1625 0.06666666666666667
2 0.6375 0.6576388888888889 0.1125 0.13472222222222222
2 0.941015625 0.5958333333333333 0.11640625 0.06388888888888888
2 0.219140625 0.6180555555555556 0.02421875 0.044444444444444446
2 0.18671875 0.5951388888888889 0.0328125 0.020833333333333332
2 0.221875 0.5854166666666667 0.0265625 0.020833333333333332
9 0.227734375 0.5694444444444444 0.01328125 0.013888888888888888
9 0.183984375 0.5541666666666667 0.01171875 0.016666666666666666
2 0.399609375 0.6194444444444445 0.01640625 0.041666666666666664
9 0.7296875 0.4423611111111111 0.0328125 0.06805555555555555
2 0.25859375 0.5826388888888889 0.0109375 0.0125
8 0.259375 0.5541666666666667 0.00625 0.013888888888888888
8 0.27109375 0.55625 0.009375 0.015277777777777777
8 0.298828125 0.5722222222222222 0.01015625 0.011111111111111112
8 0.726171875 0.5027777777777778 0.01328125 0.027777777777777776
