2 0.459765625 0.4708333333333333 0.11328125 0.1638888888888889
2 0.297265625 0.4986111111111111 0.07734375 0.12222222222222222
2 0.346484375 0.45625 0.03515625 0.0625
2 0.407421875 0.45208333333333334 0.03203125 0.06805555555555555
2 0.3890625 0.44513888888888886 0.0203125 0.05416666666666667
2 0.375 0.4340277777777778 0.0234375 0.04583333333333333
2 0.31171875 0.12986111111111112 0.121875 0.043055555555555555
2 0.73515625 0.08194444444444444 0.0609375 0.05555555555555555
9 0.68125 0.11875 0.05 0.12083333333333333
9 0.623046875 0.35555555555555557 0.01484375 0.022222222222222223
9 0.675390625 0.35208333333333336 0.01484375 0.02361111111111111
9 0.9328125 0.29930555555555555 0.021875 0.03194444444444444
2 0.813671875 0.36736111111111114 0.01640625 0.018055555555555554
2 0.773046875 0.3645833333333333 0.01796875 0.02361111111111111
4 0.887109375 0.3472222222222222 0.10078125 0.06388888888888888
2 0.959375 0.3659722222222222 0.0328125 0.04027777777777778
