8 0.09375 0.11875 0.0203125 0.06805555555555555
8 0.119921875 0.3375 0.01171875 0.019444444444444445
8 0.54140625 0.20694444444444443 0.0109375 0.05277777777777778
8 0.391796875 0.34375 0.00390625 0.020833333333333332
8 0.1109375 0.12291666666666666 0.0140625 0.059722222222222225
8 0.074609375 0.11944444444444445 0.01484375 0.058333333333333334
8 0.55234375 0.20555555555555555 0.0109375 0.04722222222222222
8 0.532421875 0.20416666666666666 0.01015625 0.044444444444444446
8 0.906640625 0.27361111111111114 0.03359375 0.05
8 0.39453125 0.34652777777777777 0.00625 0.020833333333333332
9 0.988671875 0.1638888888888889 0.01796875 0.041666666666666664
9 0.1265625 0.29791666666666666 0.0203125 0.018055555555555554
9 0.133984375 0.3173611111111111 0.02734375 0.018055555555555554
9 0.89921875 0.12291666666666666 0.0359375 0.020833333333333332
9 0.8890625 0.13402777777777777 0.0203125 0.02361111111111111
9 0.51484375 0.33541666666666664 0.009375 0.02361111111111111
9 0.803515625 0.3402777777777778 0.01953125 0.04722222222222222
2 0.225 0.4263888888888889 0.05625 0.08055555555555556
3 0.2640625 0.39444444444444443 0.0625 0.11388888888888889
2 0.308203125 0.3958333333333333 0.02578125 0.07777777777777778
2 0.341015625 0.4131944444444444 0.01796875 0.034722222222222224
2 0.357421875 0.4131944444444444 0.01484375 0.02361111111111111
3 0.375390625 0.40208333333333335 0.02109375 0.03194444444444444
8 0.4921875 0.40208333333333335 0.025 0.04027777777777778
2 0.888671875 0.42986111111111114 0.10546875 0.0875
2 0.44296875 0.4986111111111111 0.1671875 0.23333333333333334
2 0.742578125 0.50625 0.25546875 0.2847222222222222
2 0.98203125 0.8027777777777778 0.03125 0.225
2 0.016796875 0.48333333333333334 0.03359375 0.15555555555555556
8 0.481640625 0.3472222222222222 0.00703125 0.019444444444444445
9 0.46328125 0.3729166666666667 0.0109375 0.018055555555555554
8 0.253125 0.06666666666666667 0.0484375 0.03611111111111111
