2 0.415625 0.5854166666666667 0.0171875 0.020833333333333332
2 0.308203125 0.5875 0.03671875 0.044444444444444446
2 0.4375 0.5923611111111111 0.0375 0.04861111111111111
2 0.4046875 0.5868055555555556 0.0203125 0.02361111111111111
2 0.38125 0.5902777777777778 0.0234375 0.025
2 0.351953125 0.5888888888888889 0.02265625 0.027777777777777776
2 0.331640625 0.5861111111111111 0.01796875 0.03333333333333333
2 0.266015625 0.5965277777777778 0.06015625 0.0625
9 0.53828125 0.46805555555555556 0.021875 0.03611111111111111
9 0.5390625 0.49375 0.01875 0.015277777777777777
9 0.487890625 0.5618055555555556 0.00703125 0.0125
9 0.487109375 0.5493055555555556 0.00703125 0.009722222222222222
9 0.482421875 0.5666666666666667 0.00703125 0.011111111111111112
8 0.455859375 0.5611111111111111 0.00546875 0.011111111111111112
8 0.420703125 0.5527777777777778 0.00703125 0.011111111111111112
8 0.440234375 0.5618055555555556 0.00546875 0.0125
