9 0.515625 0.22777777777777777 0.059375 0.1
9 0.24375 0.2875 0.0484375 0.07777777777777778
9 0.5828125 0.3076388888888889 0.0640625 0.043055555555555555
9 0.078515625 0.20833333333333334 0.15703125 0.31666666666666665
2 0.423046875 0.45208333333333334 0.01796875 0.029166666666666667
2 0.46484375 0.5138888888888888 0.084375 0.09722222222222222
2 0.19375 0.48333333333333334 0.053125 0.03333333333333333
2 0.225390625 0.4888888888888889 0.06015625 0.019444444444444445
2 0.324609375 0.49583333333333335 0.14140625 0.23055555555555557
2 0.946484375 0.17777777777777778 0.07890625 0.08888888888888889
2 0.7109375 0.47291666666666665 0.053125 0.05138888888888889
