2 0.500390625 0.6520833333333333 0.05390625 0.09583333333333334
2 0.709765625 0.6611111111111111 0.12578125 0.175
2 0.44140625 0.6236111111111111 0.01875 0.03888888888888889
2 0.4609375 0.6270833333333333 0.0265625 0.05694444444444444
2 0.53515625 0.60625 0.034375 0.02361111111111111
2 0.54140625 0.6256944444444444 0.053125 0.05416666666666667
2 0.416015625 0.6284722222222222 0.02890625 0.04027777777777778
2 0.10625 0.6638888888888889 0.103125 0.06111111111111111
2 0.796484375 0.6965277777777777 0.15078125 0.14583333333333334
2 0.933203125 0.7493055555555556 0.13046875 0.16527777777777777
8 0.401953125 0.5569444444444445 0.01328125 0.025
