8 0.50078125 0.44513888888888886 0.015625 0.034722222222222224
8 0.640234375 0.47638888888888886 0.01328125 0.03333333333333333
9 0.66484375 0.4875 0.034375 0.019444444444444445
2 0.614453125 0.5784722222222223 0.01015625 0.018055555555555554
2 0.62734375 0.5791666666666667 0.009375 0.022222222222222223
2 0.648828125 0.5861111111111111 0.02265625 0.025
2 0.704296875 0.6020833333333333 0.02734375 0.05694444444444444
2 0.725390625 0.6138888888888889 0.03046875 0.05555555555555555
2 0.75 0.625 0.028125 0.05277777777777778
2 0.77890625 0.6395833333333333 0.0359375 0.06805555555555555
2 0.826953125 0.6631944444444444 0.08046875 0.09861111111111111
2 0.470703125 0.5638888888888889 0.03671875 0.03888888888888889
2 0.423828125 0.5645833333333333 0.03203125 0.0375
9 0.303125 0.46111111111111114 0.0328125 0.016666666666666666
9 0.15 0.43125 0.015625 0.03194444444444444
9 0.149609375 0.3861111111111111 0.04296875 0.04722222222222222
9 0.262890625 0.48055555555555557 0.01640625 0.013888888888888888
9 0.2703125 0.49375 0.015625 0.0125
8 0.2671875 0.5173611111111112 0.009375 0.018055555555555554
8 0.34296875 0.45625 0.009375 0.02361111111111111
8 0.703515625 0.5493055555555556 0.00859375 0.02361111111111111
8 0.596484375 0.5229166666666667 0.01015625 0.02361111111111111
8 0.536328125 0.525 0.00703125 0.022222222222222223
2 0.57421875 0.5659722222222222 0.028125 0.034722222222222224
2 0.602734375 0.5736111111111111 0.01484375 0.019444444444444445
2 0.38359375 0.56875 0.025 0.029166666666666667
2 0.5046875 0.5618055555555556 0.0359375 0.03194444444444444
2 0.94921875 0.64375 0.1 0.13472222222222222
