2 0.31484375 0.5076388888888889 0.0578125 0.07361111111111111
2 0.5046875 0.49930555555555556 0.0453125 0.05416666666666667
2 0.085546875 0.5680555555555555 0.16953125 0.34444444444444444
2 0.66875 0.5465277777777777 0.1390625 0.12916666666666668
2 0.350390625 0.49583333333333335 0.02734375 0.06944444444444445
2 0.360546875 0.47638888888888886 0.03984375 0.08333333333333333
4 0.47734375 0.4701388888888889 0.046875 0.07083333333333333
2 0.383984375 0.4888888888888889 0.00859375 0.027777777777777776
2 0.391796875 0.48680555555555555 0.01171875 0.03194444444444444
2 0.446875 0.48194444444444445 0.0140625 0.041666666666666664
4 0.39921875 0.4791666666666667 0.0171875 0.041666666666666664
2 0.42734375 0.4888888888888889 0.0125 0.013888888888888888
2 0.416796875 0.49027777777777776 0.01015625 0.016666666666666666
9 0.77265625 0.3388888888888889 0.025 0.03333333333333333
