8 0.55390625 0.19791666666666666 0.009375 0.043055555555555555
8 0.28359375 0.22777777777777777 0.009375 0.041666666666666664
9 0.28515625 0.32916666666666666 0.0171875 0.030555555555555555
9 0.740625 0.2375 0.0484375 0.019444444444444445
9 0.01953125 0.06111111111111111 0.0390625 0.12222222222222222
8 0.028515625 0.12777777777777777 0.02578125 0.06666666666666667
8 0.823828125 0.225 0.01171875 0.044444444444444446
8 0.96875 0.28125 0.0109375 0.043055555555555555
9 0.96875 0.3194444444444444 0.021875 0.016666666666666666
9 0.967578125 0.41875 0.01015625 0.02638888888888889
9 0.04140625 0.3527777777777778 0.009375 0.025
9 0.0578125 0.3194444444444444 0.009375 0.016666666666666666
9 0.208984375 0.3472222222222222 0.01640625 0.016666666666666666
9 0.458984375 0.36666666666666664 0.00703125 0.019444444444444445
8 0.56875 0.37569444444444444 0.009375 0.020833333333333332
8 0.6 0.3763888888888889 0.0078125 0.03333333333333333
8 0.96640625 0.3576388888888889 0.0109375 0.029166666666666667
8 0.008984375 0.14375 0.01796875 0.05138888888888889
2 0.43515625 0.3645833333333333 0.0109375 0.015277777777777777
2 0.42578125 0.36666666666666664 0.0109375 0.019444444444444445
2 0.432421875 0.3770833333333333 0.01171875 0.009722222222222222
2 0.4421875 0.3875 0.015625 0.019444444444444445
2 0.3953125 0.3715277777777778 0.015625 0.0125
2 0.39921875 0.35694444444444445 0.009375 0.016666666666666666
2 0.412890625 0.36736111111111114 0.01015625 0.0125
2 0.300390625 0.3590277777777778 0.01015625 0.0125
2 0.29140625 0.36319444444444443 0.009375 0.0125
2 0.278125 0.36666666666666664 0.0109375 0.013888888888888888
2 0.24921875 0.38125 0.0203125 0.02638888888888889
2 0.24453125 0.3645833333333333 0.0125 0.015277777777777777
2 0.214453125 0.375 0.01171875 0.019444444444444445
2 0.2078125 0.38125 0.009375 0.015277777777777777
2 0.198828125 0.3819444444444444 0.00859375 0.016666666666666666
2 0.185546875 0.3854166666666667 0.01640625 0.02361111111111111
2 0.16171875 0.3861111111111111 0.0234375 0.025
2 0.262890625 0.3861111111111111 0.01953125 0.03333333333333333
2 0.403125 0.3590277777777778 0.009375 0.0125
2 0.412109375 0.37777777777777777 0.01171875 0.016666666666666666
2 0.3953125 0.38958333333333334 0.015625 0.02638888888888889
2 0.428515625 0.4 0.02109375 0.027777777777777776
2 0.471484375 0.4027777777777778 0.02734375 0.03333333333333333
2 0.53046875 0.4513888888888889 0.1046875 0.1527777777777778
2 0.03671875 0.4027777777777778 0.0234375 0.03333333333333333
2 0.836328125 0.45 0.08984375 0.08055555555555556
2 0.71796875 0.4263888888888889 0.0515625 0.04722222222222222
3 0.65 0.40208333333333335 0.0703125 0.09305555555555556
2 0.598828125 0.4173611111111111 0.03203125 0.04583333333333333
2 0.003125 0.4013888888888889 0.00625 0.041666666666666664
