9 0.03203125 0.18263888888888888 0.0640625 0.1875
9 0.141015625 0.08194444444444444 0.10546875 0.06388888888888888
9 0.29296875 0.1076388888888889 0.0984375 0.06527777777777778
9 0.2890625 0.21597222222222223 0.0984375 0.18194444444444444
9 0.1390625 0.19375 0.1046875 0.18194444444444444
9 0.4140625 0.23333333333333334 0.1125 0.18611111111111112
9 0.364453125 0.50625 0.02421875 0.04583333333333333
9 0.4015625 0.5111111111111111 0.034375 0.03888888888888889
9 0.439453125 0.5159722222222223 0.02265625 0.04027777777777778
2 0.01484375 0.6166666666666667 0.028125 0.06666666666666667
2 0.3453125 0.5944444444444444 0.034375 0.05
2 0.41015625 0.5993055555555555 0.01875 0.02638888888888889
2 0.390234375 0.5930555555555556 0.01484375 0.022222222222222223
2 0.503515625 0.5923611111111111 0.01640625 0.018055555555555554
9 0.2625 0.5347222222222222 0.0109375 0.027777777777777776
9 0.437109375 0.5597222222222222 0.01171875 0.019444444444444445
