8 0.51875 0.5534722222222223 0.009375 0.02361111111111111
9 0.5546875 0.5611111111111111 0.0078125 0.022222222222222223
9 0.5359375 0.5784722222222223 0.009375 0.02361111111111111
9 0.6015625 0.56875 0.0125 0.02361111111111111
2 0.308984375 0.6194444444444445 0.02265625 0.025
2 0.258984375 0.6125 0.03515625 0.030555555555555555
2 0.18671875 0.6256944444444444 0.0421875 0.0375
2 0.11796875 0.6020833333333333 0.0515625 0.043055555555555555
2 0.6734375 0.6055555555555555 0.065625 0.09166666666666666
2 0.74453125 0.6173611111111111 0.11875 0.12361111111111112
2 0.053125 0.6319444444444444 0.0671875 0.058333333333333334
