2 0.386328125 0.5597222222222222 0.03046875 0.041666666666666664
2 0.34296875 0.5694444444444444 0.0140625 0.058333333333333334
2 0.328125 0.5777777777777777 0.0359375 0.08333333333333333
2 0.28125 0.6145833333333334 0.096875 0.16805555555555557
9 0.193359375 0.49166666666666664 0.01484375 0.022222222222222223
2 0.136328125 0.6791666666666667 0.26015625 0.3277777777777778
1 0.047265625 0.5409722222222222 0.01640625 0.029166666666666667
1 0.01953125 0.5576388888888889 0.0390625 0.1125
9 0.0796875 0.33819444444444446 0.0578125 0.0375
9 0.0796875 0.37916666666666665 0.0546875 0.044444444444444446
2 0.521875 0.6736111111111112 0.31875 0.55
9 0.080859375 0.30694444444444446 0.05234375 0.03888888888888889
2 0.35625 0.5368055555555555 0.009375 0.009722222222222222
2 0.367578125 0.5388888888888889 0.00859375 0.013888888888888888
2 0.378125 0.5368055555555555 0.0125 0.0125
