8 0.46328125 0.45208333333333334 0.00625 0.018055555555555554
8 0.397265625 0.4534722222222222 0.00546875 0.015277777777777777
8 0.4734375 0.46944444444444444 0.003125 0.013888888888888888
9 0.38046875 0.4548611111111111 0.0125 0.0125
9 0.4765625 0.45208333333333334 0.0125 0.0125
9 0.507421875 0.4486111111111111 0.00859375 0.016666666666666666
9 0.49921875 0.46875 0.0078125 0.015277777777777777
9 0.600390625 0.29791666666666666 0.04140625 0.043055555555555555
9 0.6390625 0.45694444444444443 0.009375 0.03611111111111111
2 0.478515625 0.4965277777777778 0.02734375 0.029166666666666667
2 0.45703125 0.4930555555555556 0.0125 0.027777777777777776
2 0.40859375 0.4895833333333333 0.021875 0.029166666666666667
2 0.387890625 0.4930555555555556 0.01796875 0.022222222222222223
2 0.425390625 0.49930555555555556 0.03515625 0.05138888888888889
2 0.358984375 0.4951388888888889 0.03984375 0.05694444444444444
2 0.329296875 0.4875 0.02421875 0.03611111111111111
2 0.277734375 0.4840277777777778 0.02421875 0.04583333333333333
2 0.2390625 0.49027777777777776 0.059375 0.058333333333333334
2 0.10625 0.48125 0.2125 0.22083333333333333
2 0.585546875 0.5 0.02734375 0.027777777777777776
2 0.620703125 0.49583333333333335 0.02421875 0.030555555555555555
2 0.69375 0.5 0.028125 0.03611111111111111
2 0.91875 0.5111111111111111 0.125 0.11944444444444445
