9 0.076171875 0.0763888888888889 0.02265625 0.058333333333333334
9 0.15859375 0.14305555555555555 0.0078125 0.016666666666666666
9 0.155859375 0.12361111111111112 0.00859375 0.019444444444444445
9 0.521875 0.1 0.0078125 0.013888888888888888
8 0.53515625 0.052083333333333336 0.0140625 0.05416666666666667
8 0.565234375 0.11041666666666666 0.00703125 0.02361111111111111
8 0.9 0.09652777777777778 0.0109375 0.020833333333333332
8 0.8953125 0.041666666666666664 0.0140625 0.058333333333333334
8 0.73515625 0.06527777777777778 0.00625 0.016666666666666666
8 0.711328125 0.06458333333333334 0.00546875 0.015277777777777777
8 0.58046875 0.07777777777777778 0.00625 0.019444444444444445
8 0.556640625 0.08263888888888889 0.00546875 0.020833333333333332
2 0.748046875 0.09444444444444444 0.01484375 0.016666666666666666
2 0.724609375 0.1388888888888889 0.02734375 0.06111111111111111
2 0.7046875 0.10902777777777778 0.015625 0.02638888888888889
2 0.691796875 0.10833333333333334 0.02109375 0.027777777777777776
2 0.674609375 0.11805555555555555 0.03203125 0.03333333333333333
2 0.5390625 0.1673611111111111 0.028125 0.034722222222222224
2 0.501953125 0.17083333333333334 0.02734375 0.06666666666666667
2 0.44765625 0.1638888888888889 0.0203125 0.025
2 0.398828125 0.16875 0.02578125 0.020833333333333332
2 0.475390625 0.18125 0.04296875 0.07361111111111111
2 0.756640625 0.15138888888888888 0.07109375 0.11388888888888889
3 0.3453125 0.19027777777777777 0.0921875 0.10555555555555556
2 0.244921875 0.20902777777777778 0.08671875 0.07916666666666666
2 0.08359375 0.22708333333333333 0.1640625 0.12638888888888888
2 0.01875 0.22361111111111112 0.0375 0.12222222222222222
