8 0.29609375 0.35833333333333334 0.0109375 0.044444444444444446
8 0.456640625 0.36527777777777776 0.00859375 0.03611111111111111
8 0.55703125 0.4215277777777778 0.0125 0.02638888888888889
8 0.2375 0.4375 0.015625 0.027777777777777776
2 0.38203125 0.44305555555555554 0.0125 0.025
2 0.37109375 0.4513888888888889 0.01875 0.041666666666666664
2 0.358984375 0.45902777777777776 0.02109375 0.04583333333333333
2 0.33828125 0.46041666666666664 0.034375 0.05138888888888889
2 0.30390625 0.4666666666666667 0.0578125 0.08055555555555556
2 0.479296875 0.4597222222222222 0.01953125 0.03333333333333333
2 0.496875 0.46319444444444446 0.0140625 0.02361111111111111
2 0.519921875 0.47291666666666665 0.02421875 0.043055555555555555
2 0.423828125 0.4930555555555556 0.11484375 0.19444444444444445
9 0.5796875 0.36736111111111114 0.01875 0.015277777777777777
9 0.55234375 0.36180555555555555 0.0125 0.0125
9 0.54765625 0.3923611111111111 0.0140625 0.04027777777777778
2 0.14765625 0.5041666666666667 0.0828125 0.09166666666666666
2 0.065625 0.5944444444444444 0.13125 0.4305555555555556
1 0.717578125 0.5027777777777778 0.05546875 0.2222222222222222
9 0.591796875 0.33402777777777776 0.01796875 0.05138888888888889
