2 0.514453125 0.2659722222222222 0.04609375 0.07361111111111111
2 0.55625 0.27291666666666664 0.05 0.0625
2 0.68515625 0.34097222222222223 0.2578125 0.2875
2 0.448046875 0.3020833333333333 0.11171875 0.24861111111111112
2 0.113671875 0.2902777777777778 0.09921875 0.15
2 0.28125 0.36319444444444443 0.2765625 0.4625
2 0.0703125 0.3715277777777778 0.140625 0.3680555555555556
2 0.8734375 0.37083333333333335 0.25 0.3611111111111111
9 0.68828125 0.06597222222222222 0.0140625 0.034722222222222224
9 0.6609375 0.1875 0.0265625 0.030555555555555555
