8 0.10078125 0.2125 0.0125 0.058333333333333334
8 0.5734375 0.04861111111111111 0.0234375 0.09722222222222222
8 0.59453125 0.04583333333333333 0.01875 0.08888888888888889
8 0.55078125 0.05555555555555555 0.021875 0.1
8 0.376171875 0.44930555555555557 0.00703125 0.015277777777777777
8 0.573828125 0.39444444444444443 0.01640625 0.027777777777777776
9 0.5609375 0.28541666666666665 0.028125 0.034722222222222224
9 0.5609375 0.3145833333333333 0.028125 0.0375
9 0.697265625 0.4131944444444444 0.01953125 0.0375
9 0.416015625 0.42083333333333334 0.02734375 0.016666666666666666
2 0.409375 0.47291666666666665 0.009375 0.018055555555555554
2 0.41953125 0.4756944444444444 0.0109375 0.02361111111111111
2 0.431640625 0.4791666666666667 0.01953125 0.03333333333333333
2 0.446875 0.4791666666666667 0.0171875 0.044444444444444446
2 0.328515625 0.48333333333333334 0.02109375 0.03888888888888889
2 0.30546875 0.4861111111111111 0.021875 0.041666666666666664
2 0.279296875 0.49236111111111114 0.02890625 0.043055555555555555
2 0.1328125 0.5215277777777778 0.040625 0.06527777777777778
2 0.211328125 0.5361111111111111 0.13359375 0.14166666666666666
2 0.3625 0.47847222222222224 0.0140625 0.015277777777777777
2 0.38671875 0.47291666666666665 0.0109375 0.015277777777777777
2 0.398828125 0.4756944444444444 0.01171875 0.018055555555555554
2 0.465234375 0.4847222222222222 0.03359375 0.058333333333333334
