2 0.3875 0.3875 0.015625 0.03333333333333333
2 0.36875 0.39305555555555555 0.0234375 0.03611111111111111
2 0.45625 0.38263888888888886 0.0109375 0.02361111111111111
2 0.47734375 0.3888888888888889 0.0328125 0.041666666666666664
2 0.509375 0.4076388888888889 0.021875 0.07361111111111111
2 0.540234375 0.4131944444444444 0.08046875 0.1125
3 0.730078125 0.4736111111111111 0.34609375 0.34444444444444444
3 0.177734375 0.3951388888888889 0.20390625 0.2263888888888889
8 0.270703125 0.3388888888888889 0.01015625 0.016666666666666666
8 0.408203125 0.3402777777777778 0.00546875 0.013888888888888888
8 0.45390625 0.3347222222222222 0.0078125 0.016666666666666666
8 0.3390625 0.26458333333333334 0.0046875 0.02361111111111111
8 0.499609375 0.25625 0.00546875 0.029166666666666667
8 0.34453125 0.26319444444444445 0.0078125 0.029166666666666667
8 0.3328125 0.2625 0.0078125 0.027777777777777776
8 0.49296875 0.2520833333333333 0.0078125 0.03194444444444444
8 0.50703125 0.2534722222222222 0.0046875 0.02638888888888889
8 0.514453125 0.34652777777777777 0.01171875 0.020833333333333332
