9 0.846875 0.21041666666666667 0.025 0.09305555555555556
9 0.97734375 0.13055555555555556 0.0328125 0.10833333333333334
9 0.77578125 0.26180555555555557 0.0171875 0.07083333333333333
9 0.708203125 0.2972222222222222 0.01171875 0.06111111111111111
8 0.43984375 0.24375 0.015625 0.09583333333333334
8 0.422265625 0.2326388888888889 0.01484375 0.0763888888888889
8 0.19609375 0.12361111111111112 0.01875 0.10833333333333334
8 0.216015625 0.15138888888888888 0.02578125 0.1361111111111111
2 0.865625 0.5875 0.0421875 0.041666666666666664
2 0.934375 0.6027777777777777 0.1296875 0.13333333333333333
2 0.80859375 0.6013888888888889 0.05625 0.06111111111111111
2 0.63203125 0.5854166666666667 0.10625 0.09305555555555556
2 0.705078125 0.5826388888888889 0.02890625 0.05138888888888889
2 0.349609375 0.55625 0.01484375 0.020833333333333332
2 0.333984375 0.5604166666666667 0.02265625 0.034722222222222224
2 0.316015625 0.5583333333333333 0.01015625 0.016666666666666666
3 0.300390625 0.5513888888888889 0.01796875 0.025
2 0.283203125 0.5520833333333334 0.01015625 0.018055555555555554
2 0.262109375 0.5479166666666667 0.01015625 0.018055555555555554
2 0.25078125 0.5548611111111111 0.0140625 0.02361111111111111
2 0.23046875 0.5534722222222223 0.01875 0.02638888888888889
2 0.21796875 0.5541666666666667 0.0125 0.030555555555555555
2 0.203515625 0.5520833333333334 0.01171875 0.018055555555555554
2 0.177734375 0.5534722222222223 0.04453125 0.04861111111111111
2 0.134765625 0.5638888888888889 0.03828125 0.08055555555555556
3 0.0578125 0.5041666666666667 0.115625 0.275
2 0.413671875 0.5631944444444444 0.02890625 0.04861111111111111
