4 0.41875 0.47708333333333336 0.0765625 0.09583333333333334
2 0.45859375 0.47638888888888886 0.0296875 0.07777777777777778
2 0.49609375 0.48541666666666666 0.075 0.12638888888888888
2 0.518359375 0.5138888888888888 0.05859375 0.11944444444444445
2 0.591015625 0.5270833333333333 0.13828125 0.20416666666666666
1 0.38671875 0.48125 0.0140625 0.04861111111111111
2 0.343359375 0.4847222222222222 0.03671875 0.075
2 0.34296875 0.4930555555555556 0.034375 0.058333333333333334
2 0.31484375 0.4930555555555556 0.0359375 0.07777777777777778
2 0.092578125 0.5506944444444445 0.18515625 0.3486111111111111
2 0.79609375 0.6034722222222222 0.3921875 0.35138888888888886
2 0.249609375 0.48819444444444443 0.11484375 0.1597222222222222
