2 0.30390625 0.43680555555555556 0.03125 0.043055555555555555
3 0.24375 0.41875 0.0609375 0.0875
3 0.5453125 0.41180555555555554 0.040625 0.08194444444444444
2 0.198046875 0.44375 0.07109375 0.06527777777777778
2 0.497265625 0.42916666666666664 0.01171875 0.025
2 0.516015625 0.42777777777777776 0.01171875 0.019444444444444445
2 0.57578125 0.42916666666666664 0.059375 0.07777777777777778
9 0.06484375 0.32569444444444445 0.0203125 0.0125
9 0.0734375 0.34444444444444444 0.0203125 0.011111111111111112
9 0.282421875 0.1451388888888889 0.04296875 0.0763888888888889
9 0.281640625 0.23194444444444445 0.02890625 0.06666666666666667
9 0.6421875 0.30625 0.0234375 0.015277777777777777
9 0.506640625 0.38125 0.01015625 0.009722222222222222
9 0.283203125 0.4284722222222222 0.01328125 0.02638888888888889
9 0.284375 0.4527777777777778 0.0125 0.022222222222222223
9 0.0625 0.37430555555555556 0.015625 0.02638888888888889
9 0.5125 0.2375 0.0078125 0.041666666666666664
9 0.52578125 0.2361111111111111 0.0125 0.03888888888888889
3 0.39453125 0.35555555555555557 0.2078125 0.44166666666666665
3 0.821484375 0.33819444444444446 0.34921875 0.5513888888888889
