9 0.29453125 0.41875 0.0359375 0.020833333333333332
9 0.373046875 0.44305555555555554 0.01484375 0.013888888888888888
9 0.38125 0.45069444444444445 0.0203125 0.009722222222222222
8 0.73046875 0.42291666666666666 0.0125 0.043055555555555555
8 0.722265625 0.4236111111111111 0.01015625 0.03333333333333333
8 0.559375 0.50625 0.0078125 0.015277777777777777
8 0.5453125 0.5263888888888889 0.00625 0.013888888888888888
8 0.48203125 0.5 0.0078125 0.013888888888888888
8 0.51328125 0.41597222222222224 0.009375 0.04027777777777778
8 0.370703125 0.5048611111111111 0.01171875 0.03194444444444444
2 0.875390625 0.5944444444444444 0.24453125 0.8055555555555556
2 0.505078125 0.5597222222222222 0.01171875 0.016666666666666666
2 0.515234375 0.5590277777777778 0.00859375 0.018055555555555554
2 0.5234375 0.5618055555555556 0.0109375 0.020833333333333332
2 0.53359375 0.5631944444444444 0.0203125 0.02638888888888889
2 0.604296875 0.5722222222222222 0.03515625 0.030555555555555555
2 0.495703125 0.5597222222222222 0.01328125 0.022222222222222223
2 0.484375 0.5576388888888889 0.0109375 0.018055555555555554
2 0.56015625 0.58125 0.046875 0.059722222222222225
2 0.459375 0.56875 0.03125 0.04027777777777778
2 0.6375 0.5972222222222222 0.065625 0.075
2 0.721875 0.5951388888888889 0.0640625 0.07083333333333333
4 0.631640625 0.5541666666666667 0.05859375 0.06388888888888888
9 0.623828125 0.5097222222222222 0.01171875 0.008333333333333333
2 0.233203125 0.5451388888888888 0.08359375 0.05416666666666667
