8 0.44765625 0.4 0.0171875 0.025
8 0.299609375 0.38958333333333334 0.01640625 0.02361111111111111
8 0.36953125 0.46805555555555556 0.0140625 0.019444444444444445
8 0.4390625 0.4722222222222222 0.0078125 0.016666666666666666
2 0.4015625 0.5034722222222222 0.021875 0.03194444444444444
2 0.334375 0.5097222222222222 0.028125 0.03888888888888889
2 0.318359375 0.5180555555555556 0.01796875 0.03888888888888889
2 0.30546875 0.5152777777777777 0.0171875 0.03333333333333333
2 0.284375 0.5201388888888889 0.0265625 0.043055555555555555
2 0.262109375 0.5243055555555556 0.02421875 0.04027777777777778
2 0.240234375 0.5263888888888889 0.02265625 0.03611111111111111
2 0.212109375 0.5326388888888889 0.03671875 0.04861111111111111
2 0.159765625 0.5291666666666667 0.06328125 0.075
2 0.069140625 0.5493055555555556 0.09921875 0.08472222222222223
2 0.42734375 0.5194444444444445 0.0390625 0.058333333333333334
2 0.595703125 0.5395833333333333 0.07421875 0.10416666666666667
2 0.551953125 0.5340277777777778 0.04296875 0.07916666666666666
2 0.497265625 0.5201388888888889 0.02890625 0.034722222222222224
2 0.375 0.5159722222222223 0.0234375 0.034722222222222224
2 0.46875 0.5173611111111112 0.0234375 0.0375
