9 0.862109375 0.64375 0.08046875 0.06805555555555555
9 0.80546875 0.6486111111111111 0.021875 0.03611111111111111
9 0.454296875 0.6645833333333333 0.00859375 0.02638888888888889
2 0.329296875 0.7138888888888889 0.00703125 0.016666666666666666
2 0.340234375 0.7118055555555556 0.00859375 0.02638888888888889
2 0.22890625 0.7118055555555556 0.0125 0.0125
2 0.19609375 0.7076388888888889 0.009375 0.020833333333333332
2 0.090234375 0.7041666666666667 0.02890625 0.027777777777777776
2 0.129296875 0.7076388888888889 0.03671875 0.034722222222222224
2 0.178515625 0.7076388888888889 0.01796875 0.020833333333333332
2 0.271484375 0.7118055555555556 0.00703125 0.018055555555555554
2 0.290625 0.7138888888888889 0.009375 0.013888888888888888
2 0.30546875 0.7125 0.0109375 0.011111111111111112
4 0.156640625 0.6993055555555555 0.02265625 0.043055555555555555
4 0.21640625 0.6986111111111111 0.03125 0.041666666666666664
4 0.252734375 0.7034722222222223 0.02265625 0.03194444444444444
2 0.352734375 0.7152777777777778 0.01328125 0.025
3 0.295703125 0.7041666666666667 0.01171875 0.016666666666666666
