2 0.030859375 0.61875 0.06171875 0.5680555555555555
2 0.251953125 0.5361111111111111 0.01640625 0.03611111111111111
2 0.301171875 0.5541666666666667 0.09765625 0.12222222222222222
2 0.36875 0.5479166666666667 0.059375 0.0875
2 0.401953125 0.54375 0.01796875 0.0625
2 0.418359375 0.5388888888888889 0.01484375 0.03888888888888889
2 0.43203125 0.5368055555555555 0.0125 0.029166666666666667
2 0.44921875 0.5458333333333333 0.040625 0.06666666666666667
2 0.47890625 0.5451388888888888 0.0265625 0.05138888888888889
2 0.498828125 0.53125 0.01171875 0.018055555555555554
2 0.5109375 0.5340277777777778 0.0125 0.020833333333333332
2 0.52890625 0.5319444444444444 0.0125 0.016666666666666666
2 0.519921875 0.5284722222222222 0.00546875 0.02361111111111111
2 0.54375 0.5319444444444444 0.0109375 0.016666666666666666
2 0.561328125 0.5333333333333333 0.02109375 0.013888888888888888
9 0.5453125 0.4888888888888889 0.0296875 0.05277777777777778
