2 0.263671875 0.45902777777777776 0.08203125 0.10972222222222222
2 0.401953125 0.4125 0.02109375 0.03333333333333333
2 0.418359375 0.41597222222222224 0.01484375 0.02638888888888889
2 0.34296875 0.42986111111111114 0.021875 0.04583333333333333
2 0.321875 0.4375 0.040625 0.05277777777777778
2 0.42734375 0.41805555555555557 0.0171875 0.05555555555555555
2 0.602734375 0.48333333333333334 0.20078125 0.25
2 0.18984375 0.4909722222222222 0.153125 0.1486111111111111
2 0.38203125 0.45416666666666666 0.0734375 0.10277777777777777
2 0.255078125 0.4597222222222222 0.06796875 0.09444444444444444
2 0.45390625 0.41944444444444445 0.0515625 0.08611111111111111
8 0.40078125 0.3840277777777778 0.0046875 0.009722222222222222
8 0.390625 0.38333333333333336 0.0046875 0.008333333333333333
8 0.371875 0.37083333333333335 0.0078125 0.013888888888888888
8 0.410546875 0.3645833333333333 0.00703125 0.0125
8 0.383203125 0.3763888888888889 0.00546875 0.011111111111111112
2 0.393359375 0.39652777777777776 0.01328125 0.0125
