8 0.428125 0.4583333333333333 0.0078125 0.030555555555555555
8 0.54296875 0.5270833333333333 0.0109375 0.03194444444444444
8 0.90078125 0.3416666666666667 0.0328125 0.10833333333333334
8 0.065234375 0.5326388888888889 0.01171875 0.04027777777777778
8 0.36875 0.45208333333333334 0.0078125 0.03194444444444444
8 0.1515625 0.48819444444444443 0.0078125 0.034722222222222224
8 0.86875 0.35555555555555557 0.0234375 0.10277777777777777
8 0.87578125 0.45694444444444443 0.0125 0.041666666666666664
8 0.57578125 0.5270833333333333 0.0078125 0.029166666666666667
8 0.9765625 0.40069444444444446 0.015625 0.0375
8 0.988671875 0.2833333333333333 0.02109375 0.06666666666666667
9 0.937890625 0.33194444444444443 0.03828125 0.030555555555555555
9 0.776171875 0.5194444444444445 0.02890625 0.030555555555555555
9 0.8546875 0.5916666666666667 0.0484375 0.03888888888888889
9 0.897265625 0.5111111111111111 0.01328125 0.027777777777777776
9 0.921875 0.5541666666666667 0.00625 0.022222222222222223
9 0.98125 0.45902777777777776 0.0359375 0.07916666666666666
2 0.173828125 0.5986111111111111 0.01328125 0.025
2 0.190234375 0.5979166666666667 0.01484375 0.02361111111111111
2 0.21953125 0.5951388888888889 0.009375 0.018055555555555554
2 0.23046875 0.5951388888888889 0.0125 0.018055555555555554
2 0.24609375 0.5951388888888889 0.015625 0.018055555555555554
2 0.367578125 0.6027777777777777 0.03203125 0.09166666666666666
2 0.43046875 0.6090277777777777 0.009375 0.05138888888888889
2 0.768359375 0.5958333333333333 0.08203125 0.07222222222222222
2 0.94296875 0.5659722222222222 0.028125 0.02638888888888889
2 0.971484375 0.5590277777777778 0.02421875 0.05416666666666667
3 0.811328125 0.5701388888888889 0.04140625 0.04861111111111111
3 0.47890625 0.5881944444444445 0.0984375 0.1875
2 0.3109375 0.63125 0.121875 0.1625
2 0.6890625 0.6263888888888889 0.1078125 0.1388888888888889
2 0.086328125 0.7770833333333333 0.17265625 0.44305555555555554
9 0.380859375 0.45069444444444445 0.01171875 0.02361111111111111
9 0.64609375 0.4423611111111111 0.0265625 0.04027777777777778
9 0.81328125 0.5020833333333333 0.034375 0.02361111111111111
