4 0.4 0.23194444444444445 0.021875 0.025
2 0.38359375 0.25625 0.028125 0.05694444444444444
2 0.331640625 0.20902777777777778 0.07109375 0.09027777777777778
2 0.403125 0.32083333333333336 0.0671875 0.16666666666666666
2 0.439453125 0.23541666666666666 0.01171875 0.02361111111111111
2 0.319921875 0.2902777777777778 0.10078125 0.14444444444444443
2 0.554296875 0.33819444444444446 0.27265625 0.3347222222222222
9 0.28828125 0.14305555555555555 0.0265625 0.019444444444444445
9 0.1875 0.09027777777777778 0.01875 0.05277777777777778
8 0.40390625 0.18263888888888888 0.003125 0.0125
8 0.40078125 0.18194444444444444 0.003125 0.013888888888888888
