2 0.464453125 0.5618055555555556 0.01328125 0.04583333333333333
2 0.47421875 0.5638888888888889 0.015625 0.05277777777777778
2 0.48671875 0.5652777777777778 0.03125 0.05277777777777778
2 0.509765625 0.5701388888888889 0.03828125 0.09861111111111111
2 0.316796875 0.5736111111111111 0.03203125 0.044444444444444446
2 0.288671875 0.575 0.03046875 0.05555555555555555
2 0.2796875 0.5840277777777778 0.0375 0.05138888888888889
2 0.2625 0.5902777777777778 0.0234375 0.058333333333333334
2 0.223046875 0.5909722222222222 0.06640625 0.09305555555555556
2 0.072265625 0.5958333333333333 0.08046875 0.08611111111111111
2 0.021484375 0.6402777777777777 0.04296875 0.19166666666666668
2 0.125 0.6270833333333333 0.14375 0.13194444444444445
2 0.555078125 0.5763888888888888 0.09765625 0.125
2 0.3671875 0.5659722222222222 0.0171875 0.02361111111111111
2 0.374609375 0.5645833333333333 0.00859375 0.02361111111111111
3 0.3125 0.5465277777777777 0.059375 0.07083333333333333
2 0.161328125 0.5729166666666666 0.06640625 0.05138888888888889
