9 0.558984375 0.53125 0.02734375 0.02638888888888889
9 0.5390625 0.5270833333333333 0.0125 0.018055555555555554
9 0.423828125 0.5118055555555555 0.01171875 0.020833333333333332
2 0.473828125 0.5444444444444444 0.01484375 0.016666666666666666
2 0.488671875 0.5486111111111112 0.02109375 0.016666666666666666
2 0.190234375 0.5506944444444445 0.02578125 0.029166666666666667
2 0.33125 0.5506944444444445 0.009375 0.0125
2 0.3390625 0.5541666666666667 0.0125 0.019444444444444445
2 0.35234375 0.5541666666666667 0.0234375 0.030555555555555555
2 0.292578125 0.5541666666666667 0.02109375 0.019444444444444445
2 0.26953125 0.5590277777777778 0.0296875 0.029166666666666667
2 0.3109375 0.5506944444444445 0.021875 0.020833333333333332
2 0.37890625 0.5590277777777778 0.0359375 0.05416666666666667
2 0.016015625 0.65625 0.03203125 0.18472222222222223
