2 0.7609375 0.4375 0.0234375 0.030555555555555555
2 0.7859375 0.44166666666666665 0.0375 0.03333333333333333
2 0.825390625 0.44513888888888886 0.03359375 0.018055555555555554
2 0.865234375 0.4527777777777778 0.02734375 0.019444444444444445
2 0.885546875 0.4722222222222222 0.02890625 0.05
2 0.91328125 0.4722222222222222 0.05 0.07777777777777778
2 0.946484375 0.47638888888888886 0.08515625 0.075
2 0.846875 0.4888888888888889 0.05625 0.07222222222222222
2 0.731640625 0.45 0.02421875 0.06111111111111111
2 0.7046875 0.4527777777777778 0.05 0.06111111111111111
2 0.660546875 0.42430555555555555 0.03203125 0.018055555555555554
2 0.63359375 0.4263888888888889 0.0234375 0.019444444444444445
2 0.5984375 0.4263888888888889 0.0421875 0.03333333333333333
2 0.545703125 0.4840277777777778 0.09609375 0.12916666666666668
2 0.70078125 0.4979166666666667 0.0453125 0.11527777777777778
2 0.628515625 0.5159722222222223 0.13671875 0.16805555555555557
2 0.8125 0.5354166666666667 0.1328125 0.16527777777777777
2 0.9453125 0.5486111111111112 0.1078125 0.2
1 0.226171875 0.44583333333333336 0.04921875 0.18888888888888888
8 0.96328125 0.027083333333333334 0.03125 0.05138888888888889
9 0.08203125 0.11319444444444444 0.034375 0.02361111111111111
9 0.121875 0.14652777777777778 0.021875 0.029166666666666667
