9 0.1578125 0.3298611111111111 0.0125 0.029166666666666667
9 0.15859375 0.35833333333333334 0.009375 0.027777777777777776
9 0.359765625 0.3506944444444444 0.01328125 0.029166666666666667
9 0.672265625 0.20347222222222222 0.05546875 0.1125
9 0.576953125 0.3333333333333333 0.01640625 0.06388888888888888
9 0.59296875 0.3902777777777778 0.0109375 0.027777777777777776
9 0.55078125 0.3638888888888889 0.015625 0.030555555555555555
9 0.52421875 0.3972222222222222 0.0109375 0.013888888888888888
9 0.525 0.4152777777777778 0.009375 0.022222222222222223
9 0.491796875 0.3576388888888889 0.01484375 0.018055555555555554
9 0.492578125 0.375 0.01640625 0.016666666666666666
9 0.49375 0.38819444444444445 0.0125 0.018055555555555554
9 0.433984375 0.3770833333333333 0.01171875 0.02361111111111111
9 0.426171875 0.38055555555555554 0.01015625 0.019444444444444445
9 0.0953125 0.26319444444444445 0.00625 0.0625
9 0.415625 0.36041666666666666 0.0171875 0.02361111111111111
2 0.4453125 0.4083333333333333 0.0109375 0.022222222222222223
2 0.468359375 0.4305555555555556 0.01953125 0.041666666666666664
2 0.458984375 0.4444444444444444 0.01484375 0.03333333333333333
2 0.504296875 0.4222222222222222 0.01796875 0.025
2 0.401171875 0.43680555555555556 0.03046875 0.04027777777777778
2 0.31484375 0.4840277777777778 0.0609375 0.07916666666666666
2 0.4375 0.45625 0.0421875 0.059722222222222225
2 0.38046875 0.48819444444444443 0.0921875 0.1125
2 0.50703125 0.45555555555555555 0.0453125 0.06944444444444445
9 0.362890625 0.3861111111111111 0.01171875 0.022222222222222223
2 0.421875 0.4173611111111111 0.0203125 0.02361111111111111
