2 0.114453125 0.7381944444444445 0.22890625 0.2625
2 0.637109375 0.7430555555555556 0.10546875 0.16944444444444445
2 0.418359375 0.7069444444444445 0.03984375 0.06388888888888888
2 0.46640625 0.7097222222222223 0.021875 0.027777777777777776
2 0.488671875 0.7138888888888889 0.02421875 0.03333333333333333
2 0.284375 0.7340277777777777 0.1296875 0.1375
2 0.3953125 0.7055555555555556 0.0171875 0.03888888888888889
2 0.438671875 0.7166666666666667 0.01015625 0.027777777777777776
2 0.44140625 0.7131944444444445 0.0078125 0.020833333333333332
2 0.4484375 0.7055555555555556 0.0125 0.022222222222222223
2 0.505078125 0.7145833333333333 0.01484375 0.02638888888888889
2 0.573828125 0.71875 0.04296875 0.05138888888888889
9 0.814453125 0.6125 0.03515625 0.05277777777777778
9 0.81328125 0.6479166666666667 0.0203125 0.02638888888888889
9 0.4796875 0.6569444444444444 0.0125 0.008333333333333333
8 0.459765625 0.6534722222222222 0.00390625 0.018055555555555554
8 0.43984375 0.6506944444444445 0.003125 0.020833333333333332
8 0.419140625 0.6479166666666667 0.00703125 0.015277777777777777
