9 0.540625 0.44166666666666665 0.015625 0.044444444444444446
9 0.50078125 0.47638888888888886 0.0125 0.022222222222222223
9 0.435546875 0.4777777777777778 0.01015625 0.019444444444444445
9 0.329296875 0.45 0.01640625 0.044444444444444446
8 0.366015625 0.48541666666666666 0.01171875 0.0125
2 0.353515625 0.49166666666666664 0.01640625 0.016666666666666666
2 0.332421875 0.5006944444444444 0.01484375 0.018055555555555554
2 0.3140625 0.5 0.01875 0.022222222222222223
2 0.287890625 0.4875 0.02109375 0.025
2 0.2828125 0.5090277777777777 0.015625 0.02361111111111111
3 0.41015625 0.48125 0.0453125 0.0763888888888889
2 0.646875 0.48333333333333334 0.0203125 0.016666666666666666
3 0.823046875 0.4395833333333333 0.14296875 0.13472222222222222
