2 0.173046875 0.5180555555555556 0.11171875 0.10277777777777777
2 0.43046875 0.5048611111111111 0.0203125 0.02638888888888889
9 0.343359375 0.30486111111111114 0.02578125 0.020833333333333332
9 0.325390625 0.35833333333333334 0.02421875 0.058333333333333334
9 0.323046875 0.4201388888888889 0.02265625 0.06527777777777778
9 0.3234375 0.48125 0.0125 0.018055555555555554
9 0.325 0.4979166666666667 0.0109375 0.018055555555555554
9 0.817578125 0.41388888888888886 0.01484375 0.06111111111111111
8 0.47265625 0.09166666666666666 0.0203125 0.08611111111111111
8 0.326171875 0.24027777777777778 0.01484375 0.07777777777777778
8 0.444140625 0.09722222222222222 0.01953125 0.08055555555555556
8 0.391015625 0.44375 0.00703125 0.020833333333333332
8 0.45234375 0.45 0.00625 0.019444444444444445
9 0.389453125 0.46805555555555556 0.00703125 0.016666666666666666
2 0.318359375 0.4875 0.02734375 0.025
