8 0.255078125 0.18194444444444444 0.00859375 0.058333333333333334
8 0.744140625 0.2708333333333333 0.00859375 0.04722222222222222
8 0.271875 0.18611111111111112 0.009375 0.058333333333333334
8 0.24453125 0.18611111111111112 0.0078125 0.058333333333333334
8 0.771484375 0.3819444444444444 0.01640625 0.025
9 0.77265625 0.3159722222222222 0.025 0.0125
9 0.15546875 0.34305555555555556 0.009375 0.025
2 0.3171875 0.4736111111111111 0.0640625 0.08055555555555556
2 0.601171875 0.47291666666666665 0.06171875 0.07916666666666666
2 0.409765625 0.47291666666666665 0.04921875 0.0625
2 0.49296875 0.4486111111111111 0.0140625 0.022222222222222223
2 0.44453125 0.4618055555555556 0.0296875 0.04583333333333333
2 0.383203125 0.4513888888888889 0.03984375 0.058333333333333334
2 0.346875 0.4465277777777778 0.015625 0.02361111111111111
2 0.52578125 0.45208333333333334 0.01875 0.029166666666666667
2 0.540625 0.46111111111111114 0.0265625 0.027777777777777776
2 0.56875 0.46041666666666664 0.034375 0.05416666666666667
2 0.84375 0.4798611111111111 0.0921875 0.0763888888888889
