2 0.05078125 0.46041666666666664 0.1015625 0.1736111111111111
2 0.12109375 0.44027777777777777 0.084375 0.14444444444444443
2 0.177734375 0.44513888888888886 0.06953125 0.10138888888888889
2 0.4015625 0.44583333333333336 0.071875 0.1111111111111111
2 0.505859375 0.4409722222222222 0.05859375 0.07916666666666666
2 0.61640625 0.44305555555555554 0.0453125 0.06388888888888888
2 0.923046875 0.5743055555555555 0.14921875 0.2513888888888889
2 0.7984375 0.5048611111111111 0.1734375 0.20972222222222223
2 0.723046875 0.45555555555555555 0.11328125 0.16944444444444445
2 0.541015625 0.43125 0.01640625 0.05694444444444444
2 0.272265625 0.4375 0.08359375 0.09722222222222222
2 0.371484375 0.4270833333333333 0.03046875 0.06527777777777778
8 0.49609375 0.30972222222222223 0.015625 0.03611111111111111
8 0.642578125 0.31180555555555556 0.02109375 0.043055555555555555
8 0.54296875 0.36180555555555555 0.00625 0.015277777777777777
8 0.565625 0.37569444444444444 0.009375 0.020833333333333332
9 0.557421875 0.35 0.01640625 0.025
2 0.569140625 0.40694444444444444 0.02265625 0.03333333333333333
2 0.66796875 0.4388888888888889 0.0296875 0.075
9 0.36015625 0.375 0.0171875 0.022222222222222223
9 0.40078125 0.36736111111111114 0.009375 0.018055555555555554
8 0.512890625 0.36736111111111114 0.01171875 0.02361111111111111
9 0.9328125 0.13055555555555556 0.065625 0.12777777777777777
9 0.945703125 0.2125 0.03984375 0.04722222222222222
