2 0.42578125 0.48194444444444445 0.01875 0.03611111111111111
2 0.405078125 0.4888888888888889 0.03671875 0.058333333333333334
2 0.378515625 0.4861111111111111 0.02734375 0.06944444444444445
2 0.33359375 0.48541666666666666 0.06875 0.10416666666666667
2 0.2265625 0.4895833333333333 0.153125 0.17916666666666667
2 0.0734375 0.5354166666666667 0.146875 0.22916666666666666
2 0.499609375 0.47847222222222224 0.01171875 0.02361111111111111
2 0.52421875 0.4909722222222222 0.034375 0.05416666666666667
2 0.53984375 0.5131944444444444 0.0171875 0.04583333333333333
2 0.559765625 0.5423611111111111 0.04921875 0.10416666666666667
2 0.636328125 0.56875 0.12421875 0.22916666666666666
2 0.796484375 0.6284722222222222 0.40234375 0.5569444444444445
2 0.13203125 0.5145833333333333 0.075 0.14583333333333334
2 0.48125 0.48055555555555557 0.0171875 0.019444444444444445
2 0.45625 0.47638888888888886 0.0234375 0.027777777777777776
