3 0.71484375 0.6534722222222222 0.2109375 0.11527777777777778
2 0.037890625 0.6340277777777777 0.04921875 0.034722222222222224
2 0.91796875 0.6958333333333333 0.0515625 0.05555555555555555
2 0.00390625 0.6222222222222222 0.0078125 0.041666666666666664
9 0.96796875 0.6645833333333333 0.0609375 0.12361111111111112
9 0.321484375 0.575 0.02265625 0.03611111111111111
9 0.315625 0.6027777777777777 0.0265625 0.019444444444444445
8 0.558984375 0.5722222222222222 0.01171875 0.044444444444444446
2 0.153515625 0.6409722222222223 0.05234375 0.043055555555555555
2 0.41015625 0.6541666666666667 0.1109375 0.20833333333333334
