8 0.378125 0.1361111111111111 0.0125 0.07222222222222222
8 0.359765625 0.1361111111111111 0.01640625 0.08611111111111111
8 0.98671875 0.12222222222222222 0.025 0.08611111111111111
8 0.4234375 0.2673611111111111 0.009375 0.04027777777777778
8 0.4140625 0.2652777777777778 0.0078125 0.03888888888888889
9 0.613671875 0.2222222222222222 0.02265625 0.027777777777777776
9 0.59296875 0.2111111111111111 0.0109375 0.025
8 0.426953125 0.39375 0.00546875 0.020833333333333332
2 0.41328125 0.42986111111111114 0.0171875 0.020833333333333332
2 0.3734375 0.42569444444444443 0.0171875 0.018055555555555554
2 0.33984375 0.44722222222222224 0.0421875 0.041666666666666664
2 0.2875 0.4423611111111111 0.05 0.05138888888888889
2 0.2140625 0.4597222222222222 0.0484375 0.05
2 0.435546875 0.42083333333333334 0.01484375 0.019444444444444445
2 0.44140625 0.42777777777777776 0.0109375 0.03333333333333333
2 0.459765625 0.42916666666666664 0.02421875 0.03611111111111111
2 0.494921875 0.4354166666666667 0.03515625 0.07916666666666666
2 0.498046875 0.44930555555555557 0.02421875 0.07916666666666666
2 0.544921875 0.4486111111111111 0.08046875 0.10555555555555556
2 0.93125 0.41944444444444445 0.1359375 0.15
2 0.03359375 0.4625 0.0671875 0.07777777777777778
2 0.39609375 0.42430555555555555 0.009375 0.020833333333333332
8 0.380859375 0.39791666666666664 0.00546875 0.018055555555555554
8 0.415234375 0.40694444444444444 0.00546875 0.019444444444444445
9 0.600390625 0.2520833333333333 0.02734375 0.020833333333333332
8 0.62109375 0.3055555555555556 0.0171875 0.03888888888888889
8 0.958203125 0.12638888888888888 0.03359375 0.08888888888888889
8 0.551953125 0.33958333333333335 0.01328125 0.03194444444444444
