2 0.06875 0.7618055555555555 0.125 0.11805555555555555
2 0.253125 0.7347222222222223 0.1609375 0.20555555555555555
2 0.323046875 0.6756944444444445 0.02109375 0.05416666666666667
2 0.353125 0.6722222222222223 0.034375 0.044444444444444446
3 0.383984375 0.6444444444444445 0.03515625 0.06666666666666667
2 0.415625 0.6611111111111111 0.0328125 0.06666666666666667
2 0.5171875 0.6361111111111111 0.0125 0.03333333333333333
2 0.53515625 0.6423611111111112 0.0328125 0.04583333333333333
2 0.476953125 0.6979166666666666 0.11328125 0.15416666666666667
2 0.576171875 0.6548611111111111 0.05390625 0.07916666666666666
8 0.861328125 0.4861111111111111 0.02109375 0.05
9 0.687890625 0.4701388888888889 0.01328125 0.018055555555555554
9 0.6328125 0.5534722222222223 0.0125 0.02361111111111111
8 0.887109375 0.48125 0.02109375 0.04583333333333333
