2 0.359375 0.4125 0.05625 0.09444444444444444
2 0.199609375 0.4201388888888889 0.10703125 0.10694444444444444
2 0.26875 0.38263888888888886 0.0328125 0.05138888888888889
2 0.28671875 0.3861111111111111 0.0140625 0.027777777777777776
2 0.31484375 0.375 0.01875 0.022222222222222223
2 0.336328125 0.375 0.01640625 0.022222222222222223
2 0.300390625 0.37222222222222223 0.01328125 0.025
9 0.504296875 0.3486111111111111 0.02421875 0.04722222222222222
9 0.38046875 0.3597222222222222 0.01875 0.027777777777777776
9 0.326953125 0.35 0.01171875 0.013888888888888888
9 0.3171875 0.3506944444444444 0.0109375 0.0125
2 0.39375 0.38125 0.015625 0.018055555555555554
