2 0.455859375 0.46458333333333335 0.01171875 0.029166666666666667
2 0.444140625 0.46458333333333335 0.01640625 0.03194444444444444
2 0.419140625 0.47291666666666665 0.03359375 0.05138888888888889
2 0.289453125 0.46944444444444444 0.06953125 0.08333333333333333
2 0.222265625 0.4888888888888889 0.03984375 0.08333333333333333
2 0.365625 0.48194444444444445 0.0734375 0.09722222222222222
2 0.1125 0.6173611111111111 0.225 0.4625
2 0.494921875 0.4652777777777778 0.01328125 0.022222222222222223
2 0.507421875 0.475 0.01640625 0.022222222222222223
2 0.52109375 0.4847222222222222 0.0203125 0.03333333333333333
2 0.54453125 0.4930555555555556 0.015625 0.044444444444444446
2 0.553515625 0.5006944444444444 0.02421875 0.059722222222222225
2 0.562890625 0.5041666666666667 0.02578125 0.06111111111111111
2 0.592578125 0.5125 0.05078125 0.08888888888888889
2 0.63125 0.5395833333333333 0.0859375 0.10694444444444444
2 0.731640625 0.5833333333333334 0.14921875 0.21388888888888888
2 0.8765625 0.6597222222222222 0.24375 0.4222222222222222
8 0.451171875 0.42916666666666664 0.01015625 0.022222222222222223
8 0.496484375 0.42986111111111114 0.00859375 0.020833333333333332
8 0.52421875 0.4479166666666667 0.0078125 0.015277777777777777
9 0.5125 0.4284722222222222 0.0203125 0.015277777777777777
2 0.469921875 0.4701388888888889 0.01171875 0.02361111111111111
