2 0.3203125 0.4701388888888889 0.0171875 0.029166666666666667
2 0.294921875 0.4791666666666667 0.04140625 0.058333333333333334
2 0.272265625 0.4777777777777778 0.01796875 0.041666666666666664
2 0.24765625 0.48194444444444445 0.0421875 0.05
2 0.151953125 0.4861111111111111 0.03984375 0.06944444444444445
9 0.13046875 0.3701388888888889 0.0078125 0.009722222222222222
4 0.066796875 0.4618055555555556 0.13359375 0.1125
2 0.073828125 0.4951388888888889 0.10078125 0.09861111111111111
2 0.01015625 0.5826388888888889 0.0203125 0.13472222222222222
2 0.433203125 0.4638888888888889 0.01171875 0.016666666666666666
2 0.4453125 0.46041666666666664 0.009375 0.0125
2 0.49609375 0.46805555555555556 0.0109375 0.011111111111111112
2 0.511328125 0.4673611111111111 0.00859375 0.009722222222222222
2 0.520703125 0.4708333333333333 0.01015625 0.013888888888888888
2 0.525 0.47430555555555554 0.0109375 0.018055555555555554
2 0.5390625 0.47708333333333336 0.0171875 0.02638888888888889
2 0.551171875 0.48541666666666666 0.02109375 0.02638888888888889
9 0.55546875 0.4513888888888889 0.0078125 0.019444444444444445
2 0.490234375 0.49166666666666664 0.03359375 0.044444444444444446
9 0.63203125 0.43472222222222223 0.015625 0.013888888888888888
2 0.6640625 0.5215277777777778 0.078125 0.09861111111111111
9 0.763671875 0.4340277777777778 0.01953125 0.015277777777777777
2 0.745703125 0.5347222222222222 0.12890625 0.14722222222222223
2 0.83359375 0.50625 0.053125 0.03194444444444444
2 0.869140625 0.5944444444444444 0.19921875 0.16944444444444445
2 0.97578125 0.6652777777777777 0.0453125 0.2
9 0.591796875 0.44513888888888886 0.01015625 0.02361111111111111
2 0.381640625 0.5097222222222222 0.12890625 0.18333333333333332
9 0.022265625 0.12708333333333333 0.04453125 0.1625
