2 0.323046875 0.3034722222222222 0.06484375 0.0875
2 0.273828125 0.3104166666666667 0.03828125 0.04861111111111111
2 0.496875 0.2604166666666667 0.015625 0.029166666666666667
2 0.5125 0.2701388888888889 0.01875 0.03194444444444444
2 0.534765625 0.2701388888888889 0.03203125 0.05416666666666667
2 0.55625 0.27847222222222223 0.0421875 0.0625
2 0.4421875 0.27569444444444446 0.0390625 0.059722222222222225
2 0.46484375 0.25416666666666665 0.0125 0.022222222222222223
2 0.41015625 0.25416666666666665 0.0109375 0.013888888888888888
2 0.58359375 0.2847222222222222 0.0578125 0.06666666666666667
8 0.462890625 0.21041666666666667 0.00390625 0.015277777777777777
9 0.541796875 0.18125 0.01328125 0.029166666666666667
9 0.544140625 0.20625 0.01015625 0.015277777777777777
9 0.04296875 0.21666666666666667 0.0171875 0.05
