8 0.483984375 0.41041666666666665 0.00859375 0.03194444444444444
8 0.646875 0.4027777777777778 0.0109375 0.030555555555555555
8 0.56328125 0.47638888888888886 0.0109375 0.022222222222222223
2 0.5046875 0.5104166666666666 0.0078125 0.018055555555555554
2 0.49765625 0.5166666666666667 0.0078125 0.016666666666666666
2 0.488671875 0.51875 0.01171875 0.020833333333333332
2 0.47734375 0.5201388888888889 0.009375 0.015277777777777777
2 0.4703125 0.5194444444444445 0.0109375 0.019444444444444445
2 0.459765625 0.5194444444444445 0.01171875 0.025
2 0.444140625 0.5208333333333334 0.02109375 0.025
2 0.43515625 0.5208333333333334 0.0125 0.03333333333333333
2 0.4203125 0.5243055555555556 0.03125 0.043055555555555555
2 0.5203125 0.51875 0.0109375 0.020833333333333332
2 0.540625 0.5152777777777777 0.0078125 0.013888888888888888
2 0.55625 0.5215277777777778 0.0109375 0.015277777777777777
2 0.579296875 0.5479166666666667 0.03515625 0.05138888888888889
2 0.6 0.5277777777777778 0.025 0.027777777777777776
2 0.326953125 0.53125 0.07734375 0.09305555555555556
2 0.258984375 0.5493055555555556 0.12109375 0.12083333333333333
2 0.099609375 0.5819444444444445 0.19921875 0.2222222222222222
8 0.720703125 0.48125 0.01640625 0.0125
8 0.815234375 0.46458333333333335 0.01328125 0.02361111111111111
9 0.3125 0.4215277777777778 0.0234375 0.018055555555555554
9 0.679296875 0.4131944444444444 0.01484375 0.02361111111111111
9 0.712890625 0.45069444444444445 0.01171875 0.0125
