1 0.48046875 0.5076388888888889 0.0375 0.15416666666666667
2 0.07421875 0.4666666666666667 0.05625 0.05555555555555555
2 0.1640625 0.48125 0.0890625 0.06527777777777778
2 0.271484375 0.48333333333333334 0.04921875 0.09166666666666666
2 0.309375 0.47708333333333336 0.0328125 0.0375
2 0.38984375 0.46805555555555556 0.0171875 0.022222222222222223
2 0.44921875 0.5041666666666667 0.0578125 0.06944444444444445
2 0.630078125 0.48680555555555555 0.03515625 0.05416666666666667
2 0.74921875 0.49027777777777776 0.0171875 0.025
2 0.93359375 0.5638888888888889 0.128125 0.18333333333333332
2 0.057421875 0.7006944444444444 0.11328125 0.35138888888888886
2 0.72265625 0.49583333333333335 0.025 0.025
2 0.966015625 0.5888888888888889 0.06484375 0.24444444444444444
1 0.76328125 0.4798611111111111 0.009375 0.02638888888888889
