2 0.101171875 0.4076388888888889 0.06328125 0.0625
2 0.08984375 0.41388888888888886 0.0484375 0.06388888888888888
2 0.029296875 0.38333333333333336 0.05859375 0.08611111111111111
2 0.445703125 0.4131944444444444 0.02109375 0.018055555555555554
2 0.384375 0.41805555555555557 0.0171875 0.013888888888888888
2 0.4125 0.41597222222222224 0.0125 0.015277777777777777
2 0.42890625 0.4152777777777778 0.0125 0.016666666666666666
2 0.473828125 0.4083333333333333 0.01015625 0.011111111111111112
2 0.484765625 0.40694444444444444 0.01796875 0.016666666666666666
2 0.5859375 0.42430555555555555 0.0140625 0.02361111111111111
2 0.600390625 0.4263888888888889 0.02578125 0.03611111111111111
2 0.603515625 0.4340277777777778 0.01953125 0.03194444444444444
2 0.538671875 0.40555555555555556 0.00546875 0.011111111111111112
2 0.675 0.4548611111111111 0.0421875 0.07361111111111111
2 0.953515625 0.5840277777777778 0.08828125 0.16527777777777777
2 0.034765625 0.4708333333333333 0.06953125 0.1361111111111111
2 0.357421875 0.42083333333333334 0.04765625 0.06111111111111111
2 0.546484375 0.4083333333333333 0.01015625 0.013888888888888888
2 0.50078125 0.4076388888888889 0.0203125 0.020833333333333332
2 0.628515625 0.4305555555555556 0.03828125 0.041666666666666664
2 0.53359375 0.40555555555555556 0.0078125 0.011111111111111112
2 0.52734375 0.4048611111111111 0.009375 0.015277777777777777
2 0.51953125 0.4048611111111111 0.0125 0.015277777777777777
2 0.716796875 0.4548611111111111 0.06953125 0.09583333333333334
8 0.27734375 0.21319444444444444 0.015625 0.059722222222222225
8 0.298046875 0.35555555555555557 0.01328125 0.019444444444444445
8 0.596484375 0.29097222222222224 0.01328125 0.03194444444444444
8 0.588671875 0.29097222222222224 0.01015625 0.0375
8 0.040234375 0.30416666666666664 0.02421875 0.03888888888888889
9 0.3203125 0.24166666666666667 0.01875 0.08888888888888889
9 0.296484375 0.2826388888888889 0.01953125 0.05416666666666667
9 0.8015625 0.33819444444444446 0.0171875 0.029166666666666667
9 0.563671875 0.37430555555555556 0.00703125 0.0125
9 0.562890625 0.3854166666666667 0.00703125 0.015277777777777777
8 0.8875 0.35694444444444445 0.015625 0.03888888888888889
