2 0.080078125 0.4722222222222222 0.07890625 0.058333333333333334
2 0.19375 0.46041666666666664 0.053125 0.04861111111111111
2 0.2484375 0.4638888888888889 0.0265625 0.030555555555555555
2 0.46640625 0.4618055555555556 0.009375 0.018055555555555554
2 0.4828125 0.45625 0.021875 0.029166666666666667
2 0.53828125 0.47291666666666665 0.0171875 0.05416666666666667
2 0.54921875 0.4666666666666667 0.0171875 0.025
2 0.437109375 0.46944444444444444 0.05546875 0.08888888888888889
2 0.507421875 0.47291666666666665 0.04921875 0.07916666666666666
2 0.595703125 0.49444444444444446 0.11015625 0.1388888888888889
2 0.754296875 0.4979166666666667 0.11171875 0.09861111111111111
2 0.965234375 0.6520833333333333 0.06640625 0.12083333333333333
2 0.141015625 0.47152777777777777 0.05078125 0.05694444444444444
