2 0.889453125 0.5430555555555555 0.21796875 0.28055555555555556
2 0.41953125 0.5388888888888889 0.328125 0.4638888888888889
2 0.7015625 0.4777777777777778 0.1390625 0.12222222222222222
2 0.0578125 0.41180555555555554 0.0890625 0.10138888888888889
2 0.11953125 0.40902777777777777 0.059375 0.0875
2 0.1640625 0.4125 0.0609375 0.075
2 0.19453125 0.4048611111111111 0.05 0.08472222222222223
2 0.2375 0.4013888888888889 0.03125 0.05555555555555555
2 0.580859375 0.43194444444444446 0.09609375 0.10555555555555556
3 0.300390625 0.3590277777777778 0.07578125 0.1375
