8 0.675 0.49236111111111114 0.0109375 0.03194444444444444
8 0.376953125 0.5548611111111111 0.01171875 0.0375
8 0.26875 0.5409722222222222 0.0109375 0.029166666666666667
8 0.808984375 0.4861111111111111 0.01171875 0.044444444444444446
9 0.83359375 0.4875 0.025 0.022222222222222223
9 0.81640625 0.44583333333333336 0.0265625 0.019444444444444445
9 0.708203125 0.49930555555555556 0.02109375 0.02361111111111111
9 0.744140625 0.4909722222222222 0.01640625 0.018055555555555554
2 0.7171875 0.6111111111111112 0.0375 0.05555555555555555
2 0.854296875 0.6666666666666666 0.06484375 0.09722222222222222
2 0.772265625 0.64375 0.11640625 0.11527777777777778
2 0.93671875 0.6555555555555556 0.1265625 0.1638888888888889
2 0.975390625 0.7055555555555556 0.04921875 0.1361111111111111
2 0.3734375 0.6416666666666667 0.01875 0.03888888888888889
2 0.269140625 0.6604166666666667 0.17578125 0.20972222222222223
2 0.547265625 0.7298611111111111 0.39609375 0.5097222222222222
2 0.1296875 0.7958333333333333 0.259375 0.4027777777777778
