9 0.68359375 0.36527777777777776 0.021875 0.03888888888888889
9 0.7875 0.3333333333333333 0.015625 0.04722222222222222
9 0.788671875 0.3798611111111111 0.01796875 0.05138888888888889
8 0.5734375 0.2881944444444444 0.0125 0.04583333333333333
8 0.553125 0.3763888888888889 0.0109375 0.016666666666666666
8 0.56171875 0.28055555555555556 0.009375 0.041666666666666664
8 0.531640625 0.37083333333333335 0.00703125 0.016666666666666666
8 0.47421875 0.37083333333333335 0.009375 0.025
8 0.41484375 0.27708333333333335 0.0125 0.034722222222222224
2 0.494921875 0.4326388888888889 0.01171875 0.02638888888888889
3 0.508984375 0.4111111111111111 0.02734375 0.04722222222222222
2 0.510546875 0.43680555555555556 0.02421875 0.034722222222222224
2 0.526171875 0.43819444444444444 0.01171875 0.02361111111111111
4 0.54375 0.4222222222222222 0.034375 0.06388888888888888
2 0.5625 0.4423611111111111 0.015625 0.02361111111111111
2 0.4859375 0.4326388888888889 0.015625 0.034722222222222224
2 0.47578125 0.4361111111111111 0.01875 0.03611111111111111
2 0.441015625 0.43472222222222223 0.01953125 0.03333333333333333
2 0.4609375 0.4423611111111111 0.0328125 0.04861111111111111
2 0.50625 0.5243055555555556 0.109375 0.1486111111111111
2 0.65859375 0.5236111111111111 0.140625 0.16944444444444445
2 0.01875 0.56875 0.0375 0.1597222222222222
4 0.244140625 0.38333333333333336 0.41015625 0.5861111111111111
2 0.844921875 0.6201388888888889 0.30703125 0.5041666666666667
9 0.926953125 0.15416666666666667 0.02578125 0.022222222222222223
9 0.92578125 0.18125 0.034375 0.029166666666666667
8 0.94921875 0.3541666666666667 0.0328125 0.05
8 0.919921875 0.3527777777777778 0.02265625 0.041666666666666664
8 0.9640625 0.2916666666666667 0.0125 0.025
