2 0.28046875 0.45416666666666666 0.025 0.022222222222222223
2 0.235546875 0.45555555555555555 0.06953125 0.05
2 0.18125 0.4513888888888889 0.065625 0.041666666666666664
2 0.484375 0.4486111111111111 0.025 0.03888888888888889
2 0.605078125 0.4479166666666667 0.02109375 0.0375
2 0.641796875 0.43333333333333335 0.02265625 0.019444444444444445
2 0.662109375 0.44166666666666665 0.02890625 0.030555555555555555
2 0.6875 0.4638888888888889 0.03125 0.08055555555555556
2 0.6390625 0.4736111111111111 0.065625 0.075
2 0.41015625 0.4756944444444444 0.1015625 0.1486111111111111
2 0.5453125 0.5020833333333333 0.1234375 0.21805555555555556
2 0.738671875 0.4777777777777778 0.09921875 0.12777777777777777
2 0.138671875 0.5916666666666667 0.27734375 0.44722222222222224
2 0.92890625 0.5555555555555556 0.140625 0.19722222222222222
8 0.453515625 0.3638888888888889 0.00703125 0.022222222222222223
8 0.584375 0.3506944444444444 0.00625 0.02638888888888889
8 0.650390625 0.4076388888888889 0.00859375 0.0125
8 0.57890625 0.35 0.0046875 0.022222222222222223
9 0.45234375 0.3888888888888889 0.0140625 0.008333333333333333
9 0.641796875 0.3541666666666667 0.01171875 0.016666666666666666
9 0.6421875 0.3875 0.0109375 0.008333333333333333
