8 0.462890625 0.31666666666666665 0.00703125 0.03333333333333333
8 0.557421875 0.31805555555555554 0.00546875 0.030555555555555555
8 0.4171875 0.33194444444444443 0.00625 0.030555555555555555
8 0.49296875 0.3138888888888889 0.0078125 0.03333333333333333
8 0.47890625 0.3194444444444444 0.0109375 0.03611111111111111
8 0.619921875 0.41805555555555557 0.01328125 0.016666666666666666
2 0.153515625 0.59375 0.30703125 0.34305555555555556
2 0.31484375 0.49027777777777776 0.0671875 0.075
2 0.3078125 0.4444444444444444 0.0921875 0.05555555555555555
2 0.47109375 0.45694444444444443 0.0234375 0.03888888888888889
2 0.480078125 0.45902777777777776 0.00703125 0.020833333333333332
2 0.50234375 0.4652777777777778 0.015625 0.03333333333333333
2 0.58359375 0.4736111111111111 0.0734375 0.08888888888888889
2 0.546875 0.5215277777777778 0.1203125 0.1625
2 0.441015625 0.47430555555555554 0.04609375 0.05416666666666667
9 0.77265625 0.25 0.040625 0.09444444444444444
3 0.4671875 0.4486111111111111 0.03125 0.05277777777777778
