2 0.029296875 0.35138888888888886 0.05546875 0.1
2 0.2 0.3736111111111111 0.0453125 0.1
2 0.11171875 0.3597222222222222 0.13125 0.1638888888888889
2 0.296875 0.3784722222222222 0.1015625 0.11527777777777778
2 0.855078125 0.4395833333333333 0.13203125 0.09027777777777778
2 0.776171875 0.42083333333333334 0.03046875 0.05277777777777778
2 0.74296875 0.4201388888888889 0.0359375 0.0625
2 0.701953125 0.4173611111111111 0.06015625 0.04861111111111111
2 0.601171875 0.40625 0.12890625 0.10416666666666667
2 0.493359375 0.5090277777777777 0.57421875 0.3680555555555556
2 0.48828125 0.40694444444444444 0.0921875 0.075
2 0.396484375 0.40208333333333335 0.08359375 0.06805555555555555
2 0.242578125 0.3416666666666667 0.03828125 0.041666666666666664
