9 0.28359375 0.3138888888888889 0.090625 0.058333333333333334
9 0.215234375 0.3145833333333333 0.01640625 0.05138888888888889
9 0.160546875 0.2833333333333333 0.02890625 0.016666666666666666
9 0.175390625 0.32083333333333336 0.05859375 0.07222222222222222
9 0.53828125 0.3993055555555556 0.0203125 0.02361111111111111
2 0.2359375 0.4388888888888889 0.021875 0.013888888888888888
2 0.184375 0.4444444444444444 0.025 0.011111111111111112
2 0.41875 0.44513888888888886 0.021875 0.034722222222222224
2 0.533984375 0.46319444444444446 0.05859375 0.0763888888888889
2 0.716796875 0.5118055555555555 0.18984375 0.2152777777777778
2 0.387109375 0.44722222222222224 0.03984375 0.06111111111111111
2 0.303515625 0.45902777777777776 0.08203125 0.09861111111111111
