2 0.443359375 0.5416666666666666 0.01015625 0.016666666666666666
2 0.433984375 0.5486111111111112 0.01484375 0.027777777777777776
2 0.423046875 0.5493055555555556 0.01796875 0.02361111111111111
2 0.415625 0.5555555555555556 0.021875 0.030555555555555555
2 0.408984375 0.5618055555555556 0.02109375 0.03194444444444444
2 0.385546875 0.5715277777777777 0.03515625 0.043055555555555555
2 0.30703125 0.5951388888888889 0.0484375 0.07916666666666666
2 0.24375 0.6083333333333333 0.115625 0.11944444444444445
2 0.169921875 0.5701388888888889 0.06953125 0.09027777777777778
2 0.482421875 0.5395833333333333 0.01015625 0.015277777777777777
2 0.490234375 0.54375 0.01171875 0.018055555555555554
2 0.50625 0.5465277777777777 0.0203125 0.03194444444444444
2 0.516796875 0.5611111111111111 0.01796875 0.030555555555555555
2 0.53359375 0.5673611111111111 0.034375 0.04861111111111111
2 0.5984375 0.5833333333333334 0.0765625 0.1111111111111111
8 0.641015625 0.5229166666666667 0.01171875 0.020833333333333332
8 0.55234375 0.4215277777777778 0.0109375 0.020833333333333332
2 0.662109375 0.6118055555555556 0.09609375 0.1125
2 0.75859375 0.6201388888888889 0.1890625 0.19583333333333333
8 0.357421875 0.4027777777777778 0.00859375 0.013888888888888888
8 0.28515625 0.5138888888888888 0.009375 0.016666666666666666
2 0.030859375 0.6986111111111111 0.06171875 0.225
2 0.8953125 0.6833333333333333 0.203125 0.38333333333333336
9 0.68671875 0.47152777777777777 0.01875 0.0125
