9 0.35703125 0.49236111111111114 0.0125 0.034722222222222224
9 0.430859375 0.5041666666666667 0.00859375 0.030555555555555555
9 0.53515625 0.49166666666666664 0.0078125 0.019444444444444445
9 0.55234375 0.49166666666666664 0.0078125 0.019444444444444445
2 0.435546875 0.5430555555555555 0.00859375 0.027777777777777776
2 0.423046875 0.5354166666666667 0.01640625 0.02361111111111111
2 0.408984375 0.5395833333333333 0.01953125 0.02638888888888889
2 0.39765625 0.5430555555555555 0.015625 0.027777777777777776
2 0.3828125 0.5451388888888888 0.025 0.0375
2 0.33046875 0.5597222222222222 0.05 0.06111111111111111
2 0.275390625 0.5736111111111111 0.07109375 0.075
2 0.17578125 0.5909722222222222 0.1359375 0.10972222222222222
2 0.060546875 0.6326388888888889 0.12109375 0.1875
2 0.5046875 0.53125 0.0109375 0.03194444444444444
2 0.527734375 0.5305555555555556 0.00703125 0.030555555555555555
2 0.536328125 0.5305555555555556 0.00859375 0.030555555555555555
2 0.548046875 0.5326388888888889 0.01328125 0.04027777777777778
2 0.57109375 0.5361111111111111 0.0328125 0.041666666666666664
2 0.473046875 0.5756944444444444 0.07578125 0.1125
