2 0.716796875 0.44166666666666665 0.20859375 0.33611111111111114
2 0.920703125 0.39444444444444443 0.15390625 0.225
2 0.095703125 0.4340277777777778 0.04765625 0.029166666666666667
2 0.014453125 0.46111111111111114 0.02890625 0.027777777777777776
3 0.022265625 0.4423611111111111 0.03984375 0.03194444444444444
2 0.1328125 0.4354166666666667 0.0203125 0.018055555555555554
2 0.16484375 0.42291666666666666 0.0296875 0.020833333333333332
2 0.369140625 0.39305555555555555 0.06484375 0.03888888888888889
2 0.421875 0.36527777777777776 0.04375 0.025
2 0.497265625 0.35 0.02109375 0.016666666666666666
2 0.516015625 0.3458333333333333 0.01484375 0.013888888888888888
2 0.553125 0.3375 0.0328125 0.025
2 0.57890625 0.35138888888888886 0.0546875 0.027777777777777776
4 0.628515625 0.32013888888888886 0.05078125 0.04861111111111111
2 0.60078125 0.33402777777777776 0.0265625 0.018055555555555554
2 0.805078125 0.32916666666666666 0.07109375 0.1
2 0.871484375 0.33611111111111114 0.07265625 0.125
2 0.9703125 0.2638888888888889 0.05625 0.05
2 0.881640625 0.26666666666666666 0.03203125 0.013888888888888888
2 0.91484375 0.2604166666666667 0.025 0.015277777777777777
2 0.951171875 0.25069444444444444 0.04296875 0.03194444444444444
