2 0.396875 0.3263888888888889 0.040625 0.06666666666666667
2 0.41484375 0.3111111111111111 0.021875 0.05555555555555555
2 0.4359375 0.30069444444444443 0.0265625 0.029166666666666667
2 0.43828125 0.28125 0.025 0.04027777777777778
2 0.3703125 0.35694444444444445 0.0625 0.08333333333333333
2 0.482421875 0.40069444444444446 0.08984375 0.12638888888888888
2 0.50078125 0.30277777777777776 0.0328125 0.058333333333333334
2 0.5328125 0.2708333333333333 0.0296875 0.05277777777777778
3 0.633203125 0.3229166666666667 0.11484375 0.23472222222222222
8 0.473828125 0.21180555555555555 0.00703125 0.015277777777777777
8 0.523828125 0.20208333333333334 0.00390625 0.018055555555555554
8 0.123046875 0.2791666666666667 0.03046875 0.041666666666666664
9 0.1390625 0.12083333333333333 0.0453125 0.027777777777777776
9 0.12734375 0.19791666666666666 0.03125 0.029166666666666667
9 0.168359375 0.21458333333333332 0.02890625 0.034722222222222224
9 0.141015625 0.2361111111111111 0.02578125 0.030555555555555555
8 0.465625 0.20902777777777778 0.0078125 0.018055555555555554
9 0.56796875 0.2388888888888889 0.0140625 0.013888888888888888
9 0.789453125 0.16527777777777777 0.02109375 0.03333333333333333
