2 0.407421875 0.48680555555555555 0.02109375 0.018055555555555554
2 0.4125 0.5208333333333334 0.0203125 0.05277777777777778
2 0.39140625 0.5055555555555555 0.0375 0.05277777777777778
2 0.1828125 0.5111111111111111 0.05625 0.05555555555555555
2 0.08203125 0.5333333333333333 0.1640625 0.3
4 0.673828125 0.4215277777777778 0.53203125 0.8430555555555556
2 0.95625 0.5194444444444445 0.08125 0.13333333333333333
8 0.97265625 0.3972222222222222 0.0328125 0.041666666666666664
8 0.30703125 0.3333333333333333 0.009375 0.04722222222222222
8 0.288671875 0.3375 0.00859375 0.03888888888888889
8 0.29765625 0.3326388888888889 0.0125 0.04027777777777778
8 0.237109375 0.44305555555555554 0.01328125 0.022222222222222223
9 0.267578125 0.3548611111111111 0.01484375 0.029166666666666667
9 0.0828125 0.33958333333333335 0.0109375 0.043055555555555555
8 0.08125 0.3909722222222222 0.0140625 0.02638888888888889
9 0.23984375 0.3923611111111111 0.015625 0.015277777777777777
9 0.9546875 0.3159722222222222 0.0171875 0.02361111111111111
9 0.963671875 0.29791666666666666 0.02890625 0.02361111111111111
