8 0.54296875 0.3451388888888889 0.015625 0.0375
8 0.635546875 0.34791666666666665 0.01328125 0.0375
8 0.278515625 0.4756944444444444 0.01484375 0.02361111111111111
2 0.840625 0.5680555555555555 0.1578125 0.15
2 0.655078125 0.5479166666666667 0.04921875 0.05416666666666667
2 0.615234375 0.5423611111111111 0.02109375 0.02361111111111111
2 0.496875 0.5319444444444444 0.025 0.019444444444444445
8 0.423046875 0.32916666666666666 0.01328125 0.05555555555555555
8 0.53046875 0.3416666666666667 0.0078125 0.04722222222222222
8 0.565234375 0.34930555555555554 0.01171875 0.04861111111111111
8 0.62265625 0.34791666666666665 0.0109375 0.04583333333333333
8 0.646484375 0.35208333333333336 0.01015625 0.043055555555555555
