2 0.7109375 0.5354166666666667 0.05 0.10694444444444444
2 0.518359375 0.5138888888888888 0.03828125 0.05555555555555555
2 0.446875 0.5284722222222222 0.06875 0.05138888888888889
2 0.312109375 0.5256944444444445 0.02109375 0.029166666666666667
2 0.303515625 0.5229166666666667 0.01171875 0.03194444444444444
4 0.3109375 0.5020833333333333 0.025 0.015277777777777777
2 0.053125 0.5590277777777778 0.10625 0.1625
2 0.3640625 0.5423611111111111 0.096875 0.14583333333333334
2 0.6046875 0.55625 0.2 0.24861111111111112
2 0.869921875 0.6090277777777777 0.25390625 0.5125
9 0.422265625 0.49166666666666664 0.01328125 0.013888888888888888
9 0.41953125 0.42916666666666664 0.0140625 0.025
9 0.42109375 0.46041666666666664 0.0078125 0.020833333333333332
9 0.4203125 0.4756944444444444 0.009375 0.0125
9 0.4796875 0.42569444444444443 0.0109375 0.015277777777777777
9 0.90546875 0.16180555555555556 0.05 0.07083333333333333
9 0.896484375 0.06944444444444445 0.04609375 0.12777777777777777
9 0.862890625 0.19652777777777777 0.03515625 0.08194444444444444
9 0.85859375 0.08680555555555555 0.03125 0.17083333333333334
9 0.8953125 0.004166666666666667 0.04375 0.008333333333333333
8 0.3609375 0.4201388888888889 0.0046875 0.02638888888888889
8 0.3125 0.41875 0.00625 0.02361111111111111
8 0.366796875 0.42291666666666666 0.00703125 0.018055555555555554
8 0.305859375 0.4201388888888889 0.00703125 0.02361111111111111
8 0.265234375 0.4486111111111111 0.00703125 0.025
8 0.315625 0.41875 0.0046875 0.02361111111111111
2 0.28359375 0.5291666666666667 0.0390625 0.06388888888888888
