2 0.8953125 0.5451388888888888 0.2078125 0.5708333333333333
2 0.789453125 0.45416666666666666 0.10546875 0.11388888888888889
2 0.823828125 0.4166666666666667 0.06640625 0.05277777777777778
9 0.843359375 0.3111111111111111 0.04453125 0.058333333333333334
3 0.602734375 0.38819444444444445 0.03046875 0.0875
2 0.695703125 0.4395833333333333 0.06796875 0.06805555555555555
2 0.504296875 0.425 0.04296875 0.08055555555555556
2 0.53671875 0.4076388888888889 0.0140625 0.015277777777777777
2 0.55078125 0.4048611111111111 0.0125 0.0125
2 0.56875 0.4097222222222222 0.0171875 0.019444444444444445
3 0.571875 0.38472222222222224 0.01875 0.025
2 0.626171875 0.39444444444444443 0.01640625 0.022222222222222223
2 0.638671875 0.3951388888888889 0.01171875 0.020833333333333332
2 0.651953125 0.40208333333333335 0.01484375 0.018055555555555554
9 0.60234375 0.33611111111111114 0.025 0.011111111111111112
9 0.631640625 0.3472222222222222 0.02734375 0.03888888888888889
9 0.64453125 0.3625 0.0171875 0.016666666666666666
9 0.658203125 0.34652777777777777 0.02109375 0.020833333333333332
9 0.71640625 0.3548611111111111 0.009375 0.02638888888888889
2 0.674609375 0.38055555555555554 0.01171875 0.019444444444444445
2 0.3140625 0.41944444444444445 0.0359375 0.022222222222222223
2 0.34765625 0.4131944444444444 0.0265625 0.018055555555555554
