8 0.473828125 0.29791666666666666 0.00859375 0.034722222222222224
8 0.571484375 0.29305555555555557 0.00859375 0.030555555555555555
2 0.45234375 0.4097222222222222 0.0328125 0.07222222222222222
2 0.42265625 0.4173611111111111 0.0390625 0.09027777777777778
2 0.39921875 0.43194444444444446 0.0390625 0.09444444444444444
2 0.338671875 0.4361111111111111 0.12109375 0.15833333333333333
2 0.197265625 0.4861111111111111 0.25703125 0.25
2 0.0734375 0.5694444444444444 0.1453125 0.37777777777777777
2 0.567578125 0.4111111111111111 0.02265625 0.06388888888888888
2 0.583984375 0.4152777777777778 0.03046875 0.075
2 0.608203125 0.4131944444444444 0.03515625 0.12083333333333333
2 0.66484375 0.42083333333333334 0.096875 0.16111111111111112
2 0.73046875 0.4618055555555556 0.1328125 0.19027777777777777
2 0.870703125 0.5041666666666667 0.25703125 0.4111111111111111
