8 0.2875 0.26944444444444443 0.015625 0.04722222222222222
8 0.84765625 0.17847222222222223 0.028125 0.06527777777777778
9 0.291015625 0.21944444444444444 0.01796875 0.03611111111111111
9 0.295703125 0.39652777777777776 0.02109375 0.06527777777777778
8 0.29453125 0.34097222222222223 0.015625 0.029166666666666667
8 0.161328125 0.38055555555555554 0.00859375 0.016666666666666666
8 0.10625 0.40208333333333335 0.0109375 0.015277777777777777
2 0.03125 0.44027777777777777 0.0625 0.041666666666666664
2 0.258984375 0.4270833333333333 0.03828125 0.04027777777777778
2 0.316015625 0.41875 0.01796875 0.02638888888888889
2 0.34296875 0.4166666666666667 0.01875 0.025
2 0.4015625 0.4097222222222222 0.0265625 0.025
2 0.46328125 0.4125 0.034375 0.04722222222222222
9 0.546875 0.3541666666666667 0.009375 0.013888888888888888
3 0.697265625 0.3972222222222222 0.04921875 0.075
2 0.75625 0.4152777777777778 0.05 0.05277777777777778
2 0.08125 0.43333333333333335 0.0234375 0.027777777777777776
2 0.502734375 0.4111111111111111 0.01484375 0.019444444444444445
2 0.53125 0.4097222222222222 0.01875 0.022222222222222223
