2 0.720703125 0.5326388888888889 0.08203125 0.17083333333333334
2 0.50859375 0.4930555555555556 0.0421875 0.06111111111111111
2 0.480859375 0.4625 0.05703125 0.06111111111111111
2 0.4828125 0.5291666666666667 0.0640625 0.09166666666666666
2 0.4015625 0.51875 0.1203125 0.19305555555555556
2 0.608203125 0.5479166666666667 0.18671875 0.26805555555555555
2 0.120703125 0.6534722222222222 0.24140625 0.29583333333333334
2 0.855859375 0.5923611111111111 0.28046875 0.32083333333333336
3 0.136328125 0.44513888888888886 0.27265625 0.25972222222222224
8 0.35703125 0.40902777777777777 0.0140625 0.020833333333333332
8 0.483984375 0.41458333333333336 0.01015625 0.020833333333333332
8 0.403125 0.4 0.0140625 0.027777777777777776
8 0.495703125 0.41458333333333336 0.01015625 0.020833333333333332
9 0.80625 0.3020833333333333 0.0296875 0.034722222222222224
9 0.603125 0.40555555555555556 0.0203125 0.027777777777777776
