9 0.758203125 0.31805555555555554 0.02890625 0.044444444444444446
9 0.73828125 0.4326388888888889 0.078125 0.16527777777777777
9 0.609375 0.5034722222222222 0.0203125 0.0375
9 0.54140625 0.5256944444444445 0.015625 0.020833333333333332
9 0.54375 0.5444444444444444 0.015625 0.011111111111111112
9 0.237890625 0.5694444444444444 0.02421875 0.03333333333333333
8 0.2546875 0.58125 0.0078125 0.02361111111111111
8 0.245703125 0.6 0.00703125 0.022222222222222223
2 0.306640625 0.6694444444444444 0.11953125 0.1527777777777778
2 0.59921875 0.6888888888888889 0.1875 0.2222222222222222
2 0.4953125 0.6472222222222223 0.0375 0.058333333333333334
2 0.444921875 0.6395833333333333 0.02109375 0.04027777777777778
2 0.471484375 0.6402777777777777 0.01953125 0.027777777777777776
3 0.38359375 0.5791666666666667 0.1 0.20277777777777778
2 0.086328125 0.6395833333333333 0.04453125 0.029166666666666667
9 0.110546875 0.5909722222222222 0.00859375 0.02638888888888889
8 0.57109375 0.5111111111111111 0.0109375 0.027777777777777776
8 0.561328125 0.5611111111111111 0.00859375 0.027777777777777776
