8 0.522265625 0.0375 0.04296875 0.075
9 0.585546875 0.02638888888888889 0.08671875 0.05277777777777778
8 0.277734375 0.34305555555555556 0.01484375 0.05277777777777778
9 0.2796875 0.3055555555555556 0.0125 0.022222222222222223
8 0.030078125 0.3923611111111111 0.02109375 0.05694444444444444
8 0.587109375 0.2111111111111111 0.02578125 0.08888888888888889
8 0.635546875 0.4013888888888889 0.00859375 0.025
9 0.52734375 0.43333333333333335 0.0078125 0.019444444444444445
9 0.7640625 0.36944444444444446 0.0359375 0.06666666666666667
8 0.637109375 0.2465277777777778 0.01640625 0.04861111111111111
2 0.41328125 0.46319444444444446 0.0390625 0.018055555555555554
2 0.4609375 0.48819444444444443 0.015625 0.02638888888888889
2 0.5796875 0.5326388888888889 0.121875 0.17916666666666667
2 0.420703125 0.5368055555555555 0.09609375 0.14305555555555555
2 0.805078125 0.7041666666666667 0.38046875 0.3638888888888889
