2 0.047265625 0.48680555555555555 0.09453125 0.13472222222222222
2 0.869921875 0.6222222222222222 0.25703125 0.36666666666666664
2 0.486328125 0.50625 0.12109375 0.18194444444444444
2 0.698828125 0.5347222222222222 0.13671875 0.17777777777777778
2 0.609375 0.5090277777777777 0.084375 0.1125
2 0.548828125 0.48055555555555557 0.03203125 0.06111111111111111
2 0.427734375 0.4756944444444444 0.02578125 0.05138888888888889
2 0.11875 0.5020833333333333 0.053125 0.06805555555555555
2 0.185546875 0.49375 0.11953125 0.09583333333333334
2 0.266015625 0.48819444444444443 0.05078125 0.08472222222222223
2 0.294921875 0.48680555555555555 0.01796875 0.05138888888888889
2 0.312890625 0.49236111111111114 0.03046875 0.04027777777777778
2 0.333984375 0.475 0.02109375 0.025
2 0.35390625 0.4847222222222222 0.021875 0.025
2 0.378125 0.4777777777777778 0.021875 0.019444444444444445
2 0.394140625 0.46597222222222223 0.02265625 0.02361111111111111
2 0.407421875 0.46319444444444446 0.01171875 0.02638888888888889
