8 0.3875 0.2013888888888889 0.015625 0.044444444444444446
8 0.569921875 0.23055555555555557 0.01171875 0.03611111111111111
8 0.389453125 0.3298611111111111 0.01015625 0.018055555555555554
8 0.496484375 0.33055555555555555 0.00859375 0.013888888888888888
8 0.554296875 0.3236111111111111 0.00703125 0.008333333333333333
8 0.514453125 0.34652777777777777 0.00859375 0.0125
8 0.55625 0.34652777777777777 0.00625 0.0125
8 0.554296875 0.35625 0.00703125 0.006944444444444444
8 0.5234375 0.35694444444444445 0.00625 0.008333333333333333
8 0.7296875 0.2972222222222222 0.0125 0.030555555555555555
8 0.22109375 0.31180555555555556 0.015625 0.03194444444444444
8 0.399609375 0.20069444444444445 0.01171875 0.04583333333333333
9 0.354296875 0.28958333333333336 0.01640625 0.0125
9 0.361328125 0.3 0.01640625 0.011111111111111112
9 0.733984375 0.21875 0.02109375 0.015277777777777777
9 0.725390625 0.2638888888888889 0.01640625 0.027777777777777776
9 0.65390625 0.2701388888888889 0.0203125 0.018055555555555554
9 0.653125 0.29444444444444445 0.015625 0.019444444444444445
8 0.66484375 0.3298611111111111 0.021875 0.02361111111111111
8 0.57890625 0.22847222222222222 0.009375 0.03194444444444444
2 0.5375 0.3611111111111111 0.0140625 0.008333333333333333
2 0.537890625 0.36875 0.01171875 0.0125
2 0.530078125 0.37569444444444444 0.01328125 0.02361111111111111
2 0.5171875 0.37916666666666665 0.009375 0.011111111111111112
2 0.508203125 0.38055555555555554 0.01015625 0.013888888888888888
2 0.5 0.37916666666666665 0.009375 0.019444444444444445
2 0.487109375 0.3840277777777778 0.01640625 0.015277777777777777
2 0.45546875 0.3840277777777778 0.0265625 0.04027777777777778
2 0.432421875 0.3909722222222222 0.02578125 0.04583333333333333
2 0.405859375 0.40069444444444446 0.04296875 0.05138888888888889
2 0.23125 0.45069444444444445 0.090625 0.12083333333333333
2 0.130078125 0.46111111111111114 0.13359375 0.15555555555555556
2 0.03671875 0.48541666666666666 0.0734375 0.19027777777777777
2 0.55859375 0.37569444444444444 0.0125 0.018055555555555554
2 0.54765625 0.37569444444444444 0.0125 0.02361111111111111
2 0.569140625 0.38125 0.01328125 0.029166666666666667
2 0.575 0.38333333333333336 0.0078125 0.03333333333333333
2 0.581640625 0.38680555555555557 0.01328125 0.04027777777777778
2 0.603515625 0.3902777777777778 0.03984375 0.05
2 0.6796875 0.41944444444444445 0.096875 0.12777777777777777
2 0.749609375 0.4465277777777778 0.14296875 0.15138888888888888
2 0.826953125 0.38680555555555557 0.06171875 0.04583333333333333
2 0.883984375 0.4965277777777778 0.22890625 0.26805555555555555
