8 0.467578125 0.3958333333333333 0.01015625 0.019444444444444445
8 0.5265625 0.4013888888888889 0.0109375 0.016666666666666666
8 0.862890625 0.03194444444444444 0.03046875 0.06388888888888888
8 0.098046875 0.23333333333333334 0.03046875 0.05277777777777778
9 0.140625 0.01597222222222222 0.0671875 0.029166666666666667
9 0.151171875 0.06319444444444444 0.03203125 0.05416666666666667
9 0.13046875 0.1625 0.03125 0.1388888888888889
2 0.54140625 0.4965277777777778 0.109375 0.12361111111111112
2 0.375 0.46597222222222223 0.0484375 0.07916666666666666
2 0.66953125 0.49027777777777776 0.059375 0.07222222222222222
2 0.412109375 0.4618055555555556 0.02578125 0.0625
2 0.47421875 0.47152777777777777 0.025 0.043055555555555555
2 0.623828125 0.48819444444444443 0.03046875 0.05138888888888889
2 0.43203125 0.4576388888888889 0.0125 0.029166666666666667
2 0.455859375 0.4625 0.01171875 0.025
