9 0.695703125 0.18125 0.03359375 0.04583333333333333
9 0.289453125 0.3548611111111111 0.01953125 0.04583333333333333
2 0.31015625 0.34652777777777777 0.009375 0.034722222222222224
2 0.32265625 0.3375 0.0203125 0.025
2 0.354296875 0.3375 0.02109375 0.025
2 0.366015625 0.3451388888888889 0.01015625 0.029166666666666667
2 0.377734375 0.3472222222222222 0.01953125 0.03611111111111111
2 0.3875 0.35555555555555557 0.025 0.03611111111111111
2 0.39453125 0.3597222222222222 0.015625 0.041666666666666664
2 0.416796875 0.3625 0.03515625 0.075
2 0.423046875 0.3715277777777778 0.01953125 0.06527777777777778
2 0.4671875 0.36180555555555555 0.0828125 0.14027777777777778
2 0.522265625 0.3972222222222222 0.12109375 0.1361111111111111
2 0.711328125 0.4395833333333333 0.31015625 0.3263888888888889
2 0.878125 0.5166666666666667 0.240625 0.46944444444444444
