2 0.1953125 0.6055555555555555 0.1921875 0.20833333333333334
9 0.5671875 0.47708333333333336 0.03125 0.05138888888888889
9 0.482421875 0.4861111111111111 0.01328125 0.030555555555555555
9 0.67734375 0.5743055555555555 0.0234375 0.04583333333333333
8 0.846484375 0.14652777777777778 0.04765625 0.0763888888888889
8 0.411328125 0.3541666666666667 0.02421875 0.05
8 0.328515625 0.3472222222222222 0.01796875 0.041666666666666664
2 0.41796875 0.5416666666666666 0.03125 0.030555555555555555
9 0.062109375 0.07083333333333333 0.12421875 0.1388888888888889
8 0.38828125 0.5458333333333333 0.009375 0.022222222222222223
2 0.31328125 0.5423611111111111 0.0359375 0.034722222222222224
