2 0.1171875 0.37222222222222223 0.071875 0.08333333333333333
2 0.16796875 0.3638888888888889 0.034375 0.075
2 0.194921875 0.3625 0.03046875 0.06666666666666667
2 0.223828125 0.3611111111111111 0.02890625 0.06944444444444445
2 0.249609375 0.35833333333333334 0.02265625 0.07222222222222222
2 0.609375 0.3861111111111111 0.0953125 0.11944444444444445
2 0.85390625 0.5576388888888889 0.290625 0.4930555555555556
2 0.541796875 0.38055555555555554 0.06328125 0.06666666666666667
2 0.505078125 0.37083333333333335 0.03828125 0.04722222222222222
2 0.483984375 0.36736111111111114 0.02265625 0.02638888888888889
8 0.315625 0.25972222222222224 0.0125 0.027777777777777776
8 0.034765625 0.23125 0.03515625 0.05694444444444444
8 0.459375 0.27361111111111114 0.015625 0.03611111111111111
8 0.422265625 0.3125 0.01171875 0.016666666666666666
2 0.346484375 0.3548611111111111 0.03359375 0.034722222222222224
2 0.37109375 0.35625 0.0171875 0.02361111111111111
2 0.3890625 0.35833333333333334 0.015625 0.016666666666666666
2 0.404296875 0.35833333333333334 0.01484375 0.016666666666666666
9 0.614453125 0.2916666666666667 0.02265625 0.05555555555555555
