8 0.330859375 0.3819444444444444 0.01015625 0.041666666666666664
8 0.398046875 0.35833333333333334 0.01015625 0.041666666666666664
8 0.62734375 0.3 0.0109375 0.03888888888888889
9 0.698046875 0.2951388888888889 0.07578125 0.0375
9 0.76328125 0.31319444444444444 0.0453125 0.06527777777777778
9 0.81796875 0.31180555555555556 0.028125 0.020833333333333332
8 0.359765625 0.47638888888888886 0.00859375 0.016666666666666666
2 0.453515625 0.4888888888888889 0.01171875 0.016666666666666666
2 0.658203125 0.4756944444444444 0.01796875 0.02638888888888889
2 0.184765625 0.4986111111111111 0.01484375 0.022222222222222223
2 0.165625 0.5 0.0234375 0.027777777777777776
2 0.141796875 0.5041666666666667 0.01640625 0.025
2 0.122265625 0.5069444444444444 0.01953125 0.025
2 0.20390625 0.4986111111111111 0.01875 0.025
2 0.086328125 0.5083333333333333 0.03984375 0.03333333333333333
2 0.02265625 0.5166666666666667 0.04375 0.03333333333333333
2 0.379296875 0.4888888888888889 0.01484375 0.019444444444444445
2 0.438671875 0.4875 0.01796875 0.025
2 0.769921875 0.47152777777777777 0.05234375 0.043055555555555555
2 0.571484375 0.4861111111111111 0.03828125 0.041666666666666664
4 0.49609375 0.4576388888888889 0.084375 0.12361111111111112
2 0.267578125 0.4965277777777778 0.01484375 0.020833333333333332
9 0.408203125 0.4652777777777778 0.01328125 0.011111111111111112
2 0.636328125 0.47708333333333336 0.02109375 0.020833333333333332
