9 0.281640625 0.1951388888888889 0.03515625 0.0375
9 0.35078125 0.18680555555555556 0.0203125 0.015277777777777777
9 0.338671875 0.20347222222222222 0.04453125 0.0375
2 0.254296875 0.25833333333333336 0.02109375 0.030555555555555555
2 0.373828125 0.2861111111111111 0.08359375 0.13055555555555556
2 0.16796875 0.2847222222222222 0.125 0.1361111111111111
2 0.06328125 0.2611111111111111 0.0625 0.07777777777777778
2 0.28828125 0.27152777777777776 0.0359375 0.04583333333333333
2 0.311328125 0.2708333333333333 0.01484375 0.022222222222222223
2 0.269140625 0.2638888888888889 0.01328125 0.025
2 0.2265625 0.24166666666666667 0.015625 0.022222222222222223
