2 0.216015625 0.6590277777777778 0.13984375 0.11805555555555555
2 0.745703125 0.6402777777777777 0.08515625 0.125
2 0.31171875 0.6493055555555556 0.071875 0.08472222222222223
2 0.3671875 0.6347222222222222 0.0640625 0.08333333333333333
2 0.41484375 0.6388888888888888 0.0359375 0.058333333333333334
2 0.461328125 0.6375 0.05234375 0.05277777777777778
3 0.50703125 0.6222222222222222 0.05 0.058333333333333334
2 0.545703125 0.6263888888888889 0.02578125 0.03611111111111111
2 0.57265625 0.6201388888888889 0.0390625 0.043055555555555555
2 0.60390625 0.6215277777777778 0.021875 0.02638888888888889
2 0.626171875 0.61875 0.02578125 0.0375
2 0.64609375 0.6166666666666667 0.0265625 0.03888888888888889
2 0.669140625 0.61875 0.01953125 0.03194444444444444
2 0.691015625 0.6347222222222222 0.02890625 0.08333333333333333
9 0.847265625 0.3888888888888889 0.02421875 0.04722222222222222
9 0.850390625 0.4201388888888889 0.03359375 0.02361111111111111
