9 0.284765625 0.10416666666666667 0.08046875 0.05277777777777778
2 0.442578125 0.5659722222222222 0.01171875 0.018055555555555554
2 0.4328125 0.5722222222222222 0.0109375 0.013888888888888888
2 0.45625 0.5763888888888888 0.0171875 0.019444444444444445
2 0.471875 0.5826388888888889 0.0203125 0.03194444444444444
2 0.4796875 0.59375 0.0296875 0.043055555555555555
2 0.434765625 0.5791666666666667 0.02890625 0.011111111111111112
2 0.424609375 0.6402777777777777 0.08046875 0.11944444444444445
2 0.510546875 0.5993055555555555 0.04921875 0.07361111111111111
2 0.558203125 0.6069444444444444 0.04921875 0.10555555555555556
4 0.662109375 0.6083333333333333 0.18828125 0.2916666666666667
2 0.871484375 0.6722222222222223 0.20859375 0.18055555555555555
2 0.081640625 0.575 0.07578125 0.06111111111111111
