2 0.091015625 0.5277777777777778 0.11640625 0.06666666666666667
2 0.695703125 0.5645833333333333 0.08359375 0.10138888888888889
2 0.58125 0.5597222222222222 0.06875 0.1111111111111111
2 0.50625 0.5263888888888889 0.0234375 0.041666666666666664
2 0.381640625 0.5215277777777778 0.03359375 0.029166666666666667
2 0.409375 0.5180555555555556 0.0203125 0.027777777777777776
2 0.427734375 0.5138888888888888 0.01796875 0.030555555555555555
2 0.49296875 0.5131944444444444 0.0109375 0.015277777777777777
2 0.483203125 0.5173611111111112 0.01171875 0.015277777777777777
2 0.469140625 0.5145833333333333 0.01484375 0.015277777777777777
2 0.45546875 0.5159722222222223 0.0171875 0.018055555555555554
2 0.53046875 0.5131944444444444 0.0078125 0.009722222222222222
2 0.52265625 0.5166666666666667 0.009375 0.013888888888888888
2 0.618359375 0.5430555555555555 0.02109375 0.04722222222222222
2 0.9203125 0.4791666666666667 0.015625 0.019444444444444445
9 0.559765625 0.4125 0.12734375 0.08055555555555556
9 0.61015625 0.3729166666666667 0.0265625 0.0125
9 0.501953125 0.4965277777777778 0.00546875 0.018055555555555554
9 0.52890625 0.5027777777777778 0.00625 0.011111111111111112
9 0.377734375 0.4895833333333333 0.00859375 0.020833333333333332
9 0.59140625 0.4951388888888889 0.0171875 0.018055555555555554
9 0.57421875 0.49444444444444446 0.0109375 0.008333333333333333
