8 0.723828125 0.2708333333333333 0.02109375 0.1111111111111111
8 0.733203125 0.38125 0.01796875 0.06805555555555555
8 0.758203125 0.38263888888888886 0.02734375 0.05694444444444444
8 0.01015625 0.4583333333333333 0.00625 0.016666666666666666
8 0.003125 0.45208333333333334 0.0046875 0.015277777777777777
2 0.083203125 0.7173611111111111 0.16640625 0.39861111111111114
3 0.3859375 0.6347222222222222 0.3984375 0.6361111111111111
2 0.14765625 0.4979166666666667 0.053125 0.034722222222222224
2 0.11015625 0.49583333333333335 0.021875 0.025
2 0.08203125 0.49444444444444446 0.01875 0.022222222222222223
2 0.025390625 0.4895833333333333 0.03046875 0.02361111111111111
