8 0.556640625 0.20069444444444445 0.01171875 0.04583333333333333
8 0.9296875 0.03333333333333333 0.0171875 0.06666666666666667
8 0.544140625 0.1986111111111111 0.01171875 0.041666666666666664
8 0.91015625 0.035416666666666666 0.021875 0.07083333333333333
2 0.6796875 0.38263888888888886 0.015625 0.018055555555555554
2 0.705859375 0.37777777777777777 0.01171875 0.022222222222222223
2 0.716015625 0.38472222222222224 0.01484375 0.030555555555555555
2 0.72734375 0.3861111111111111 0.0140625 0.041666666666666664
2 0.7453125 0.3819444444444444 0.021875 0.06111111111111111
2 0.769921875 0.3909722222222222 0.04921875 0.059722222222222225
2 0.3921875 0.49444444444444446 0.2171875 0.3388888888888889
9 0.580078125 0.3104166666666667 0.01328125 0.02638888888888889
9 0.574609375 0.2875 0.01640625 0.013888888888888888
