2 0.192578125 0.42569444444444443 0.27734375 0.3263888888888889
2 0.33984375 0.32916666666666666 0.0234375 0.027777777777777776
2 0.38046875 0.3368055555555556 0.0421875 0.05416666666666667
2 0.440234375 0.29930555555555555 0.01484375 0.018055555555555554
2 0.4796875 0.27361111111111114 0.0125 0.019444444444444445
2 0.502734375 0.2743055555555556 0.01015625 0.0125
2 0.496484375 0.3333333333333333 0.03203125 0.04722222222222222
2 0.521484375 0.3076388888888889 0.01484375 0.020833333333333332
2 0.53046875 0.27569444444444446 0.0109375 0.015277777777777777
2 0.402734375 0.30972222222222223 0.02265625 0.022222222222222223
2 0.50625 0.29930555555555555 0.015625 0.02361111111111111
2 0.52578125 0.2701388888888889 0.0078125 0.0125
2 0.51796875 0.2701388888888889 0.0078125 0.0125
2 0.532421875 0.2638888888888889 0.00703125 0.013888888888888888
2 0.5453125 0.27291666666666664 0.0078125 0.015277777777777777
2 0.553515625 0.2701388888888889 0.00859375 0.015277777777777777
2 0.5609375 0.26666666666666666 0.0078125 0.013888888888888888
2 0.56953125 0.2625 0.0046875 0.013888888888888888
2 0.545703125 0.25972222222222224 0.00859375 0.013888888888888888
9 0.576953125 0.2881944444444444 0.01640625 0.02638888888888889
9 0.566015625 0.22291666666666668 0.01953125 0.02361111111111111
9 0.54453125 0.22291666666666668 0.015625 0.020833333333333332
