2 0.10625 0.35138888888888886 0.01875 0.019444444444444445
2 0.08671875 0.36180555555555555 0.0375 0.04027777777777778
2 0.046484375 0.3597222222222222 0.05234375 0.044444444444444446
2 0.137890625 0.35555555555555557 0.05546875 0.05555555555555555
2 0.208984375 0.35625 0.03203125 0.04027777777777778
2 0.232421875 0.3527777777777778 0.03359375 0.03888888888888889
2 0.276953125 0.3611111111111111 0.02109375 0.022222222222222223
2 0.3046875 0.36666666666666664 0.0109375 0.016666666666666666
2 0.291015625 0.3611111111111111 0.02421875 0.030555555555555555
2 0.254296875 0.3625 0.03359375 0.041666666666666664
2 0.336328125 0.3638888888888889 0.01484375 0.016666666666666666
2 0.316015625 0.36944444444444446 0.01171875 0.022222222222222223
2 0.36875 0.36319444444444443 0.009375 0.02638888888888889
3 0.403125 0.35833333333333334 0.0234375 0.041666666666666664
2 0.382421875 0.3659722222222222 0.02578125 0.0375
9 0.201953125 0.21666666666666667 0.01796875 0.030555555555555555
9 0.202734375 0.25 0.02109375 0.030555555555555555
8 0.19765625 0.27708333333333335 0.009375 0.02638888888888889
8 0.213671875 0.27708333333333335 0.00859375 0.034722222222222224
8 0.396484375 0.3298611111111111 0.00703125 0.018055555555555554
8 0.41875 0.3333333333333333 0.00625 0.016666666666666666
2 0.42109375 0.37569444444444444 0.0125 0.009722222222222222
2 0.435546875 0.375 0.01171875 0.016666666666666666
2 0.44921875 0.3659722222222222 0.0171875 0.0375
2 0.461328125 0.3590277777777778 0.02578125 0.05138888888888889
2 0.46796875 0.3715277777777778 0.0140625 0.043055555555555555
2 0.488671875 0.36944444444444446 0.03828125 0.06111111111111111
2 0.70859375 0.32013888888888886 0.0375 0.059722222222222225
2 0.65703125 0.2777777777777778 0.04375 0.05277777777777778
2 0.780078125 0.32222222222222224 0.03515625 0.04722222222222222
2 0.7484375 0.3638888888888889 0.0859375 0.08611111111111111
8 0.55234375 0.29305555555555557 0.0109375 0.027777777777777776
8 0.77578125 0.24791666666666667 0.0265625 0.05138888888888889
8 0.75703125 0.24930555555555556 0.0140625 0.043055555555555555
9 0.71953125 0.1875 0.0203125 0.030555555555555555
9 0.7515625 0.2048611111111111 0.021875 0.034722222222222224
9 0.757421875 0.14652777777777778 0.01484375 0.034722222222222224
2 0.034765625 0.3388888888888889 0.02734375 0.027777777777777776
