8 0.26796875 0.23958333333333334 0.009375 0.034722222222222224
8 0.411328125 0.32222222222222224 0.00703125 0.022222222222222223
8 0.446875 0.32222222222222224 0.0078125 0.019444444444444445
8 0.45703125 0.39791666666666664 0.0046875 0.015277777777777777
8 0.415234375 0.36736111111111114 0.00546875 0.018055555555555554
8 0.679296875 0.34305555555555556 0.01328125 0.058333333333333334
8 0.0078125 0.34444444444444444 0.009375 0.030555555555555555
8 0.0078125 0.25416666666666665 0.0078125 0.030555555555555555
8 0.040234375 0.2833333333333333 0.01015625 0.03333333333333333
8 0.066015625 0.29583333333333334 0.01015625 0.030555555555555555
9 0.171875 0.24722222222222223 0.0296875 0.019444444444444445
9 0.22421875 0.2569444444444444 0.0109375 0.025
9 0.2453125 0.31319444444444444 0.0265625 0.05694444444444444
9 0.22734375 0.3854166666666667 0.009375 0.018055555555555554
9 0.369140625 0.3902777777777778 0.00859375 0.019444444444444445
9 0.465234375 0.3486111111111111 0.02734375 0.013888888888888888
9 0.471875 0.39375 0.0125 0.0125
9 0.469140625 0.40625 0.00703125 0.0125
9 0.469140625 0.4152777777777778 0.00703125 0.008333333333333333
9 0.92734375 0.2111111111111111 0.0875 0.08888888888888889
2 0.61953125 0.4479166666666667 0.0828125 0.05416666666666667
2 0.661328125 0.45416666666666666 0.06796875 0.04722222222222222
2 0.76171875 0.46319444444444446 0.06875 0.0375
2 0.4015625 0.42430555555555555 0.0140625 0.015277777777777777
8 0.774609375 0.3090277777777778 0.01328125 0.04027777777777778
8 0.74375 0.32430555555555557 0.009375 0.0375
8 0.3265625 0.3680555555555556 0.003125 0.013888888888888888
2 0.95859375 0.4486111111111111 0.06875 0.13333333333333333
