9 0.374609375 0.4722222222222222 0.02265625 0.016666666666666666
9 0.79453125 0.42083333333333334 0.0265625 0.027777777777777776
9 0.795703125 0.5006944444444444 0.02421875 0.015277777777777777
8 0.37578125 0.42986111111111114 0.0078125 0.0375
8 0.690625 0.39305555555555555 0.009375 0.044444444444444446
8 0.70546875 0.39305555555555555 0.015625 0.044444444444444446
8 0.807421875 0.5465277777777777 0.01171875 0.020833333333333332
2 0.54453125 0.6055555555555555 0.06875 0.12777777777777777
2 0.67265625 0.6368055555555555 0.053125 0.04861111111111111
3 0.609375 0.6013888888888889 0.071875 0.11666666666666667
2 0.47421875 0.6409722222222223 0.0140625 0.029166666666666667
2 0.453515625 0.6430555555555556 0.00859375 0.019444444444444445
2 0.50703125 0.6423611111111112 0.009375 0.02361111111111111
2 0.5 0.6430555555555556 0.0078125 0.022222222222222223
2 0.44921875 0.625 0.0078125 0.011111111111111112
2 0.460546875 0.6256944444444444 0.01015625 0.018055555555555554
2 0.438671875 0.6256944444444444 0.00859375 0.015277777777777777
