9 0.6359375 0.4111111111111111 0.05625 0.07777777777777778
9 0.584375 0.47430555555555554 0.0484375 0.04027777777777778
9 0.628125 0.47430555555555554 0.0140625 0.034722222222222224
9 0.367578125 0.48541666666666666 0.02109375 0.02638888888888889
8 0.541015625 0.4847222222222222 0.00859375 0.04722222222222222
8 0.644140625 0.49375 0.01328125 0.03194444444444444
2 0.26796875 0.6048611111111111 0.0484375 0.09583333333333334
2 0.186328125 0.6201388888888889 0.13828125 0.11805555555555555
2 0.05 0.6673611111111111 0.1 0.2013888888888889
2 0.108984375 0.6145833333333334 0.05546875 0.12916666666666668
2 0.49609375 0.5701388888888889 0.025 0.034722222222222224
2 0.5140625 0.5791666666666667 0.03125 0.03888888888888889
2 0.554296875 0.5875 0.03515625 0.08888888888888889
2 0.6171875 0.6118055555555556 0.14375 0.1986111111111111
2 0.709765625 0.5479166666666667 0.03359375 0.0375
2 0.77421875 0.5548611111111111 0.0671875 0.043055555555555555
2 0.87421875 0.5326388888888889 0.1015625 0.05416666666666667
