9 0.64765625 0.4166666666666667 0.015625 0.013888888888888888
8 0.634375 0.4215277777777778 0.0125 0.018055555555555554
2 0.25390625 0.5048611111111111 0.0390625 0.05138888888888889
2 0.312109375 0.5006944444444444 0.02421875 0.059722222222222225
2 0.341015625 0.5041666666666667 0.06484375 0.08611111111111111
2 0.3640625 0.5159722222222223 0.084375 0.09861111111111111
2 0.384765625 0.5243055555555556 0.07421875 0.12638888888888888
2 0.892578125 0.5930555555555556 0.21015625 0.30277777777777776
2 0.7125 0.5819444444444445 0.409375 0.30277777777777776
2 0.52890625 0.5555555555555556 0.1953125 0.24444444444444444
2 0.434765625 0.5298611111111111 0.06640625 0.14305555555555555
2 0.923046875 0.36736111111111114 0.10546875 0.06805555555555555
