9 0.058203125 0.2986111111111111 0.03203125 0.016666666666666666
9 0.38515625 0.21875 0.015625 0.05138888888888889
9 0.50703125 0.2465277777777778 0.0375 0.0375
9 0.50703125 0.28680555555555554 0.0375 0.0375
9 0.57421875 0.2965277777777778 0.0265625 0.029166666666666667
9 0.5609375 0.32083333333333336 0.0234375 0.013888888888888888
8 0.346484375 0.2222222222222222 0.01171875 0.041666666666666664
8 0.361328125 0.21944444444444444 0.00859375 0.041666666666666664
2 0.075 0.5958333333333333 0.15 0.4388888888888889
2 0.088671875 0.4444444444444444 0.13671875 0.225
2 0.55390625 0.4166666666666667 0.09375 0.05555555555555555
2 0.42578125 0.4076388888888889 0.0546875 0.0625
2 0.3171875 0.42291666666666666 0.0421875 0.06805555555555555
2 0.34765625 0.40625 0.0234375 0.03194444444444444
