8 0.25390625 0.21458333333333332 0.021875 0.08472222222222223
8 0.526953125 0.32708333333333334 0.01328125 0.059722222222222225
8 0.516796875 0.33402777777777776 0.01015625 0.05138888888888889
9 0.208203125 0.32430555555555557 0.01953125 0.03194444444444444
9 0.6375 0.42777777777777776 0.0265625 0.019444444444444445
9 0.94921875 0.3326388888888889 0.0546875 0.034722222222222224
9 0.9375 0.36944444444444446 0.03125 0.03888888888888889
9 0.16328125 0.4326388888888889 0.0328125 0.02361111111111111
9 0.856640625 0.4479166666666667 0.02109375 0.02361111111111111
8 0.182421875 0.46597222222222223 0.03046875 0.04027777777777778
8 0.642578125 0.48194444444444445 0.01796875 0.03333333333333333
2 0.49609375 0.6611111111111111 0.2078125 0.2916666666666667
2 0.312890625 0.5708333333333333 0.05390625 0.06944444444444445
2 0.876171875 0.5729166666666666 0.16796875 0.10416666666666667
2 0.9875 0.5881944444444445 0.021875 0.09027777777777778
2 0.3453125 0.5763888888888888 0.015625 0.041666666666666664
2 0.3578125 0.5645833333333333 0.034375 0.05138888888888889
2 0.375390625 0.5576388888888889 0.02265625 0.034722222222222224
2 0.38984375 0.5548611111111111 0.01875 0.0375
2 0.4046875 0.5479166666666667 0.0171875 0.03194444444444444
2 0.419921875 0.5430555555555555 0.01171875 0.022222222222222223
