9 0.4875 0.4861111111111111 0.0140625 0.011111111111111112
9 0.725 0.4666666666666667 0.0171875 0.013888888888888888
9 0.69921875 0.47152777777777777 0.0125 0.0125
9 0.843359375 0.43680555555555556 0.01328125 0.018055555555555554
8 0.487890625 0.4625 0.00390625 0.022222222222222223
8 0.633984375 0.4354166666666667 0.00859375 0.02638888888888889
8 0.108984375 0.5305555555555556 0.01171875 0.019444444444444445
2 0.5453125 0.5458333333333333 0.0125 0.04722222222222222
3 0.61171875 0.5340277777777778 0.03125 0.059722222222222225
2 0.587109375 0.5423611111111111 0.02265625 0.04861111111111111
2 0.458203125 0.5493055555555556 0.06953125 0.06805555555555555
2 0.85 0.5375 0.0359375 0.075
2 0.81015625 0.5486111111111112 0.0640625 0.08611111111111111
2 0.9 0.5673611111111111 0.121875 0.10694444444444444
2 0.20234375 0.55625 0.071875 0.05694444444444444
2 0.174609375 0.5652777777777778 0.09453125 0.06666666666666667
2 0.10625 0.5833333333333334 0.05 0.03888888888888889
2 0.0765625 0.5840277777777778 0.021875 0.04027777777777778
2 0.033984375 0.5965277777777778 0.03203125 0.04027777777777778
2 0.012890625 0.5944444444444444 0.02578125 0.04722222222222222
2 0.51171875 0.5493055555555556 0.0421875 0.07083333333333333
2 0.56796875 0.5541666666666667 0.040625 0.06944444444444445
2 0.63125 0.5472222222222223 0.05 0.07222222222222222
2 0.73359375 0.5604166666666667 0.11875 0.14583333333333334
2 0.95078125 0.6034722222222222 0.0953125 0.2263888888888889
