8 0.239453125 0.40069444444444446 0.02109375 0.043055555555555555
8 0.063671875 0.35694444444444445 0.02734375 0.044444444444444446
8 0.355078125 0.40902777777777777 0.01484375 0.04027777777777778
8 0.459765625 0.4222222222222222 0.01015625 0.030555555555555555
2 0.55 0.5090277777777777 0.04375 0.05416666666666667
2 0.494921875 0.4965277777777778 0.04140625 0.05138888888888889
2 0.46796875 0.4895833333333333 0.01875 0.0375
2 0.353125 0.49444444444444446 0.0375 0.04722222222222222
2 0.291796875 0.5020833333333333 0.08515625 0.09583333333333334
2 0.416015625 0.49166666666666664 0.09609375 0.15
2 0.921484375 0.6027777777777777 0.15546875 0.20833333333333334
9 0.3203125 0.4097222222222222 0.015625 0.025
