2 0.58046875 0.5201388888888889 0.034375 0.0375
2 0.611328125 0.5090277777777777 0.03046875 0.04027777777777778
2 0.626953125 0.525 0.04765625 0.06388888888888888
2 0.658984375 0.5333333333333333 0.04296875 0.058333333333333334
2 0.689453125 0.5354166666666667 0.06328125 0.07361111111111111
2 0.740234375 0.5506944444444445 0.07890625 0.09305555555555556
2 0.882421875 0.525 0.04296875 0.06388888888888888
2 0.81171875 0.5513888888888889 0.1390625 0.13055555555555556
2 0.3796875 0.5152777777777777 0.0578125 0.06388888888888888
2 0.501953125 0.5215277777777778 0.03203125 0.04861111111111111
2 0.926953125 0.5736111111111111 0.14453125 0.2111111111111111
8 0.420703125 0.4263888888888889 0.00703125 0.027777777777777776
8 0.590234375 0.3972222222222222 0.00859375 0.03611111111111111
8 0.530078125 0.4756944444444444 0.00703125 0.02638888888888889
9 0.709765625 0.42569444444444443 0.01484375 0.059722222222222225
9 0.327734375 0.2826388888888889 0.03828125 0.0375
9 0.3265625 0.19791666666666666 0.0390625 0.1125
8 0.672265625 0.4354166666666667 0.00703125 0.04027777777777778
2 0.484375 0.5208333333333334 0.0109375 0.025
2 0.5609375 0.5173611111111112 0.009375 0.03194444444444444
8 0.520703125 0.48055555555555557 0.00703125 0.030555555555555555
8 0.584375 0.39791666666666664 0.0046875 0.0375
9 0.6265625 0.42083333333333334 0.015625 0.016666666666666666
