2 0.310546875 0.5055555555555555 0.09921875 0.07222222222222222
2 0.211328125 0.5159722222222223 0.06015625 0.05416666666666667
2 0.115625 0.5194444444444445 0.1296875 0.1
2 0.0625 0.5125 0.0515625 0.03611111111111111
2 0.017578125 0.5222222222222223 0.03515625 0.05
2 0.7375 0.47708333333333336 0.0359375 0.02638888888888889
2 0.8171875 0.45902777777777776 0.0078125 0.020833333333333332
2 0.8015625 0.4618055555555556 0.009375 0.0125
2 0.79921875 0.4708333333333333 0.0109375 0.019444444444444445
2 0.86640625 0.46319444444444446 0.0375 0.06805555555555555
2 0.85703125 0.4756944444444444 0.0421875 0.06805555555555555
2 0.78984375 0.5027777777777778 0.0390625 0.03611111111111111
9 0.855859375 0.3923611111111111 0.02890625 0.08472222222222223
9 0.93359375 0.3798611111111111 0.0203125 0.05138888888888889
3 0.968359375 0.4527777777777778 0.06171875 0.09166666666666666
2 0.381640625 0.4895833333333333 0.02890625 0.043055555555555555
9 0.88125 0.4444444444444444 0.0203125 0.041666666666666664
