2 0.246875 0.6076388888888888 0.0328125 0.020833333333333332
2 0.28046875 0.6048611111111111 0.0234375 0.015277777777777777
2 0.325390625 0.6027777777777777 0.01484375 0.013888888888888888
2 0.337890625 0.5965277777777778 0.01484375 0.0125
2 0.571484375 0.5604166666666667 0.00859375 0.020833333333333332
2 0.58515625 0.56875 0.0125 0.0125
2 0.558984375 0.5666666666666667 0.01328125 0.016666666666666666
2 0.4953125 0.5590277777777778 0.0125 0.0125
2 0.5625 0.5875 0.015625 0.019444444444444445
2 0.531640625 0.5854166666666667 0.01328125 0.020833333333333332
2 0.519140625 0.5923611111111111 0.02109375 0.04027777777777778
2 0.58671875 0.5819444444444445 0.0140625 0.022222222222222223
2 0.54453125 0.6034722222222222 0.03125 0.03194444444444444
2 0.77265625 0.5902777777777778 0.0578125 0.06388888888888888
9 0.69765625 0.5527777777777778 0.028125 0.019444444444444445
2 0.980859375 0.6111111111111112 0.03671875 0.09166666666666666
2 0.68515625 0.6395833333333333 0.1265625 0.15416666666666667
2 0.41640625 0.6694444444444444 0.1875 0.23333333333333334
2 0.12734375 0.6965277777777777 0.2546875 0.1986111111111111
9 0.58828125 0.5284722222222222 0.028125 0.0125
