9 0.590234375 0.3458333333333333 0.02578125 0.013888888888888888
9 0.63671875 0.37777777777777777 0.021875 0.013888888888888888
8 0.58359375 0.3638888888888889 0.00625 0.013888888888888888
4 0.19453125 0.43125 0.1828125 0.22361111111111112
2 0.44609375 0.4548611111111111 0.0640625 0.0875
2 0.562109375 0.40625 0.01796875 0.02361111111111111
2 0.305078125 0.43680555555555556 0.03828125 0.05138888888888889
2 0.560546875 0.3875 0.01015625 0.011111111111111112
2 0.5765625 0.39305555555555555 0.0078125 0.008333333333333333
2 0.5828125 0.3888888888888889 0.0078125 0.013888888888888888
2 0.319921875 0.38819444444444445 0.03984375 0.03194444444444444
2 0.386328125 0.40069444444444446 0.03203125 0.020833333333333332
2 0.358203125 0.3840277777777778 0.01796875 0.0125
2 0.35703125 0.39305555555555555 0.015625 0.016666666666666666
2 0.4171875 0.3875 0.0265625 0.019444444444444445
2 0.433203125 0.3888888888888889 0.01171875 0.008333333333333333
2 0.462890625 0.3909722222222222 0.02421875 0.0125
2 0.7953125 0.4270833333333333 0.04375 0.04583333333333333
2 0.876953125 0.4354166666666667 0.07421875 0.04861111111111111
2 0.9390625 0.4111111111111111 0.034375 0.027777777777777776
4 0.7890625 0.4041666666666667 0.1375 0.06111111111111111
4 0.71015625 0.3958333333333333 0.025 0.03611111111111111
4 0.955078125 0.37430555555555556 0.07421875 0.05416666666666667
2 0.8125 0.41180555555555554 0.05625 0.0375
2 0.779296875 0.4263888888888889 0.02734375 0.030555555555555555
