8 0.4828125 0.45555555555555555 0.009375 0.025
8 0.53203125 0.45 0.0078125 0.025
8 0.588671875 0.4736111111111111 0.00546875 0.019444444444444445
8 0.558203125 0.47291666666666665 0.00546875 0.018055555555555554
8 0.66015625 0.5006944444444444 0.009375 0.015277777777777777
8 0.646875 0.50625 0.0078125 0.015277777777777777
2 0.551171875 0.5395833333333333 0.01328125 0.015277777777777777
2 0.596484375 0.5375 0.01015625 0.025
2 0.5765625 0.5541666666666667 0.05 0.075
2 0.5390625 0.5354166666666667 0.0234375 0.034722222222222224
2 0.525390625 0.5347222222222222 0.01640625 0.030555555555555555
2 0.508984375 0.5354166666666667 0.01328125 0.02361111111111111
2 0.5 0.5409722222222222 0.0203125 0.03194444444444444
2 0.473046875 0.5395833333333333 0.02265625 0.029166666666666667
2 0.45546875 0.5361111111111111 0.015625 0.022222222222222223
2 0.43984375 0.5368055555555555 0.0140625 0.015277777777777777
2 0.1734375 0.54375 0.096875 0.05694444444444444
2 0.07109375 0.5180555555555556 0.0578125 0.08611111111111111
2 0.0390625 0.5506944444444445 0.0484375 0.04583333333333333
2 0.63984375 0.5402777777777777 0.0140625 0.019444444444444445
2 0.666796875 0.55 0.01171875 0.016666666666666666
2 0.680078125 0.5486111111111112 0.02109375 0.019444444444444445
2 0.7609375 0.5444444444444444 0.021875 0.030555555555555555
2 0.85546875 0.5694444444444444 0.03125 0.05277777777777778
2 0.33203125 0.5770833333333333 0.1140625 0.14305555555555555
9 0.52265625 0.44583333333333336 0.0109375 0.016666666666666666
