2 0.422265625 0.4083333333333333 0.01328125 0.022222222222222223
2 0.412890625 0.4173611111111111 0.01640625 0.029166666666666667
2 0.40234375 0.42986111111111114 0.0265625 0.04583333333333333
2 0.37890625 0.44375 0.034375 0.07361111111111111
2 0.3703125 0.44930555555555557 0.01875 0.08472222222222223
2 0.35390625 0.45416666666666666 0.0359375 0.1
2 0.32578125 0.4583333333333333 0.078125 0.1111111111111111
2 0.301953125 0.47847222222222224 0.07109375 0.12361111111111112
2 0.225 0.5069444444444444 0.159375 0.18055555555555555
2 0.462109375 0.41041666666666665 0.01640625 0.02361111111111111
2 0.467578125 0.4173611111111111 0.01640625 0.029166666666666667
2 0.47421875 0.425 0.01875 0.03888888888888889
2 0.49140625 0.4361111111111111 0.034375 0.05555555555555555
2 0.51328125 0.45208333333333334 0.034375 0.07361111111111111
2 0.549609375 0.4548611111111111 0.06953125 0.10694444444444444
2 0.610546875 0.4701388888888889 0.10390625 0.14305555555555555
2 0.737109375 0.5159722222222223 0.21953125 0.22083333333333333
2 0.44140625 0.41458333333333336 0.01875 0.02638888888888889
2 0.079296875 0.5368055555555555 0.15859375 0.4513888888888889
2 0.899609375 0.5930555555555556 0.19765625 0.4666666666666667
9 0.159765625 0.25069444444444444 0.02734375 0.0375
9 0.33203125 0.35 0.0125 0.011111111111111112
9 0.71484375 0.2652777777777778 0.0234375 0.030555555555555555
8 0.425 0.39166666666666666 0.00625 0.019444444444444445
8 0.41875 0.39444444444444443 0.0078125 0.019444444444444445
