2 0.5 0.4708333333333333 0.015625 0.019444444444444445
2 0.487109375 0.4722222222222222 0.01796875 0.030555555555555555
2 0.47890625 0.47847222222222224 0.0140625 0.029166666666666667
2 0.4671875 0.4798611111111111 0.021875 0.03194444444444444
2 0.45078125 0.4861111111111111 0.0296875 0.03611111111111111
2 0.441015625 0.4666666666666667 0.02109375 0.013888888888888888
2 0.430078125 0.4930555555555556 0.02421875 0.05555555555555555
2 0.405859375 0.5 0.05390625 0.07222222222222222
2 0.370703125 0.4930555555555556 0.03828125 0.05555555555555555
2 0.3328125 0.5048611111111111 0.05625 0.07361111111111111
2 0.2984375 0.4986111111111111 0.01875 0.022222222222222223
8 0.259765625 0.41875 0.01328125 0.05138888888888889
8 0.272265625 0.4305555555555556 0.01171875 0.027777777777777776
9 0.258203125 0.38055555555555554 0.01328125 0.016666666666666666
1 0.20234375 0.5173611111111112 0.028125 0.09583333333333334
2 0.2046875 0.5263888888888889 0.0890625 0.06944444444444445
2 0.14296875 0.5368055555555555 0.0578125 0.05416666666666667
1 0.106640625 0.5333333333333333 0.02109375 0.05555555555555555
8 0.3359375 0.2743055555555556 0.015625 0.05138888888888889
9 0.332421875 0.23402777777777778 0.01328125 0.020833333333333332
8 0.49765625 0.3902777777777778 0.0078125 0.019444444444444445
9 0.59609375 0.34791666666666665 0.015625 0.02361111111111111
2 0.715625 0.43819444444444444 0.03125 0.02638888888888889
2 0.59765625 0.4583333333333333 0.0265625 0.022222222222222223
8 0.5953125 0.37083333333333335 0.01875 0.019444444444444445
8 0.6328125 0.2625 0.025 0.07777777777777778
9 0.823046875 0.21180555555555555 0.08828125 0.15138888888888888
9 0.81484375 0.10555555555555556 0.0828125 0.11666666666666667
9 0.808203125 0.021527777777777778 0.06953125 0.043055555555555555
2 0.85625 0.4173611111111111 0.03125 0.02361111111111111
8 0.4375 0.45069444444444445 0.009375 0.02638888888888889
