2 0.42265625 0.4340277777777778 0.0296875 0.04027777777777778
2 0.398828125 0.45902777777777776 0.05546875 0.07361111111111111
2 0.351953125 0.5027777777777778 0.09140625 0.125
3 0.45625 0.4027777777777778 0.0265625 0.04722222222222222
3 0.428515625 0.41041666666666665 0.02890625 0.043055555555555555
3 0.13125 0.4354166666666667 0.209375 0.31805555555555554
3 0.046875 0.5138888888888888 0.090625 0.35833333333333334
2 0.219921875 0.5618055555555556 0.23359375 0.30972222222222223
9 0.691015625 0.09097222222222222 0.04921875 0.0763888888888889
8 0.323046875 0.34652777777777777 0.01015625 0.02638888888888889
8 0.316796875 0.38680555555555557 0.01015625 0.02638888888888889
8 0.32734375 0.3888888888888889 0.0109375 0.022222222222222223
8 0.398046875 0.3527777777777778 0.00859375 0.027777777777777776
8 0.36015625 0.4048611111111111 0.009375 0.018055555555555554
8 0.45390625 0.325 0.0078125 0.019444444444444445
9 0.488671875 0.3715277777777778 0.01015625 0.020833333333333332
