9 0.201953125 0.5361111111111111 0.02109375 0.03333333333333333
9 0.444140625 0.55 0.03203125 0.030555555555555555
9 0.76484375 0.51875 0.0265625 0.043055555555555555
2 0.0578125 0.6 0.115625 0.06944444444444445
2 0.313671875 0.5881944444444445 0.04453125 0.03194444444444444
2 0.4546875 0.6055555555555555 0.0125 0.022222222222222223
2 0.651953125 0.6048611111111111 0.03828125 0.05416666666666667
2 0.86015625 0.5784722222222223 0.0609375 0.05138888888888889
2 0.93515625 0.5763888888888888 0.053125 0.05555555555555555
2 0.376953125 0.5826388888888889 0.01171875 0.009722222222222222
2 0.366015625 0.5951388888888889 0.00859375 0.009722222222222222
2 0.383984375 0.5895833333333333 0.01015625 0.009722222222222222
2 0.3828125 0.5958333333333333 0.0078125 0.011111111111111112
2 0.4109375 0.5826388888888889 0.015625 0.020833333333333332
2 0.40859375 0.5993055555555555 0.0171875 0.02361111111111111
2 0.418359375 0.6041666666666666 0.00859375 0.027777777777777776
2 0.47421875 0.6090277777777777 0.0234375 0.02638888888888889
2 0.4359375 0.6083333333333333 0.0328125 0.041666666666666664
2 0.5859375 0.6180555555555556 0.109375 0.1361111111111111
