2 0.11875 0.6881944444444444 0.2359375 0.5708333333333333
2 0.93671875 0.6069444444444444 0.125 0.25277777777777777
2 0.488671875 0.55 0.25859375 0.3416666666666667
2 0.67890625 0.5368055555555555 0.1296875 0.17916666666666667
2 0.342578125 0.5027777777777778 0.06171875 0.10277777777777777
2 0.298828125 0.49930555555555556 0.05546875 0.09027777777777778
2 0.288671875 0.4625 0.04140625 0.041666666666666664
2 0.26484375 0.48194444444444445 0.0171875 0.041666666666666664
2 0.1609375 0.48819444444444443 0.04375 0.06527777777777778
2 0.175390625 0.4840277777777778 0.03359375 0.05138888888888889
3 0.145703125 0.44930555555555557 0.07265625 0.06805555555555555
3 0.20859375 0.46875 0.034375 0.07361111111111111
2 0.236328125 0.4861111111111111 0.02578125 0.06388888888888888
2 0.2484375 0.4826388888888889 0.0171875 0.05138888888888889
8 0.324609375 0.3680555555555556 0.00703125 0.03611111111111111
8 0.233984375 0.3736111111111111 0.00859375 0.041666666666666664
8 0.148046875 0.39652777777777776 0.00859375 0.034722222222222224
8 0.076953125 0.39652777777777776 0.00859375 0.034722222222222224
