9 0.30234375 0.35625 0.0265625 0.018055555555555554
9 0.303125 0.3798611111111111 0.0203125 0.03194444444444444
9 0.734375 0.31805555555555554 0.0125 0.022222222222222223
9 0.738671875 0.33611111111111114 0.03046875 0.019444444444444445
9 0.6046875 0.41597222222222224 0.0140625 0.02361111111111111
9 0.603125 0.43333333333333335 0.0125 0.011111111111111112
8 0.3 0.30694444444444446 0.0125 0.041666666666666664
8 0.487109375 0.4083333333333333 0.00546875 0.016666666666666666
8 0.640234375 0.24444444444444444 0.01640625 0.06111111111111111
8 0.623046875 0.24861111111111112 0.01640625 0.058333333333333334
8 0.75234375 0.4041666666666667 0.0234375 0.030555555555555555
2 0.24921875 0.4840277777777778 0.0171875 0.03194444444444444
2 0.23359375 0.48333333333333334 0.021875 0.03333333333333333
2 0.208203125 0.4895833333333333 0.03515625 0.034722222222222224
2 0.102734375 0.49722222222222223 0.05859375 0.06666666666666667
2 0.04921875 0.5145833333333333 0.059375 0.05694444444444444
2 0.009765625 0.5041666666666667 0.01953125 0.08888888888888889
2 0.298828125 0.4756944444444444 0.03203125 0.02361111111111111
2 0.468359375 0.46319444444444446 0.01171875 0.020833333333333332
2 0.4953125 0.4583333333333333 0.0125 0.011111111111111112
2 0.496875 0.46805555555555556 0.0125 0.019444444444444445
2 0.54140625 0.4736111111111111 0.0265625 0.030555555555555555
2 0.5890625 0.47638888888888886 0.015625 0.025
2 0.165625 0.49375 0.0484375 0.04583333333333333
2 0.450390625 0.47638888888888886 0.03359375 0.05555555555555555
2 0.48203125 0.4708333333333333 0.025 0.03333333333333333
2 0.51328125 0.4875 0.0359375 0.03611111111111111
2 0.625 0.4951388888888889 0.0640625 0.0625
2 0.562890625 0.4625 0.01328125 0.019444444444444445
2 0.38828125 0.46319444444444446 0.01875 0.029166666666666667
