8 0.530859375 0.18888888888888888 0.01328125 0.07222222222222222
8 0.12265625 0.22291666666666668 0.0171875 0.0763888888888889
8 0.105859375 0.22708333333333333 0.02109375 0.09861111111111111
8 0.091015625 0.23472222222222222 0.01953125 0.09444444444444444
8 0.030859375 0.22847222222222222 0.02265625 0.0875
8 0.51171875 0.1840277777777778 0.0125 0.07361111111111111
8 0.8625 0.37083333333333335 0.0359375 0.06111111111111111
8 0.607421875 0.4388888888888889 0.02109375 0.03888888888888889
9 0.176171875 0.39166666666666666 0.03359375 0.06111111111111111
9 0.18046875 0.44027777777777777 0.01875 0.030555555555555555
9 0.050390625 0.4423611111111111 0.02421875 0.02638888888888889
9 0.594140625 0.30625 0.02421875 0.0375
9 0.602734375 0.34097222222222223 0.02421875 0.015277777777777777
9 0.592578125 0.3840277777777778 0.02734375 0.015277777777777777
9 0.823828125 0.21944444444444444 0.04921875 0.03333333333333333
9 0.82109375 0.2513888888888889 0.028125 0.030555555555555555
9 0.822265625 0.3034722222222222 0.02578125 0.06805555555555555
9 0.8265625 0.11041666666666666 0.034375 0.09861111111111111
9 0.519140625 0.4527777777777778 0.00859375 0.019444444444444445
9 0.42265625 0.4666666666666667 0.0203125 0.013888888888888888
2 0.4203125 0.5069444444444444 0.015625 0.03333333333333333
2 0.38359375 0.5104166666666666 0.0328125 0.04861111111111111
2 0.3390625 0.5125 0.01875 0.044444444444444446
2 0.326953125 0.5152777777777777 0.02578125 0.05277777777777778
2 0.31484375 0.5194444444444445 0.01875 0.06111111111111111
2 0.303125 0.5194444444444445 0.025 0.06111111111111111
1 0.404296875 0.5041666666666667 0.01171875 0.022222222222222223
2 0.4484375 0.5069444444444444 0.0578125 0.11944444444444445
2 0.230078125 0.55625 0.17265625 0.19583333333333333
2 0.567578125 0.5041666666666667 0.04296875 0.05277777777777778
2 0.628515625 0.5097222222222222 0.04453125 0.058333333333333334
2 0.66796875 0.5090277777777777 0.071875 0.07361111111111111
8 0.49609375 0.19166666666666668 0.0125 0.058333333333333334
