9 0.369140625 0.3347222222222222 0.02890625 0.05555555555555555
9 0.45390625 0.25 0.0171875 0.03888888888888889
9 0.537890625 0.25416666666666665 0.01484375 0.04722222222222222
9 0.603125 0.2638888888888889 0.015625 0.044444444444444446
9 0.8984375 0.19236111111111112 0.05 0.018055555555555554
9 0.88125 0.2326388888888889 0.0296875 0.04027777777777778
9 0.894140625 0.27569444444444446 0.02734375 0.04027777777777778
9 0.89375 0.04583333333333333 0.04375 0.09166666666666666
8 0.917578125 0.27569444444444446 0.02578125 0.04861111111111111
8 0.67109375 0.017361111111111112 0.0265625 0.034722222222222224
8 0.4640625 0.024305555555555556 0.0359375 0.04583333333333333
9 0.5703125 0.39375 0.0375 0.04861111111111111
2 0.455078125 0.43194444444444446 0.02109375 0.019444444444444445
9 0.34453125 0.41805555555555557 0.0109375 0.022222222222222223
2 0.526953125 0.4576388888888889 0.05859375 0.08194444444444444
2 0.68515625 0.4756944444444444 0.11875 0.12361111111111112
