8 0.362109375 0.4 0.01171875 0.008333333333333333
8 0.38984375 0.3902777777777778 0.0125 0.011111111111111112
9 0.19296875 0.3861111111111111 0.021875 0.041666666666666664
9 0.192578125 0.3486111111111111 0.01953125 0.027777777777777776
9 0.144140625 0.3958333333333333 0.00859375 0.022222222222222223
9 0.296875 0.4270833333333333 0.0109375 0.029166666666666667
4 0.362890625 0.4513888888888889 0.04921875 0.08888888888888889
4 0.40078125 0.4513888888888889 0.0203125 0.041666666666666664
2 0.400390625 0.46875 0.01640625 0.029166666666666667
2 0.26640625 0.4701388888888889 0.0234375 0.034722222222222224
2 0.13671875 0.4486111111111111 0.0328125 0.027777777777777776
2 0.543359375 0.4597222222222222 0.01953125 0.05555555555555555
2 0.56875 0.46111111111111114 0.0453125 0.075
2 0.801171875 0.5506944444444445 0.37734375 0.4152777777777778
2 0.03046875 0.5013888888888889 0.0609375 0.1111111111111111
