9 0.1015625 0.3458333333333333 0.0328125 0.03611111111111111
2 0.1640625 0.54375 0.16875 0.20694444444444443
2 0.262890625 0.5326388888888889 0.06328125 0.08194444444444444
9 0.213671875 0.4409722222222222 0.01484375 0.02361111111111111
2 0.3015625 0.5166666666666667 0.0390625 0.058333333333333334
2 0.319921875 0.5145833333333333 0.01796875 0.04861111111111111
3 0.323828125 0.5020833333333333 0.02109375 0.05138888888888889
2 0.337890625 0.5034722222222222 0.01171875 0.0375
4 0.346875 0.49027777777777776 0.0203125 0.04722222222222222
2 0.372265625 0.53125 0.07265625 0.12916666666666668
2 0.409375 0.5138888888888888 0.0234375 0.044444444444444446
2 0.433203125 0.5166666666666667 0.01796875 0.030555555555555555
2 0.463671875 0.53125 0.06328125 0.08194444444444444
2 0.49453125 0.4979166666666667 0.0640625 0.10972222222222222
9 0.52734375 0.3597222222222222 0.0328125 0.016666666666666666
9 0.528125 0.38472222222222224 0.0234375 0.03333333333333333
9 0.526171875 0.41944444444444445 0.01484375 0.027777777777777776
9 0.5328125 0.45625 0.0125 0.018055555555555554
9 0.720703125 0.40208333333333335 0.01328125 0.04027777777777778
8 0.4109375 0.4708333333333333 0.0046875 0.019444444444444445
8 0.332421875 0.41597222222222224 0.00703125 0.02638888888888889
9 0.54453125 0.4513888888888889 0.009375 0.025
9 0.926953125 0.5951388888888889 0.01171875 0.03194444444444444
8 0.273828125 0.4666666666666667 0.00703125 0.019444444444444445
