3 0.119921875 0.5423611111111111 0.09140625 0.10972222222222222
2 0.24609375 0.5138888888888888 0.034375 0.041666666666666664
2 0.374609375 0.5097222222222222 0.03203125 0.044444444444444446
2 0.35390625 0.4951388888888889 0.0125 0.018055555555555554
2 0.743359375 0.5472222222222223 0.17109375 0.11388888888888889
2 0.31875 0.4979166666666667 0.0140625 0.018055555555555554
9 0.72421875 0.4222222222222222 0.0109375 0.03333333333333333
9 0.71875 0.36180555555555555 0.025 0.07916666666666666
9 0.584375 0.3472222222222222 0.0234375 0.05277777777777778
9 0.434375 0.4465277777777778 0.00625 0.018055555555555554
