2 0.456640625 0.4083333333333333 0.01328125 0.027777777777777776
2 0.470703125 0.41041666666666665 0.01484375 0.03194444444444444
2 0.480078125 0.41180555555555554 0.01640625 0.043055555555555555
2 0.505078125 0.41805555555555557 0.03359375 0.05555555555555555
2 0.541015625 0.4263888888888889 0.05078125 0.06666666666666667
2 0.5890625 0.44027777777777777 0.06875 0.08333333333333333
2 0.65859375 0.45069444444444445 0.0984375 0.12916666666666668
2 0.800390625 0.46319444444444446 0.24140625 0.22083333333333333
2 0.937890625 0.5180555555555556 0.12265625 0.2111111111111111
2 0.408203125 0.40347222222222223 0.03359375 0.034722222222222224
2 0.374609375 0.41041666666666665 0.01484375 0.029166666666666667
2 0.3609375 0.4131944444444444 0.0171875 0.03194444444444444
2 0.341015625 0.4201388888888889 0.02421875 0.02638888888888889
