2 0.439453125 0.3472222222222222 0.01484375 0.013888888888888888
2 0.423046875 0.3715277777777778 0.01328125 0.020833333333333332
2 0.413671875 0.37569444444444444 0.01640625 0.020833333333333332
2 0.483203125 0.35833333333333334 0.01171875 0.019444444444444445
2 0.48359375 0.3701388888888889 0.0125 0.018055555555555554
2 0.476953125 0.37777777777777777 0.02109375 0.016666666666666666
2 0.47578125 0.3909722222222222 0.0234375 0.02361111111111111
2 0.480078125 0.4076388888888889 0.01953125 0.0375
2 0.5046875 0.40625 0.0453125 0.0625
2 0.309765625 0.3923611111111111 0.02109375 0.029166666666666667
2 0.263671875 0.42291666666666666 0.09765625 0.0875
2 0.432421875 0.36041666666666666 0.01328125 0.018055555555555554
2 0.401953125 0.3875 0.01796875 0.025
2 0.07578125 0.45555555555555555 0.1515625 0.18611111111111112
