9 0.159765625 0.43125 0.01328125 0.02638888888888889
9 0.366796875 0.5395833333333333 0.01796875 0.020833333333333332
9 0.544921875 0.4618055555555556 0.01171875 0.02361111111111111
9 0.544921875 0.48125 0.01171875 0.015277777777777777
9 0.544921875 0.49583333333333335 0.01171875 0.013888888888888888
9 0.7875 0.20625 0.0234375 0.07916666666666666
2 0.448828125 0.5506944444444445 0.01640625 0.034722222222222224
2 0.734765625 0.46944444444444444 0.04765625 0.06111111111111111
2 0.75859375 0.45694444444444443 0.0328125 0.058333333333333334
2 0.8171875 0.4465277777777778 0.0671875 0.06805555555555555
2 0.872265625 0.44513888888888886 0.11796875 0.08194444444444444
2 0.925390625 0.45069444444444445 0.07890625 0.07083333333333333
2 0.24765625 0.5541666666666667 0.1625 0.15555555555555556
2 0.48984375 0.5361111111111111 0.0671875 0.1111111111111111
2 0.082421875 0.5888888888888889 0.16484375 0.16666666666666666
2 0.43671875 0.5569444444444445 0.021875 0.03611111111111111
