9 0.90078125 0.27569444444444446 0.03125 0.07916666666666666
9 0.616015625 0.4409722222222222 0.01484375 0.043055555555555555
9 0.31015625 0.4465277777777778 0.0140625 0.034722222222222224
2 0.523828125 0.5118055555555555 0.01484375 0.020833333333333332
2 0.54609375 0.5208333333333334 0.03125 0.041666666666666664
2 0.565625 0.5263888888888889 0.021875 0.058333333333333334
2 0.599609375 0.5361111111111111 0.05078125 0.06944444444444445
2 0.6796875 0.5604166666666667 0.1265625 0.1625
2 0.205859375 0.5347222222222222 0.10859375 0.10555555555555556
2 0.323828125 0.5159722222222223 0.04140625 0.03194444444444444
2 0.36328125 0.5145833333333333 0.0328125 0.029166666666666667
2 0.40390625 0.5159722222222223 0.0453125 0.03194444444444444
2 0.0671875 0.5479166666666667 0.134375 0.15416666666666667
2 0.848828125 0.6020833333333333 0.29765625 0.2569444444444444
