9 0.362890625 0.3909722222222222 0.02578125 0.0375
2 0.249609375 0.4979166666666667 0.04609375 0.059722222222222225
2 0.199609375 0.5111111111111111 0.05859375 0.08333333333333333
2 0.355078125 0.4861111111111111 0.02578125 0.03333333333333333
2 0.566015625 0.44513888888888886 0.01484375 0.015277777777777777
2 0.582421875 0.4375 0.02265625 0.030555555555555555
2 0.599609375 0.4388888888888889 0.01640625 0.03611111111111111
2 0.619140625 0.43125 0.01171875 0.043055555555555555
2 0.1015625 0.5256944444444445 0.15625 0.16805555555555557
2 0.3140625 0.49722222222222223 0.065625 0.09166666666666666
2 0.389453125 0.47430555555555554 0.02734375 0.04861111111111111
2 0.664453125 0.4125 0.08984375 0.06666666666666667
2 0.7921875 0.39652777777777776 0.0734375 0.07361111111111111
2 0.275 0.4965277777777778 0.01875 0.05416666666666667
3 0.029296875 0.4826388888888889 0.05859375 0.07361111111111111
