2 0.937109375 0.4756944444444444 0.12421875 0.1597222222222222
2 0.393359375 0.4354166666666667 0.03203125 0.043055555555555555
2 0.2734375 0.425 0.025 0.030555555555555555
2 0.198046875 0.42430555555555555 0.03828125 0.043055555555555555
2 0.30859375 0.42430555555555555 0.015625 0.02638888888888889
2 0.227734375 0.425 0.01484375 0.030555555555555555
2 0.248046875 0.425 0.01484375 0.027777777777777776
2 0.372265625 0.43194444444444446 0.01328125 0.030555555555555555
2 0.36171875 0.4305555555555556 0.0109375 0.027777777777777776
2 0.35703125 0.4263888888888889 0.015625 0.027777777777777776
2 0.3484375 0.425 0.0140625 0.022222222222222223
2 0.295703125 0.425 0.01328125 0.019444444444444445
9 0.423828125 0.3263888888888889 0.01484375 0.019444444444444445
9 0.425 0.34375 0.0171875 0.015277777777777777
9 0.4203125 0.3729166666666667 0.0125 0.02638888888888889
8 0.777734375 0.29305555555555557 0.02109375 0.03888888888888889
8 0.8109375 0.28888888888888886 0.0234375 0.044444444444444446
8 0.00703125 0.28055555555555556 0.0109375 0.044444444444444446
8 0.0375 0.2902777777777778 0.009375 0.041666666666666664
