3 0.1359375 0.5076388888888889 0.271875 0.37083333333333335
8 0.3609375 0.4166666666666667 0.00625 0.022222222222222223
8 0.4984375 0.44166666666666665 0.00625 0.03888888888888889
8 0.50625 0.4486111111111111 0.00625 0.022222222222222223
2 0.382421875 0.5451388888888888 0.04296875 0.05138888888888889
2 0.595703125 0.5416666666666666 0.09296875 0.10833333333333334
2 0.67734375 0.5263888888888889 0.0765625 0.11666666666666667
2 0.711328125 0.5375 0.05703125 0.15555555555555556
2 0.846484375 0.5902777777777778 0.30546875 0.3472222222222222
2 0.351953125 0.5541666666666667 0.01640625 0.03888888888888889
8 0.366796875 0.4173611111111111 0.00703125 0.02638888888888889
8 0.490234375 0.5430555555555555 0.00546875 0.013888888888888888
