3 0.25546875 0.4395833333333333 0.09375 0.13194444444444445
2 0.29609375 0.4111111111111111 0.0140625 0.025
2 0.612890625 0.4027777777777778 0.06171875 0.04722222222222222
2 0.66484375 0.4048611111111111 0.0359375 0.03194444444444444
2 0.689453125 0.40347222222222223 0.06953125 0.0375
2 0.833203125 0.39375 0.05703125 0.04583333333333333
2 0.91796875 0.39166666666666666 0.0640625 0.03333333333333333
2 0.565234375 0.42083333333333334 0.05390625 0.027777777777777776
2 0.018359375 0.4125 0.02734375 0.016666666666666666
9 0.178125 0.38333333333333336 0.015625 0.027777777777777776
9 0.34765625 0.3819444444444444 0.015625 0.027777777777777776
9 0.3546875 0.41388888888888886 0.015625 0.027777777777777776
9 0.473046875 0.3215277777777778 0.00859375 0.02361111111111111
9 0.383984375 0.2951388888888889 0.03984375 0.029166666666666667
9 0.38359375 0.325 0.040625 0.03333333333333333
9 0.38203125 0.3625 0.040625 0.030555555555555555
9 0.29765625 0.2048611111111111 0.009375 0.015277777777777777
8 0.419921875 0.36041666666666666 0.00859375 0.018055555555555554
8 0.2984375 0.23680555555555555 0.0140625 0.04583333333333333
8 0.28671875 0.3020833333333333 0.0078125 0.029166666666666667
2 0.4203125 0.40694444444444444 0.078125 0.06388888888888888
3 0.5046875 0.3875 0.090625 0.08333333333333333
