9 0.90703125 0.25625 0.0859375 0.18194444444444444
9 0.519140625 0.41180555555555554 0.01171875 0.04027777777777778
9 0.526171875 0.4479166666666667 0.00703125 0.03194444444444444
9 0.934375 0.09305555555555556 0.021875 0.027777777777777776
9 0.941015625 0.11458333333333333 0.06953125 0.07361111111111111
9 0.962109375 0.1625 0.02265625 0.025
2 0.9609375 0.19166666666666668 0.0703125 0.03888888888888889
2 0.334765625 0.4909722222222222 0.08828125 0.15416666666666667
2 0.065625 0.5965277777777778 0.1296875 0.2125
2 0.403125 0.4861111111111111 0.009375 0.025
2 0.396875 0.48541666666666666 0.0109375 0.020833333333333332
2 0.3828125 0.4840277777777778 0.015625 0.04027777777777778
2 0.378515625 0.4909722222222222 0.01015625 0.03194444444444444
2 0.28828125 0.48541666666666666 0.01875 0.020833333333333332
2 0.2734375 0.5201388888888889 0.046875 0.06805555555555555
2 0.224609375 0.5277777777777778 0.07421875 0.08888888888888889
2 0.153515625 0.55 0.11015625 0.1361111111111111
2 0.44453125 0.4951388888888889 0.0265625 0.043055555555555555
1 0.500390625 0.5111111111111111 0.00703125 0.025
2 0.461328125 0.48819444444444443 0.00703125 0.029166666666666667
2 0.474609375 0.49583333333333335 0.01796875 0.041666666666666664
2 0.4828125 0.5055555555555555 0.0171875 0.044444444444444446
2 0.484765625 0.5041666666666667 0.01484375 0.041666666666666664
2 0.498046875 0.50625 0.02421875 0.04583333333333333
2 0.505078125 0.5125 0.01171875 0.041666666666666664
2 0.53359375 0.525 0.0703125 0.10277777777777777
