9 0.30390625 0.29791666666666666 0.03125 0.018055555555555554
9 0.51796875 0.3284722222222222 0.0265625 0.015277777777777777
9 0.53671875 0.28125 0.03125 0.015277777777777777
8 0.353125 0.2861111111111111 0.009375 0.030555555555555555
8 0.41875 0.3527777777777778 0.0078125 0.016666666666666666
8 0.50703125 0.2826388888888889 0.0078125 0.02361111111111111
8 0.507421875 0.34652777777777777 0.00390625 0.0125
9 0.513671875 0.3423611111111111 0.00859375 0.004166666666666667
8 0.448046875 0.3625 0.00703125 0.013888888888888888
2 0.40078125 0.40208333333333335 0.0109375 0.020833333333333332
2 0.419140625 0.39791666666666664 0.02109375 0.02361111111111111
2 0.4875 0.3798611111111111 0.0125 0.020833333333333332
2 0.50703125 0.3861111111111111 0.015625 0.030555555555555555
2 0.521484375 0.38958333333333334 0.01015625 0.029166666666666667
2 0.537109375 0.3909722222222222 0.02265625 0.034722222222222224
2 0.31796875 0.42291666666666666 0.0328125 0.034722222222222224
2 0.36171875 0.40694444444444444 0.028125 0.030555555555555555
2 0.566015625 0.3875 0.03046875 0.04722222222222222
9 0.11328125 0.22291666666666668 0.0265625 0.020833333333333332
9 0.112109375 0.30625 0.01640625 0.018055555555555554
9 0.09609375 0.3104166666666667 0.03125 0.018055555555555554
