2 0.72734375 0.5576388888888889 0.30625 0.3486111111111111
2 0.893359375 0.5465277777777777 0.20859375 0.22916666666666666
2 0.496484375 0.4444444444444444 0.05234375 0.08611111111111111
2 0.420703125 0.4527777777777778 0.05546875 0.07777777777777778
2 0.3890625 0.4486111111111111 0.0296875 0.06111111111111111
2 0.36875 0.4479166666666667 0.0171875 0.04027777777777778
2 0.469921875 0.42986111111111114 0.02734375 0.04583333333333333
2 0.448828125 0.43472222222222223 0.02578125 0.03333333333333333
9 0.276171875 0.24166666666666667 0.02109375 0.041666666666666664
9 0.27421875 0.27152777777777776 0.028125 0.02361111111111111
9 0.364453125 0.35138888888888886 0.01796875 0.019444444444444445
8 0.403125 0.3055555555555556 0.025 0.05
8 0.592578125 0.35694444444444445 0.01484375 0.03333333333333333
9 0.487109375 0.3861111111111111 0.01640625 0.016666666666666666
8 0.35546875 0.37430555555555556 0.0171875 0.02361111111111111
3 0.4390625 0.4027777777777778 0.021875 0.03611111111111111
2 0.621484375 0.46944444444444444 0.05703125 0.08888888888888889
