8 0.39140625 0.2423611111111111 0.0078125 0.029166666666666667
8 0.23125 0.2375 0.0078125 0.030555555555555555
8 0.10234375 0.3138888888888889 0.0140625 0.013888888888888888
8 0.223046875 0.2388888888888889 0.00703125 0.030555555555555555
8 0.383984375 0.24375 0.00859375 0.02361111111111111
9 0.20625 0.24097222222222223 0.0125 0.02361111111111111
9 0.1703125 0.2513888888888889 0.01875 0.013888888888888888
9 0.114453125 0.2777777777777778 0.01953125 0.011111111111111112
9 0.106640625 0.28958333333333336 0.01640625 0.0125
9 0.605078125 0.17708333333333334 0.01640625 0.03194444444444444
9 0.616015625 0.21597222222222223 0.01640625 0.0375
9 0.59921875 0.21458333333333332 0.0109375 0.020833333333333332
2 0.39453125 0.35347222222222224 0.0109375 0.018055555555555554
2 0.32578125 0.3701388888888889 0.021875 0.02361111111111111
2 0.382421875 0.35833333333333334 0.01015625 0.016666666666666666
2 0.370703125 0.3590277777777778 0.01171875 0.0125
3 0.35234375 0.34791666666666665 0.021875 0.05416666666666667
3 0.333203125 0.3472222222222222 0.02109375 0.04722222222222222
4 0.473046875 0.3159722222222222 0.16640625 0.3263888888888889
2 0.248046875 0.40694444444444444 0.14609375 0.20833333333333334
2 0.6703125 0.4361111111111111 0.325 0.28888888888888886
2 0.072265625 0.48333333333333334 0.14453125 0.35555555555555557
