2 0.49140625 0.45069444444444445 0.009375 0.0125
2 0.47109375 0.45069444444444445 0.0078125 0.015277777777777777
2 0.345703125 0.4652777777777778 0.02890625 0.03333333333333333
2 0.313671875 0.46597222222222223 0.01171875 0.02638888888888889
2 0.28515625 0.4638888888888889 0.0203125 0.022222222222222223
2 0.301953125 0.47430555555555554 0.03671875 0.04861111111111111
2 0.670703125 0.42569444444444443 0.07109375 0.043055555555555555
2 0.6734375 0.42916666666666664 0.05625 0.041666666666666664
2 0.694921875 0.42777777777777776 0.03515625 0.03611111111111111
2 0.70859375 0.4270833333333333 0.0421875 0.04583333333333333
2 0.733203125 0.42430555555555555 0.07421875 0.04583333333333333
2 0.766796875 0.4236111111111111 0.05703125 0.04722222222222222
2 0.862109375 0.41388888888888886 0.12421875 0.09444444444444444
2 0.5609375 0.44930555555555557 0.0125 0.020833333333333332
2 0.172265625 0.48333333333333334 0.09296875 0.10833333333333334
2 0.025 0.5256944444444445 0.0484375 0.10694444444444444
2 0.261328125 0.4826388888888889 0.05234375 0.05416666666666667
2 0.528515625 0.4756944444444444 0.07734375 0.11805555555555555
2 0.46015625 0.44930555555555557 0.0265625 0.0375
2 0.379296875 0.46041666666666664 0.01953125 0.02638888888888889
2 0.426953125 0.45625 0.01015625 0.018055555555555554
2 0.436328125 0.4534722222222222 0.01015625 0.018055555555555554
2 0.445703125 0.45208333333333334 0.01328125 0.018055555555555554
2 0.485546875 0.4486111111111111 0.01171875 0.011111111111111112
2 0.08828125 0.5048611111111111 0.096875 0.10972222222222222
8 0.8796875 0.1875 0.046875 0.07777777777777778
8 0.81953125 0.2076388888888889 0.021875 0.0763888888888889
9 0.84609375 0.1125 0.046875 0.06666666666666667
9 0.55859375 0.3701388888888889 0.0125 0.015277777777777777
9 0.578515625 0.42986111111111114 0.01015625 0.029166666666666667
2 0.394140625 0.4576388888888889 0.01484375 0.020833333333333332
