9 0.019140625 0.4909722222222222 0.03515625 0.05694444444444444
9 0.21328125 0.48819444444444443 0.0203125 0.020833333333333332
9 0.213671875 0.50625 0.02421875 0.02638888888888889
9 0.215625 0.5298611111111111 0.0140625 0.03194444444444444
9 0.016796875 0.5409722222222222 0.02265625 0.0375
9 0.834765625 0.425 0.02734375 0.09166666666666666
9 0.5078125 0.5458333333333333 0.028125 0.027777777777777776
9 0.511328125 0.5270833333333333 0.01015625 0.009722222222222222
9 0.483203125 0.5270833333333333 0.01171875 0.009722222222222222
9 0.48125 0.5513888888888889 0.0234375 0.030555555555555555
9 0.454296875 0.5326388888888889 0.01484375 0.006944444444444444
9 0.448828125 0.5513888888888889 0.02109375 0.025
9 0.43203125 0.5833333333333334 0.0125 0.016666666666666666
9 0.43125 0.5611111111111111 0.009375 0.016666666666666666
9 0.53984375 0.5 0.0078125 0.011111111111111112
9 0.53984375 0.5166666666666667 0.0078125 0.011111111111111112
2 0.247265625 0.7222222222222222 0.17890625 0.2861111111111111
2 0.582421875 0.6659722222222222 0.11015625 0.15416666666666667
2 0.42109375 0.6381944444444444 0.034375 0.04861111111111111
2 0.9703125 0.6958333333333333 0.05625 0.19166666666666668
2 0.86953125 0.6472222222222223 0.19375 0.19444444444444445
2 0.371484375 0.6569444444444444 0.03203125 0.05
2 0.37890625 0.6222222222222222 0.0171875 0.011111111111111112
2 0.40625 0.6305555555555555 0.009375 0.027777777777777776
2 0.11328125 0.6805555555555556 0.0265625 0.044444444444444446
2 0.01875 0.6888888888888889 0.0375 0.058333333333333334
2 0.35859375 0.6743055555555556 0.046875 0.059722222222222225
8 0.303515625 0.5493055555555556 0.01171875 0.02638888888888889
8 0.279296875 0.5722222222222222 0.02109375 0.022222222222222223
8 0.489453125 0.5180555555555556 0.01640625 0.022222222222222223
8 0.38359375 0.5743055555555555 0.0140625 0.020833333333333332
8 0.39140625 0.5930555555555556 0.0078125 0.022222222222222223
8 0.353125 0.5784722222222223 0.01875 0.020833333333333332
8 0.546875 0.5729166666666666 0.0109375 0.020833333333333332
9 0.468359375 0.5916666666666667 0.01171875 0.013888888888888888
