9 0.710546875 0.29444444444444445 0.03203125 0.06944444444444445
9 0.22734375 0.4354166666666667 0.0140625 0.0375
9 0.275 0.4236111111111111 0.0078125 0.041666666666666664
2 0.521875 0.42083333333333334 0.015625 0.027777777777777776
2 0.43828125 0.4305555555555556 0.009375 0.027777777777777776
2 0.4296875 0.4222222222222222 0.0109375 0.025
2 0.419921875 0.4222222222222222 0.01171875 0.025
2 0.415234375 0.42777777777777776 0.01015625 0.03333333333333333
2 0.406640625 0.4305555555555556 0.01953125 0.027777777777777776
2 0.3953125 0.4375 0.01875 0.03333333333333333
2 0.39140625 0.45625 0.01875 0.043055555555555555
2 0.34921875 0.46458333333333335 0.08125 0.09027777777777778
2 0.4828125 0.4576388888888889 0.090625 0.1375
2 0.27734375 0.4930555555555556 0.071875 0.058333333333333334
2 0.11328125 0.47708333333333336 0.0734375 0.14027777777777778
2 0.04453125 0.48333333333333334 0.0875 0.18888888888888888
2 0.854296875 0.5395833333333333 0.28828125 0.3125
2 0.53671875 0.44305555555555554 0.025 0.044444444444444446
2 0.55625 0.46319444444444446 0.0421875 0.05694444444444444
2 0.687890625 0.45416666666666666 0.14453125 0.16944444444444445
