2 0.501171875 0.5715277777777777 0.24140625 0.3763888888888889
2 0.909765625 0.5159722222222223 0.17890625 0.1875
2 0.65859375 0.4861111111111111 0.065625 0.08333333333333333
2 0.6015625 0.48055555555555557 0.040625 0.07777777777777778
2 0.79609375 0.5069444444444444 0.1109375 0.11944444444444445
2 0.036328125 0.5006944444444444 0.06015625 0.07361111111111111
2 0.308203125 0.4722222222222222 0.03984375 0.041666666666666664
8 0.597265625 0.36041666666666666 0.00546875 0.02638888888888889
8 0.589453125 0.35833333333333334 0.00546875 0.030555555555555555
8 0.68671875 0.3388888888888889 0.00625 0.041666666666666664
8 0.6609375 0.425 0.0125 0.019444444444444445
8 0.70703125 0.42083333333333334 0.009375 0.019444444444444445
9 0.651171875 0.3972222222222222 0.01484375 0.011111111111111112
9 0.694140625 0.3729166666666667 0.01953125 0.0125
8 0.449609375 0.37777777777777777 0.00546875 0.022222222222222223
2 0.39453125 0.4583333333333333 0.0234375 0.025
