9 0.50234375 0.43125 0.034375 0.034722222222222224
9 0.455859375 0.43819444444444444 0.02890625 0.018055555555555554
9 0.559765625 0.4888888888888889 0.01171875 0.022222222222222223
2 0.47109375 0.47430555555555554 0.0109375 0.0125
2 0.4609375 0.47430555555555554 0.0109375 0.009722222222222222
2 0.450390625 0.4708333333333333 0.01171875 0.013888888888888888
2 0.43828125 0.47152777777777777 0.009375 0.015277777777777777
2 0.43125 0.46944444444444444 0.009375 0.008333333333333333
2 0.4359375 0.4840277777777778 0.0140625 0.020833333333333332
2 0.476171875 0.49375 0.01328125 0.015277777777777777
2 0.47578125 0.5111111111111111 0.015625 0.019444444444444445
2 0.492578125 0.4777777777777778 0.01328125 0.016666666666666666
2 0.501953125 0.4826388888888889 0.01328125 0.015277777777777777
2 0.507421875 0.4951388888888889 0.01484375 0.018055555555555554
2 0.50703125 0.5090277777777777 0.0140625 0.015277777777777777
2 0.5078125 0.5243055555555556 0.01875 0.018055555555555554
2 0.44140625 0.55625 0.040625 0.0625
2 0.4890625 0.6048611111111111 0.1046875 0.15416666666666667
2 0.406640625 0.47847222222222224 0.01484375 0.018055555555555554
2 0.36953125 0.4847222222222222 0.0375 0.030555555555555555
2 0.33515625 0.4895833333333333 0.0375 0.04027777777777778
2 0.198828125 0.5256944444444445 0.06328125 0.059722222222222225
2 0.28046875 0.5076388888888889 0.0453125 0.04861111111111111
2 0.29609375 0.5465277777777777 0.034375 0.05694444444444444
2 0.359765625 0.5694444444444444 0.09921875 0.13055555555555556
2 0.110546875 0.7069444444444445 0.22109375 0.3333333333333333
