9 0.285546875 0.4722222222222222 0.04609375 0.03333333333333333
9 0.285546875 0.4979166666666667 0.04609375 0.020833333333333332
9 0.60703125 0.4527777777777778 0.01875 0.041666666666666664
9 0.557421875 0.4527777777777778 0.01484375 0.030555555555555555
9 0.5578125 0.4756944444444444 0.0140625 0.020833333333333332
9 0.465625 0.49583333333333335 0.0078125 0.016666666666666666
9 0.4640625 0.47847222222222224 0.0109375 0.0125
9 0.410546875 0.46319444444444446 0.00703125 0.015277777777777777
9 0.498046875 0.49444444444444446 0.00546875 0.013888888888888888
9 0.47890625 0.49722222222222223 0.00625 0.013888888888888888
8 0.436328125 0.46805555555555556 0.00859375 0.016666666666666666
8 0.48984375 0.4895833333333333 0.0078125 0.018055555555555554
8 0.48125 0.4888888888888889 0.009375 0.016666666666666666
8 0.40390625 0.4638888888888889 0.0078125 0.016666666666666666
2 0.4109375 0.5131944444444444 0.01875 0.029166666666666667
2 0.383984375 0.5159722222222223 0.03984375 0.05694444444444444
2 0.4375 0.5319444444444444 0.05625 0.075
