2 0.351171875 0.7513888888888889 0.03984375 0.06944444444444445
2 0.379296875 0.7833333333333333 0.07578125 0.08888888888888889
2 0.278515625 0.7881944444444444 0.12421875 0.2152777777777778
2 0.2046875 0.7847222222222222 0.0171875 0.030555555555555555
2 0.14296875 0.7986111111111112 0.0328125 0.041666666666666664
2 0.108203125 0.8277777777777777 0.02578125 0.10833333333333334
2 0.05390625 0.8423611111111111 0.1078125 0.2763888888888889
9 0.445703125 0.6236111111111111 0.01484375 0.03611111111111111
8 0.521875 0.625 0.0265625 0.030555555555555555
9 0.516796875 0.53125 0.03359375 0.020833333333333332
8 0.51484375 0.4548611111111111 0.0140625 0.059722222222222225
8 0.49765625 0.6291666666666667 0.00625 0.03333333333333333
9 0.491796875 0.5534722222222223 0.01015625 0.020833333333333332
1 0.7375 0.6944444444444444 0.1078125 0.28055555555555556
2 0.940625 0.6972222222222222 0.1171875 0.16944444444444445
8 0.161328125 0.7270833333333333 0.00546875 0.020833333333333332
