8 0.73515625 0.30833333333333335 0.0171875 0.06666666666666667
9 0.340234375 0.37430555555555556 0.02265625 0.04027777777777778
8 0.26171875 0.3076388888888889 0.015625 0.029166666666666667
8 0.26171875 0.3638888888888889 0.0125 0.022222222222222223
8 0.3671875 0.20694444444444443 0.0171875 0.03611111111111111
8 0.880859375 0.17916666666666667 0.02421875 0.058333333333333334
8 0.734765625 0.10555555555555556 0.01796875 0.06944444444444445
2 0.032421875 0.44722222222222224 0.06484375 0.08333333333333333
2 0.48359375 0.4215277777777778 0.0171875 0.04027777777777778
2 0.41875 0.4166666666666667 0.0203125 0.030555555555555555
2 0.391015625 0.43819444444444444 0.05546875 0.07916666666666666
2 0.714453125 0.44166666666666665 0.14453125 0.14722222222222223
2 0.853515625 0.41458333333333336 0.13359375 0.09305555555555556
4 0.53984375 0.4013888888888889 0.1109375 0.175
