2 0.494921875 0.39166666666666666 0.01171875 0.011111111111111112
2 0.4640625 0.4076388888888889 0.025 0.0375
2 0.44921875 0.40694444444444444 0.0109375 0.019444444444444445
2 0.44140625 0.4083333333333333 0.0109375 0.025
2 0.428515625 0.4131944444444444 0.01484375 0.02638888888888889
2 0.417578125 0.41597222222222224 0.01640625 0.02361111111111111
2 0.401171875 0.41805555555555557 0.01953125 0.030555555555555555
2 0.39765625 0.4215277777777778 0.0109375 0.02361111111111111
2 0.387109375 0.41597222222222224 0.01328125 0.0375
2 0.38125 0.4173611111111111 0.0140625 0.034722222222222224
2 0.37265625 0.4201388888888889 0.015625 0.04027777777777778
2 0.35234375 0.42569444444444443 0.0359375 0.04583333333333333
2 0.3265625 0.4326388888888889 0.05 0.05138888888888889
2 0.247265625 0.45625 0.05546875 0.07083333333333333
2 0.196875 0.46111111111111114 0.078125 0.08055555555555556
2 0.130859375 0.48194444444444445 0.09921875 0.10833333333333334
2 0.04453125 0.49583333333333335 0.0890625 0.16944444444444445
2 0.50390625 0.39375 0.0125 0.020833333333333332
2 0.5125 0.3923611111111111 0.0078125 0.020833333333333332
2 0.5203125 0.39305555555555555 0.0109375 0.019444444444444445
2 0.52890625 0.3909722222222222 0.0046875 0.018055555555555554
2 0.540625 0.39791666666666664 0.025 0.0375
2 0.556640625 0.39652777777777776 0.00859375 0.034722222222222224
2 0.569921875 0.39652777777777776 0.01484375 0.04027777777777778
2 0.579296875 0.39791666666666664 0.02109375 0.043055555555555555
2 0.585546875 0.3993055555555556 0.01171875 0.034722222222222224
2 0.598046875 0.39861111111111114 0.01328125 0.058333333333333334
2 0.625390625 0.40069444444444446 0.06171875 0.08194444444444444
2 0.66640625 0.3902777777777778 0.034375 0.04722222222222222
2 0.83203125 0.4152777777777778 0.2296875 0.25555555555555554
2 0.927734375 0.44583333333333336 0.14140625 0.35
9 0.0546875 0.2875 0.034375 0.06666666666666667
9 0.139453125 0.38958333333333334 0.01796875 0.02638888888888889
9 0.264453125 0.3972222222222222 0.01328125 0.013888888888888888
9 0.58671875 0.3576388888888889 0.00625 0.018055555555555554
9 0.714453125 0.2923611111111111 0.01328125 0.02361111111111111
