4 0.141796875 0.4326388888888889 0.28359375 0.4125
2 0.89921875 0.5638888888888889 0.1984375 0.6
4 0.352734375 0.32430555555555557 0.12578125 0.07361111111111111
3 0.63671875 0.35625 0.128125 0.24861111111111112
2 0.773828125 0.45694444444444443 0.22421875 0.28055555555555556
2 0.39921875 0.4326388888888889 0.1046875 0.1597222222222222
2 0.457421875 0.40902777777777777 0.02890625 0.05416666666666667
2 0.511328125 0.37222222222222223 0.04453125 0.030555555555555555
2 0.53828125 0.40902777777777777 0.0703125 0.09027777777777778
2 0.479296875 0.3701388888888889 0.01953125 0.02361111111111111
2 0.510546875 0.47291666666666665 0.11796875 0.18194444444444444
2 0.24453125 0.5125 0.315625 0.3527777777777778
9 0.796484375 0.14583333333333334 0.02109375 0.058333333333333334
9 0.727734375 0.21597222222222223 0.01796875 0.03194444444444444
9 0.729296875 0.25763888888888886 0.01953125 0.05138888888888889
9 0.79375 0.2152777777777778 0.025 0.016666666666666666
8 0.780859375 0.17847222222222223 0.01171875 0.05138888888888889
8 0.578515625 0.23958333333333334 0.00859375 0.02638888888888889
9 0.46953125 0.34444444444444444 0.0046875 0.013888888888888888
9 0.55234375 0.30069444444444443 0.009375 0.034722222222222224
