8 0.076953125 0.30486111111111114 0.02265625 0.09027777777777778
8 0.50859375 0.22291666666666668 0.0234375 0.07916666666666666
8 0.09375 0.3034722222222222 0.0203125 0.08472222222222223
8 0.06171875 0.31527777777777777 0.0125 0.06111111111111111
8 0.9609375 0.2423611111111111 0.0171875 0.0763888888888889
9 0.879296875 0.2965277777777778 0.02265625 0.03194444444444444
9 0.08515625 0.375 0.015625 0.027777777777777776
9 0.42421875 0.3402777777777778 0.0421875 0.06111111111111111
9 0.935546875 0.3284722222222222 0.02734375 0.06527777777777778
9 0.35078125 0.37083333333333335 0.04375 0.05277777777777778
9 0.233984375 0.38055555555555554 0.02421875 0.03333333333333333
9 0.226171875 0.3326388888888889 0.02421875 0.034722222222222224
9 0.30546875 0.36944444444444446 0.015625 0.03888888888888889
9 0.280859375 0.36666666666666664 0.02265625 0.030555555555555555
9 0.258203125 0.3715277777777778 0.02421875 0.0375
2 0.267578125 0.44166666666666665 0.03671875 0.03333333333333333
2 0.296484375 0.44027777777777777 0.02421875 0.03611111111111111
2 0.333984375 0.4284722222222222 0.02578125 0.034722222222222224
2 0.353125 0.4340277777777778 0.034375 0.034722222222222224
2 0.3796875 0.4284722222222222 0.0234375 0.020833333333333332
2 0.66796875 0.3590277777777778 0.0109375 0.018055555555555554
2 0.744921875 0.35138888888888886 0.01484375 0.030555555555555555
2 0.763671875 0.3625 0.03203125 0.03888888888888889
2 0.906640625 0.3402777777777778 0.01640625 0.019444444444444445
2 0.51875 0.37777777777777777 0.0203125 0.025
2 0.486328125 0.37916666666666665 0.05078125 0.027777777777777776
2 0.453515625 0.37916666666666665 0.02265625 0.013888888888888888
2 0.4515625 0.3909722222222222 0.034375 0.0125
2 0.416796875 0.3840277777777778 0.02890625 0.0125
2 0.3875 0.38819444444444445 0.0234375 0.018055555555555554
2 0.306640625 0.3951388888888889 0.02890625 0.015277777777777777
2 0.323046875 0.38819444444444445 0.01953125 0.018055555555555554
2 0.237890625 0.44722222222222224 0.02578125 0.025
2 0.282421875 0.39444444444444443 0.01796875 0.019444444444444445
2 0.269921875 0.3958333333333333 0.01484375 0.016666666666666666
2 0.25234375 0.39444444444444443 0.015625 0.019444444444444445
2 0.219921875 0.4041666666666667 0.04921875 0.027777777777777776
2 0.185546875 0.4083333333333333 0.02734375 0.030555555555555555
2 0.148046875 0.4125 0.05078125 0.030555555555555555
2 0.116015625 0.4173611111111111 0.04140625 0.034722222222222224
2 0.09140625 0.41805555555555557 0.0390625 0.027777777777777776
2 0.0640625 0.41805555555555557 0.03125 0.027777777777777776
2 0.60625 0.3729166666666667 0.03125 0.02361111111111111
2 0.028125 0.43472222222222223 0.05625 0.08888888888888889
