8 0.358984375 0.21666666666666667 0.01171875 0.06666666666666667
8 0.348046875 0.225 0.00859375 0.06111111111111111
8 0.46171875 0.35694444444444445 0.0078125 0.041666666666666664
8 0.451171875 0.3548611111111111 0.00859375 0.04583333333333333
8 0.444140625 0.3590277777777778 0.01015625 0.04583333333333333
8 0.598046875 0.4895833333333333 0.01328125 0.02361111111111111
8 0.7734375 0.44375 0.0234375 0.0375
8 0.365234375 0.4479166666666667 0.01015625 0.0375
8 0.1015625 0.3402777777777778 0.0421875 0.06111111111111111
8 0.77109375 0.3145833333333333 0.0203125 0.0763888888888889
8 0.819921875 0.33125 0.01640625 0.043055555555555555
9 0.81796875 0.28958333333333336 0.0375 0.04583333333333333
9 0.148046875 0.29583333333333334 0.03515625 0.05555555555555555
9 0.312890625 0.45555555555555555 0.00703125 0.019444444444444445
9 0.312109375 0.48055555555555557 0.00703125 0.027777777777777776
9 0.594921875 0.42986111111111114 0.01640625 0.0125
9 0.547265625 0.4826388888888889 0.01640625 0.04583333333333333
9 0.8328125 0.15069444444444444 0.0484375 0.034722222222222224
9 0.822265625 0.1597222222222222 0.03046875 0.05
9 0.794921875 0.23194444444444445 0.02734375 0.06944444444444445
9 0.744921875 0.4354166666666667 0.01015625 0.020833333333333332
9 0.747265625 0.4625 0.01171875 0.019444444444444445
2 0.59765625 0.5611111111111111 0.0609375 0.041666666666666664
2 0.709765625 0.6368055555555555 0.19765625 0.2763888888888889
1 0.104296875 0.5451388888888888 0.04140625 0.12083333333333333
2 0.209765625 0.5465277777777777 0.11171875 0.0625
2 0.025 0.5326388888888889 0.05 0.06805555555555555
2 0.016796875 0.5659722222222222 0.03359375 0.06527777777777778
2 0.846875 0.7125 0.303125 0.55
2 0.443359375 0.6048611111111111 0.23984375 0.3680555555555556
