9 0.044921875 0.11388888888888889 0.01484375 0.058333333333333334
9 0.036328125 0.17430555555555555 0.01171875 0.04027777777777778
9 0.050390625 0.15902777777777777 0.01171875 0.020833333333333332
9 0.444921875 0.3527777777777778 0.03515625 0.013888888888888888
9 0.37734375 0.3541666666666667 0.0125 0.008333333333333333
9 0.810546875 0.2875 0.01953125 0.022222222222222223
2 0.07109375 0.4576388888888889 0.1421875 0.2652777777777778
2 0.243359375 0.4395833333333333 0.16328125 0.19027777777777777
1 0.81328125 0.4986111111111111 0.075 0.2833333333333333
2 0.894140625 0.5298611111111111 0.21015625 0.2375
2 0.62890625 0.45902777777777776 0.2890625 0.5013888888888889
2 0.466796875 0.44583333333333336 0.03515625 0.05555555555555555
8 0.37109375 0.3784722222222222 0.0078125 0.02361111111111111
8 0.484375 0.33819444444444446 0.003125 0.018055555555555554
8 0.478125 0.33541666666666664 0.0078125 0.020833333333333332
8 0.419921875 0.3993055555555556 0.01015625 0.009722222222222222
