9 0.6359375 0.3590277777777778 0.021875 0.03194444444444444
2 0.040234375 0.5583333333333333 0.07890625 0.07777777777777778
2 0.13046875 0.5381944444444444 0.109375 0.06527777777777778
2 0.184375 0.5305555555555556 0.0375 0.041666666666666664
2 0.587890625 0.42291666666666666 0.02265625 0.02361111111111111
2 0.609765625 0.425 0.02109375 0.022222222222222223
2 0.56640625 0.4270833333333333 0.0265625 0.02638888888888889
9 0.790625 0.3326388888888889 0.0171875 0.02361111111111111
2 0.678125 0.42083333333333334 0.040625 0.044444444444444446
2 0.775 0.35625 0.0171875 0.020833333333333332
2 0.746484375 0.3902777777777778 0.02421875 0.03333333333333333
2 0.795703125 0.3638888888888889 0.01953125 0.025
2 0.772265625 0.37916666666666665 0.01484375 0.027777777777777776
2 0.726953125 0.3993055555555556 0.02578125 0.03194444444444444
2 0.70546875 0.43472222222222223 0.04375 0.058333333333333334
2 0.63671875 0.47638888888888886 0.0734375 0.09444444444444444
