2 0.3703125 0.38125 0.0140625 0.03194444444444444
2 0.340234375 0.38333333333333336 0.03515625 0.041666666666666664
2 0.296484375 0.3923611111111111 0.05234375 0.04583333333333333
2 0.519140625 0.37083333333333335 0.00859375 0.027777777777777776
2 0.5390625 0.3798611111111111 0.03125 0.03194444444444444
2 0.57265625 0.3861111111111111 0.0484375 0.07777777777777778
2 0.1796875 0.42777777777777776 0.15 0.1527777777777778
2 0.9515625 0.5597222222222222 0.0953125 0.41944444444444445
2 0.91875 0.5680555555555555 0.0140625 0.008333333333333333
8 0.49453125 0.3236111111111111 0.0078125 0.025
8 0.443359375 0.3284722222222222 0.00859375 0.02361111111111111
8 0.4671875 0.34375 0.00625 0.020833333333333332
2 0.508984375 0.3701388888888889 0.01484375 0.020833333333333332
2 0.484765625 0.36736111111111114 0.01484375 0.015277777777777777
2 0.471484375 0.36875 0.01171875 0.02361111111111111
2 0.447265625 0.37430555555555556 0.02265625 0.029166666666666667
2 0.41953125 0.3770833333333333 0.0265625 0.029166666666666667
2 0.396484375 0.37916666666666665 0.02265625 0.027777777777777776
2 0.380859375 0.38125 0.01796875 0.029166666666666667
