2 0.13125 0.5375 0.2609375 0.24444444444444444
2 0.315234375 0.49930555555555556 0.11484375 0.1375
2 0.5359375 0.4375 0.0203125 0.022222222222222223
2 0.5140625 0.4423611111111111 0.0234375 0.02638888888888889
2 0.551171875 0.44027777777777777 0.01484375 0.027777777777777776
2 0.56328125 0.44027777777777777 0.021875 0.027777777777777776
2 0.4078125 0.4534722222222222 0.084375 0.0625
2 0.591015625 0.44375 0.01640625 0.029166666666666667
2 0.6078125 0.44375 0.0125 0.02361111111111111
2 0.63828125 0.4618055555555556 0.0625 0.07916666666666666
2 0.606640625 0.47152777777777777 0.03046875 0.07083333333333333
8 0.562109375 0.34444444444444444 0.01484375 0.030555555555555555
8 0.596484375 0.35 0.01015625 0.03333333333333333
8 0.64140625 0.38819444444444445 0.009375 0.029166666666666667
9 0.673828125 0.38819444444444445 0.01484375 0.029166666666666667
9 0.84765625 0.3923611111111111 0.0171875 0.0375
2 0.477734375 0.44375 0.01640625 0.0375
2 0.678515625 0.5368055555555555 0.15234375 0.2152777777777778
2 0.849609375 0.5388888888888889 0.16796875 0.175
4 0.942578125 0.44722222222222224 0.11171875 0.30833333333333335
9 0.14609375 0.3375 0.01875 0.016666666666666666
