8 0.90546875 0.2152777777777778 0.0125 0.04722222222222222
8 0.811328125 0.18958333333333333 0.01484375 0.05138888888888889
8 0.539453125 0.2361111111111111 0.01171875 0.041666666666666664
8 0.42578125 0.3125 0.0109375 0.025
8 0.326171875 0.25 0.01484375 0.044444444444444446
8 0.36875 0.3055555555555556 0.0078125 0.022222222222222223
8 0.91796875 0.2152777777777778 0.009375 0.041666666666666664
8 0.55078125 0.23958333333333334 0.0109375 0.04027777777777778
8 0.044140625 0.28958333333333336 0.01171875 0.02638888888888889
8 0.227734375 0.32083333333333336 0.01796875 0.027777777777777776
8 0.115234375 0.1840277777777778 0.01484375 0.04027777777777778
8 0.689453125 0.34097222222222223 0.01328125 0.02638888888888889
9 0.237109375 0.2951388888888889 0.01640625 0.018055555555555554
9 0.228125 0.2777777777777778 0.015625 0.016666666666666666
9 0.234375 0.2423611111111111 0.01875 0.029166666666666667
9 0.56015625 0.2833333333333333 0.015625 0.019444444444444445
9 0.5515625 0.29583333333333334 0.0171875 0.016666666666666666
9 0.16328125 0.3194444444444444 0.015625 0.030555555555555555
2 0.080859375 0.3701388888888889 0.04296875 0.059722222222222225
2 0.714453125 0.3909722222222222 0.02890625 0.0375
2 0.317578125 0.3680555555555556 0.02421875 0.03333333333333333
2 0.36953125 0.36180555555555555 0.0125 0.015277777777777777
2 0.383984375 0.3659722222222222 0.01171875 0.02361111111111111
2 0.405859375 0.3736111111111111 0.02578125 0.03888888888888889
2 0.4453125 0.3645833333333333 0.01875 0.02638888888888889
2 0.486328125 0.4125 0.07421875 0.10277777777777777
2 0.95703125 0.45069444444444445 0.084375 0.17083333333333334
