9 0.086328125 0.40208333333333335 0.02890625 0.02638888888888889
9 0.03125 0.4048611111111111 0.0296875 0.029166666666666667
9 0.45546875 0.27708333333333335 0.0265625 0.0625
9 0.5015625 0.2791666666666667 0.0390625 0.05277777777777778
2 0.49375 0.3888888888888889 0.009375 0.022222222222222223
2 0.476171875 0.39305555555555555 0.01015625 0.011111111111111112
2 0.8359375 0.4215277777777778 0.0265625 0.018055555555555554
2 0.865625 0.40902777777777777 0.040625 0.029166666666666667
9 0.44921875 0.3840277777777778 0.01875 0.018055555555555554
9 0.43125 0.38472222222222224 0.0109375 0.011111111111111112
2 0.91796875 0.4166666666666667 0.05625 0.027777777777777776
2 0.9734375 0.4076388888888889 0.04375 0.0375
