3 0.419140625 0.5263888888888889 0.06171875 0.11944444444444445
2 0.34375 0.5909722222222222 0.1359375 0.1736111111111111
2 0.162890625 0.5993055555555555 0.08046875 0.07916666666666666
2 0.0875 0.6111111111111112 0.0828125 0.07777777777777778
2 0.024609375 0.6270833333333333 0.04765625 0.10694444444444444
2 0.2234375 0.5902777777777778 0.0484375 0.05277777777777778
2 0.54921875 0.5368055555555555 0.028125 0.034722222222222224
2 0.56640625 0.5472222222222223 0.021875 0.030555555555555555
2 0.5828125 0.5506944444444445 0.021875 0.059722222222222225
2 0.616796875 0.55 0.05546875 0.075
2 0.677734375 0.5680555555555555 0.10546875 0.11666666666666667
2 0.531640625 0.5375 0.01015625 0.022222222222222223
8 0.508203125 0.5027777777777778 0.00703125 0.016666666666666666
8 0.51796875 0.5118055555555555 0.0078125 0.018055555555555554
