2 0.47578125 0.4798611111111111 0.0125 0.034722222222222224
2 0.45078125 0.48680555555555555 0.0359375 0.043055555555555555
2 0.30859375 0.5076388888888889 0.08125 0.09027777777777778
2 0.3890625 0.5048611111111111 0.0890625 0.10416666666666667
2 0.159375 0.51875 0.1828125 0.1597222222222222
2 0.051953125 0.48125 0.10234375 0.0763888888888889
2 0.4953125 0.4826388888888889 0.0375 0.059722222222222225
2 0.549609375 0.5069444444444444 0.08359375 0.11388888888888889
2 0.59609375 0.48680555555555555 0.021875 0.043055555555555555
2 0.615234375 0.48680555555555555 0.03046875 0.0625
2 0.648828125 0.49236111111111114 0.05390625 0.08472222222222223
2 0.737109375 0.5069444444444444 0.13515625 0.15555555555555556
2 0.91015625 0.6180555555555556 0.175 0.30833333333333335
9 0.61484375 0.44166666666666665 0.009375 0.022222222222222223
