8 0.784765625 0.24513888888888888 0.01796875 0.09027777777777778
8 0.802734375 0.28125 0.01171875 0.08472222222222223
9 0.1875 0.4361111111111111 0.03125 0.044444444444444446
9 0.739453125 0.5159722222222223 0.02109375 0.018055555555555554
9 0.736328125 0.54375 0.01796875 0.034722222222222224
9 0.851171875 0.4125 0.02890625 0.05
8 0.851953125 0.4951388888888889 0.02421875 0.034722222222222224
9 0.53046875 0.5625 0.0265625 0.06388888888888888
2 0.205078125 0.5736111111111111 0.04921875 0.03888888888888889
2 0.2671875 0.5784722222222223 0.0375 0.03194444444444444
2 0.3046875 0.5763888888888888 0.0375 0.027777777777777776
2 0.3265625 0.5694444444444444 0.0265625 0.030555555555555555
2 0.57734375 0.59375 0.0578125 0.04027777777777778
2 0.613671875 0.5805555555555556 0.02421875 0.027777777777777776
2 0.6296875 0.5951388888888889 0.04375 0.04583333333333333
3 0.77109375 0.5916666666666667 0.0296875 0.044444444444444446
3 0.789453125 0.6020833333333333 0.04921875 0.03194444444444444
3 0.811328125 0.5868055555555556 0.02109375 0.034722222222222224
3 0.716796875 0.5895833333333333 0.05078125 0.04861111111111111
