2 0.633984375 0.46805555555555556 0.01484375 0.025
2 0.623046875 0.4701388888888889 0.01640625 0.029166666666666667
2 0.596484375 0.4652777777777778 0.04453125 0.06388888888888888
2 0.57578125 0.48680555555555555 0.040625 0.059722222222222225
2 0.54296875 0.5013888888888889 0.05 0.08888888888888889
2 0.499609375 0.525 0.08515625 0.13055555555555556
2 0.68671875 0.4701388888888889 0.0171875 0.029166666666666667
2 0.6984375 0.4777777777777778 0.0203125 0.03611111111111111
2 0.721484375 0.4888888888888889 0.03359375 0.044444444444444446
2 0.74375 0.4965277777777778 0.053125 0.05694444444444444
2 0.793359375 0.5048611111111111 0.06484375 0.07361111111111111
2 0.824609375 0.5284722222222222 0.07578125 0.10694444444444444
2 0.91796875 0.54375 0.15 0.16527777777777777
2 0.95703125 0.6055555555555555 0.078125 0.21666666666666667
2 0.3375 0.5458333333333333 0.28125 0.33055555555555555
2 0.10703125 0.7340277777777777 0.2140625 0.4625
9 0.726171875 0.41944444444444445 0.01484375 0.03333333333333333
2 0.67578125 0.4722222222222222 0.0109375 0.019444444444444445
2 0.666796875 0.46597222222222223 0.01015625 0.018055555555555554
2 0.653515625 0.46319444444444446 0.01015625 0.0125
