1 0.450390625 0.6416666666666667 0.02109375 0.075
2 0.39921875 0.6375 0.0109375 0.019444444444444445
2 0.392578125 0.6368055555555555 0.01015625 0.02361111111111111
2 0.38671875 0.6361111111111111 0.0125 0.025
2 0.38359375 0.6395833333333333 0.01875 0.0375
2 0.37265625 0.6361111111111111 0.015625 0.044444444444444446
2 0.35390625 0.6402777777777777 0.0359375 0.058333333333333334
2 0.348828125 0.6520833333333333 0.02890625 0.05416666666666667
2 0.334765625 0.6548611111111111 0.03203125 0.0625
2 0.287109375 0.6513888888888889 0.07421875 0.13055555555555556
2 0.22578125 0.66875 0.128125 0.15138888888888888
2 0.118359375 0.7097222222222223 0.21640625 0.21944444444444444
2 0.439453125 0.6430555555555556 0.01484375 0.030555555555555555
2 0.649609375 0.65 0.11640625 0.09166666666666666
2 0.41328125 0.6409722222222223 0.0171875 0.02638888888888889
2 0.521875 0.6548611111111111 0.13125 0.1986111111111111
2 0.751953125 0.7673611111111112 0.30390625 0.2847222222222222
3 0.912890625 0.6486111111111111 0.17265625 0.2111111111111111
2 0.055078125 0.7680555555555556 0.11015625 0.25277777777777777
