9 0.54765625 0.3215277777777778 0.0125 0.0125
9 0.471484375 0.29444444444444445 0.02578125 0.011111111111111112
9 0.464453125 0.33194444444444443 0.02578125 0.019444444444444445
9 0.444921875 0.3277777777777778 0.00859375 0.022222222222222223
9 0.428515625 0.33402777777777776 0.00703125 0.0125
9 0.205859375 0.2659722222222222 0.02890625 0.015277777777777777
8 0.26640625 0.26875 0.00625 0.020833333333333332
8 0.44375 0.2902777777777778 0.00625 0.025
8 0.151953125 0.32916666666666666 0.01328125 0.013888888888888888
8 0.4390625 0.2881944444444444 0.00625 0.015277777777777777
8 0.521484375 0.2791666666666667 0.00703125 0.019444444444444445
8 0.55 0.34652777777777777 0.0078125 0.015277777777777777
8 0.51171875 0.33055555555555555 0.00625 0.016666666666666666
8 0.508203125 0.3486111111111111 0.00546875 0.016666666666666666
2 0.410546875 0.3625 0.01640625 0.025
2 0.39453125 0.36944444444444446 0.0203125 0.025
2 0.434375 0.3645833333333333 0.01875 0.020833333333333332
2 0.393359375 0.34652777777777777 0.01171875 0.018055555555555554
2 0.3421875 0.35833333333333334 0.040625 0.06666666666666667
2 0.31171875 0.3541666666666667 0.0046875 0.030555555555555555
2 0.215625 0.38680555555555557 0.025 0.043055555555555555
2 0.18828125 0.39444444444444443 0.04375 0.05555555555555555
2 0.465234375 0.3645833333333333 0.02421875 0.018055555555555554
2 0.4734375 0.38680555555555557 0.021875 0.03194444444444444
2 0.451171875 0.3951388888888889 0.02265625 0.05138888888888889
2 0.54140625 0.4 0.05 0.06111111111111111
2 0.554296875 0.41180555555555554 0.04609375 0.05138888888888889
2 0.594140625 0.4305555555555556 0.10078125 0.13055555555555556
2 0.63828125 0.41041666666666665 0.0390625 0.059722222222222225
2 0.855078125 0.46458333333333335 0.07109375 0.1375
2 0.43359375 0.40694444444444444 0.053125 0.06388888888888888
2 0.743359375 0.4888888888888889 0.21796875 0.21388888888888888
2 0.365234375 0.3854166666666667 0.05703125 0.1125
2 0.06015625 0.4173611111111111 0.109375 0.08472222222222223
4 0.27421875 0.3611111111111111 0.0765625 0.10555555555555556
3 0.12421875 0.39166666666666666 0.0859375 0.1
9 0.926953125 0.40902777777777777 0.01171875 0.02361111111111111
