9 0.119140625 0.4638888888888889 0.02265625 0.025
9 0.26640625 0.4736111111111111 0.0125 0.03333333333333333
9 0.420703125 0.4909722222222222 0.02109375 0.020833333333333332
9 0.5375 0.48194444444444445 0.0203125 0.022222222222222223
9 0.714453125 0.28958333333333336 0.03828125 0.06527777777777778
9 0.715234375 0.36875 0.03984375 0.0875
9 0.666796875 0.5034722222222222 0.01484375 0.029166666666666667
9 0.52109375 0.4791666666666667 0.009375 0.025
8 0.3296875 0.45694444444444443 0.0125 0.019444444444444445
8 0.504296875 0.4756944444444444 0.00859375 0.018055555555555554
8 0.591796875 0.48680555555555555 0.01171875 0.02361111111111111
8 0.458984375 0.4666666666666667 0.01328125 0.025
2 0.44921875 0.53125 0.0328125 0.06805555555555555
2 0.33828125 0.5229166666666667 0.03125 0.020833333333333332
2 0.2734375 0.5486111111111112 0.046875 0.06666666666666667
2 0.3890625 0.5458333333333333 0.0421875 0.058333333333333334
2 0.32734375 0.5756944444444444 0.0796875 0.10416666666666667
2 0.490234375 0.55 0.06015625 0.09166666666666666
2 0.026171875 0.5979166666666667 0.05078125 0.14583333333333334
2 0.153125 0.6284722222222222 0.2765625 0.31805555555555554
