8 0.47109375 0.43194444444444446 0.0109375 0.05
8 0.483984375 0.43125 0.01171875 0.043055555555555555
8 0.7921875 0.48333333333333334 0.0140625 0.03888888888888889
8 0.42578125 0.5819444444444445 0.0046875 0.013888888888888888
8 0.36484375 0.6006944444444444 0.003125 0.0125
8 0.315234375 0.5826388888888889 0.00546875 0.015277777777777777
2 0.378125 0.6305555555555555 0.0171875 0.019444444444444445
2 0.233984375 0.6548611111111111 0.02578125 0.0375
2 0.271875 0.6513888888888889 0.0203125 0.030555555555555555
2 0.323828125 0.6576388888888889 0.07421875 0.10138888888888889
2 0.41171875 0.6451388888888889 0.046875 0.07361111111111111
2 0.78515625 0.7215277777777778 0.2484375 0.22083333333333333
4 0.175390625 0.6381944444444444 0.08984375 0.09583333333333334
4 0.076171875 0.6076388888888888 0.10859375 0.05138888888888889
2 0.09609375 0.7840277777777778 0.1921875 0.3763888888888889
9 0.202734375 0.5222222222222223 0.01171875 0.06111111111111111
9 0.29140625 0.5833333333333334 0.01875 0.008333333333333333
9 0.5296875 0.44930555555555557 0.0515625 0.018055555555555554
9 0.587890625 0.48680555555555555 0.02265625 0.018055555555555554
9 0.4453125 0.58125 0.0171875 0.009722222222222222
9 0.466015625 0.5902777777777778 0.01015625 0.005555555555555556
9 0.29453125 0.5972222222222222 0.0109375 0.011111111111111112
8 0.6046875 0.5645833333333333 0.015625 0.02638888888888889
