3 0.0640625 0.6659722222222222 0.128125 0.25972222222222224
2 0.80546875 0.6194444444444445 0.3859375 0.375
2 0.099609375 0.6055555555555555 0.06796875 0.10277777777777777
2 0.56640625 0.6027777777777777 0.1578125 0.16666666666666666
2 0.504296875 0.5798611111111112 0.10859375 0.10416666666666667
2 0.491015625 0.5430555555555555 0.05234375 0.030555555555555555
2 0.2265625 0.5694444444444444 0.01875 0.025
2 0.257421875 0.5611111111111111 0.01484375 0.025
3 0.23359375 0.5451388888888888 0.01875 0.04027777777777778
2 0.2515625 0.5402777777777777 0.0125 0.025
8 0.19140625 0.4083333333333333 0.0046875 0.027777777777777776
8 0.105859375 0.42291666666666666 0.00703125 0.02361111111111111
8 0.303515625 0.5222222222222223 0.00703125 0.019444444444444445
9 0.22734375 0.50625 0.009375 0.020833333333333332
9 0.297265625 0.47638888888888886 0.01640625 0.019444444444444445
9 0.26875 0.5319444444444444 0.021875 0.041666666666666664
8 0.3078125 0.48819444444444443 0.0140625 0.020833333333333332
8 0.022265625 0.4236111111111111 0.01171875 0.03333333333333333
8 0.194140625 0.4423611111111111 0.00859375 0.029166666666666667
8 0.24453125 0.4395833333333333 0.0078125 0.034722222222222224
8 0.208984375 0.4361111111111111 0.00703125 0.03611111111111111
8 0.2375 0.45416666666666666 0.00625 0.022222222222222223
8 0.021875 0.45902777777777776 0.0078125 0.0375
8 0.008984375 0.45625 0.01015625 0.034722222222222224
8 0.1421875 0.5388888888888889 0.009375 0.013888888888888888
