9 0.645703125 0.39375 0.01328125 0.029166666666666667
9 0.68125 0.3236111111111111 0.0109375 0.013888888888888888
9 0.675390625 0.3375 0.01953125 0.019444444444444445
9 0.31796875 0.3194444444444444 0.0171875 0.013888888888888888
9 0.331640625 0.34097222222222223 0.02265625 0.020833333333333332
9 0.3296875 0.3597222222222222 0.01875 0.027777777777777776
2 0.55859375 0.43333333333333335 0.0078125 0.016666666666666666
2 0.549609375 0.43333333333333335 0.01171875 0.016666666666666666
2 0.53671875 0.43680555555555556 0.0125 0.018055555555555554
2 0.525 0.44027777777777777 0.0125 0.019444444444444445
2 0.50859375 0.4444444444444444 0.025 0.027777777777777776
2 0.487890625 0.4465277777777778 0.01796875 0.02638888888888889
2 0.465625 0.4444444444444444 0.0359375 0.04722222222222222
2 0.354296875 0.45555555555555555 0.06328125 0.09722222222222222
2 0.60234375 0.43194444444444446 0.0109375 0.022222222222222223
2 0.588671875 0.4263888888888889 0.01328125 0.019444444444444445
2 0.570703125 0.4326388888888889 0.01484375 0.020833333333333332
2 0.61171875 0.4340277777777778 0.015625 0.02638888888888889
2 0.1234375 0.4979166666666667 0.2203125 0.2013888888888889
2 0.016796875 0.51875 0.03359375 0.18472222222222223
2 0.894921875 0.5020833333333333 0.20703125 0.43472222222222223
2 0.28046875 0.4576388888888889 0.1078125 0.14305555555555555
2 0.676171875 0.44027777777777777 0.03828125 0.1
2 0.714453125 0.44930555555555557 0.08046875 0.12638888888888888
2 0.794921875 0.46875 0.12578125 0.2013888888888889
2 0.637109375 0.4340277777777778 0.03828125 0.059722222222222225
9 0.62734375 0.40625 0.009375 0.018055555555555554
