9 0.229296875 0.40347222222222223 0.04140625 0.018055555555555554
9 0.15703125 0.4444444444444444 0.0140625 0.011111111111111112
9 0.157421875 0.45555555555555555 0.01484375 0.011111111111111112
9 0.166796875 0.46875 0.01953125 0.0125
9 0.642578125 0.44166666666666665 0.01328125 0.008333333333333333
9 0.6234375 0.46944444444444444 0.0125 0.022222222222222223
8 0.150390625 0.4965277777777778 0.01796875 0.018055555555555554
8 0.30859375 0.38819444444444445 0.009375 0.034722222222222224
8 0.321875 0.3861111111111111 0.0078125 0.03888888888888889
8 0.289453125 0.4597222222222222 0.00859375 0.044444444444444446
8 0.283984375 0.4965277777777778 0.01328125 0.015277777777777777
8 0.55390625 0.3909722222222222 0.009375 0.029166666666666667
8 0.5140625 0.45902777777777776 0.00625 0.0125
2 0.024609375 0.5590277777777778 0.04921875 0.04583333333333333
2 0.055859375 0.55625 0.05078125 0.04027777777777778
2 0.1 0.5701388888888889 0.084375 0.059722222222222225
2 0.138671875 0.5409722222222222 0.06171875 0.02361111111111111
2 0.2 0.54375 0.0640625 0.04861111111111111
2 0.23125 0.5430555555555555 0.05625 0.04722222222222222
2 0.239453125 0.5388888888888889 0.05546875 0.04722222222222222
2 0.272265625 0.5416666666666666 0.04140625 0.041666666666666664
2 0.29375 0.5375 0.0390625 0.027777777777777776
2 0.30390625 0.5340277777777778 0.0390625 0.03194444444444444
2 0.480859375 0.5201388888888889 0.01640625 0.02638888888888889
2 0.497265625 0.5152777777777777 0.01640625 0.016666666666666666
2 0.507421875 0.5090277777777777 0.01640625 0.015277777777777777
2 0.518359375 0.5083333333333333 0.01015625 0.022222222222222223
2 0.751953125 0.55 0.12109375 0.18611111111111112
4 0.39921875 0.5027777777777778 0.1578125 0.2722222222222222
2 0.8765625 0.5819444444444445 0.2421875 0.30277777777777776
2 0.5703125 0.5111111111111111 0.090625 0.17777777777777778
9 0.834375 0.3923611111111111 0.034375 0.0875
2 0.166796875 0.5652777777777778 0.06171875 0.044444444444444446
