9 0.19921875 0.5083333333333333 0.0515625 0.12222222222222222
9 0.439453125 0.5479166666666667 0.02578125 0.09861111111111111
9 0.562890625 0.575 0.02421875 0.075
9 0.696875 0.5951388888888889 0.025 0.07361111111111111
9 0.832421875 0.6243055555555556 0.02265625 0.05138888888888889
9 0.95390625 0.6361111111111111 0.015625 0.019444444444444445
9 0.353125 0.5215277777777778 0.0171875 0.018055555555555554
9 0.418359375 0.5354166666666667 0.00859375 0.020833333333333332
9 0.158203125 0.49722222222222223 0.02578125 0.030555555555555555
2 0.063671875 0.5506944444444445 0.12734375 0.09583333333333334
2 0.89609375 0.7618055555555555 0.2078125 0.2513888888888889
