9 0.589453125 0.43333333333333335 0.01328125 0.03611111111111111
8 0.5171875 0.46319444444444446 0.0125 0.015277777777777777
2 0.454296875 0.49722222222222223 0.01015625 0.019444444444444445
2 0.461328125 0.49930555555555556 0.01015625 0.020833333333333332
2 0.439453125 0.4965277777777778 0.01171875 0.015277777777777777
2 0.413671875 0.4979166666666667 0.01328125 0.0125
2 0.3890625 0.5006944444444444 0.0171875 0.02361111111111111
2 0.350390625 0.48541666666666666 0.02421875 0.018055555555555554
2 0.363671875 0.5027777777777778 0.02265625 0.030555555555555555
2 0.33515625 0.5055555555555555 0.0234375 0.03333333333333333
2 0.306640625 0.5083333333333333 0.03359375 0.05277777777777778
2 0.209765625 0.5409722222222222 0.02265625 0.0375
2 0.241796875 0.5243055555555556 0.04453125 0.059722222222222225
2 0.155859375 0.5145833333333333 0.06328125 0.10416666666666667
2 0.56875 0.4826388888888889 0.028125 0.059722222222222225
2 0.5984375 0.4986111111111111 0.040625 0.04722222222222222
2 0.5375 0.49166666666666664 0.021875 0.027777777777777776
2 0.85078125 0.5388888888888889 0.2546875 0.23333333333333334
9 0.8515625 0.26875 0.0296875 0.034722222222222224
9 0.851953125 0.10555555555555556 0.03359375 0.027777777777777776
9 0.84453125 0.20972222222222223 0.04375 0.07222222222222222
2 0.061328125 0.5166666666666667 0.12265625 0.16111111111111112
