2 0.8953125 0.5611111111111111 0.0828125 0.05555555555555555
2 0.937109375 0.6180555555555556 0.12421875 0.1361111111111111
9 0.56875 0.4444444444444444 0.0921875 0.1
9 0.568359375 0.4979166666666667 0.01796875 0.018055555555555554
9 0.573828125 0.5166666666666667 0.00859375 0.011111111111111112
9 0.53828125 0.5034722222222222 0.0078125 0.02638888888888889
9 0.455859375 0.49375 0.01171875 0.015277777777777777
2 0.05390625 0.5201388888888889 0.1046875 0.09027777777777778
2 0.007421875 0.5159722222222223 0.01484375 0.02638888888888889
3 0.187890625 0.5041666666666667 0.04453125 0.044444444444444446
9 0.25 0.4826388888888889 0.0171875 0.043055555555555555
9 0.26484375 0.4791666666666667 0.0125 0.03888888888888889
9 0.330078125 0.5097222222222222 0.00859375 0.013888888888888888
2 0.391015625 0.5159722222222223 0.02109375 0.02361111111111111
2 0.959765625 0.6402777777777777 0.07265625 0.1
