9 0.9375 0.4076388888888889 0.0375 0.02638888888888889
2 0.478125 0.5055555555555555 0.0109375 0.025
2 0.48671875 0.5097222222222222 0.0078125 0.019444444444444445
2 0.493359375 0.5125 0.01015625 0.027777777777777776
2 0.46640625 0.5048611111111111 0.0171875 0.03194444444444444
2 0.45 0.5159722222222223 0.021875 0.05416666666666667
2 0.59140625 0.5319444444444444 0.0296875 0.06944444444444445
2 0.661328125 0.5111111111111111 0.03203125 0.027777777777777776
2 0.096484375 0.5534722222222223 0.08828125 0.09861111111111111
2 0.25 0.5319444444444444 0.059375 0.06388888888888888
2 0.029296875 0.5444444444444444 0.05859375 0.15555555555555556
2 0.359375 0.5680555555555555 0.18125 0.26944444444444443
2 0.622265625 0.5451388888888888 0.06953125 0.09305555555555556
2 0.5359375 0.5041666666666667 0.0859375 0.18055555555555555
2 0.970703125 0.5375 0.05390625 0.07777777777777778
