8 0.446484375 0.09791666666666667 0.01171875 0.059722222222222225
8 0.431640625 0.09583333333333334 0.01328125 0.06388888888888888
8 0.45625 0.10416666666666667 0.0078125 0.05555555555555555
8 0.91796875 0.024305555555555556 0.0265625 0.04861111111111111
8 0.94921875 0.020833333333333332 0.01875 0.041666666666666664
8 0.963671875 0.024305555555555556 0.01171875 0.04861111111111111
8 0.89609375 0.36527777777777776 0.015625 0.027777777777777776
8 0.283203125 0.3125 0.01796875 0.025
8 0.878125 0.3659722222222222 0.0109375 0.02638888888888889
2 0.5546875 0.4534722222222222 0.0125 0.02638888888888889
2 0.56640625 0.4513888888888889 0.015625 0.025
2 0.5796875 0.44930555555555557 0.01875 0.029166666666666667
2 0.59765625 0.44513888888888886 0.021875 0.034722222222222224
2 0.60390625 0.4534722222222222 0.01875 0.034722222222222224
2 0.61875 0.4479166666666667 0.015625 0.04027777777777778
2 0.629296875 0.45 0.01328125 0.044444444444444446
2 0.66171875 0.4423611111111111 0.0515625 0.07916666666666666
2 0.22265625 0.4076388888888889 0.1296875 0.10138888888888889
2 0.080078125 0.40902777777777777 0.16015625 0.08472222222222223
2 0.4140625 0.41180555555555554 0.2734375 0.19305555555555556
9 0.285546875 0.21388888888888888 0.02890625 0.030555555555555555
