9 0.793359375 0.3347222222222222 0.05859375 0.05555555555555555
9 0.629296875 0.3611111111111111 0.02265625 0.03888888888888889
9 0.503515625 0.40902777777777777 0.01015625 0.020833333333333332
9 0.45859375 0.3972222222222222 0.015625 0.025
9 0.367578125 0.40625 0.01328125 0.02638888888888889
2 0.244140625 0.44166666666666665 0.01953125 0.025
2 0.219921875 0.44305555555555554 0.02890625 0.03333333333333333
2 0.194921875 0.4465277777777778 0.02421875 0.034722222222222224
2 0.16171875 0.4548611111111111 0.0421875 0.0375
2 0.295703125 0.4354166666666667 0.01171875 0.018055555555555554
2 0.33203125 0.43333333333333335 0.01875 0.027777777777777776
2 0.359375 0.4354166666666667 0.0078125 0.02361111111111111
2 0.3515625 0.44027777777777777 0.01875 0.027777777777777776
2 0.37421875 0.44027777777777777 0.0265625 0.06111111111111111
2 0.127734375 0.45555555555555555 0.01328125 0.03611111111111111
2 0.1171875 0.46041666666666664 0.01875 0.034722222222222224
2 0.096875 0.4652777777777778 0.0328125 0.05
2 0.064453125 0.4756944444444444 0.03984375 0.0375
2 0.025390625 0.4777777777777778 0.04296875 0.04722222222222222
2 0.282421875 0.43472222222222223 0.01484375 0.025
2 0.312890625 0.45 0.03046875 0.04722222222222222
2 0.4203125 0.46597222222222223 0.0734375 0.11805555555555555
2 0.538671875 0.42569444444444443 0.02890625 0.0375
3 0.341796875 0.41944444444444445 0.01953125 0.03333333333333333
