2 0.035546875 0.5611111111111111 0.07109375 0.2361111111111111
2 0.2359375 0.5444444444444444 0.3984375 0.41944444444444445
2 0.96640625 0.5305555555555556 0.0609375 0.06388888888888888
2 0.983203125 0.54375 0.02890625 0.09305555555555556
2 0.8578125 0.6409722222222223 0.278125 0.34305555555555556
2 0.673828125 0.5361111111111111 0.07109375 0.1
2 0.4328125 0.5444444444444444 0.065625 0.16111111111111112
2 0.5359375 0.5083333333333333 0.0265625 0.10555555555555556
2 0.553125 0.5159722222222223 0.01875 0.0763888888888889
2 0.56484375 0.5138888888888888 0.0109375 0.06111111111111111
2 0.576171875 0.5069444444444444 0.01640625 0.041666666666666664
2 0.711328125 0.5104166666666666 0.03203125 0.043055555555555555
2 0.72421875 0.5298611111111111 0.0328125 0.059722222222222225
2 0.74765625 0.5347222222222222 0.040625 0.06944444444444445
2 0.630859375 0.49930555555555556 0.01328125 0.018055555555555554
9 0.59140625 0.3215277777777778 0.028125 0.06527777777777778
8 0.548828125 0.4111111111111111 0.00546875 0.013888888888888888
8 0.635546875 0.4666666666666667 0.00390625 0.013888888888888888
8 0.707421875 0.44513888888888886 0.00703125 0.0125
8 0.629296875 0.47430555555555554 0.00390625 0.0125
