8 0.101953125 0.2798611111111111 0.01328125 0.0375
8 0.30390625 0.20208333333333334 0.0140625 0.04861111111111111
8 0.498046875 0.24722222222222223 0.01171875 0.05277777777777778
8 0.3265625 0.36527777777777776 0.00625 0.016666666666666666
8 0.341796875 0.36319444444444443 0.00703125 0.015277777777777777
8 0.390625 0.3423611111111111 0.00625 0.015277777777777777
8 0.288671875 0.19791666666666666 0.01015625 0.0375
8 0.531640625 0.15208333333333332 0.01640625 0.0763888888888889
8 0.56796875 0.30486111111111114 0.0234375 0.0375
9 0.562109375 0.22916666666666666 0.03515625 0.016666666666666666
9 0.095703125 0.24097222222222223 0.01640625 0.04027777777777778
9 0.501171875 0.2923611111111111 0.02265625 0.0125
8 0.3640625 0.3784722222222222 0.0078125 0.015277777777777777
2 0.346484375 0.3993055555555556 0.02578125 0.03194444444444444
2 0.412890625 0.3840277777777778 0.01640625 0.02638888888888889
3 0.445703125 0.36875 0.04453125 0.09305555555555556
2 0.015625 0.4826388888888889 0.03125 0.09027777777777778
9 0.097265625 0.30694444444444446 0.01796875 0.011111111111111112
8 0.0921875 0.37083333333333335 0.0140625 0.025
