9 0.514453125 0.3486111111111111 0.00859375 0.019444444444444445
8 0.27421875 0.34305555555555556 0.0109375 0.013888888888888888
8 0.25546875 0.34097222222222223 0.0109375 0.015277777777777777
2 0.38984375 0.39652777777777776 0.034375 0.0375
2 0.425390625 0.39861111111111114 0.02890625 0.027777777777777776
2 0.445703125 0.4013888888888889 0.01953125 0.025
2 0.472265625 0.4076388888888889 0.01953125 0.020833333333333332
2 0.4859375 0.4076388888888889 0.015625 0.029166666666666667
2 0.503515625 0.4027777777777778 0.03203125 0.05
2 0.5296875 0.40208333333333335 0.0390625 0.05416666666666667
2 0.564453125 0.3958333333333333 0.03984375 0.05555555555555555
2 0.585546875 0.40347222222222223 0.03984375 0.04861111111111111
2 0.608203125 0.4111111111111111 0.03359375 0.04722222222222222
2 0.63671875 0.4236111111111111 0.0359375 0.06944444444444445
2 0.664453125 0.4263888888888889 0.02890625 0.06111111111111111
2 0.701953125 0.42986111111111114 0.06953125 0.07083333333333333
2 0.764453125 0.43819444444444444 0.06484375 0.05694444444444444
2 0.85625 0.4465277777777778 0.084375 0.0763888888888889
2 0.21875 0.425 0.0265625 0.03888888888888889
2 0.1890625 0.4270833333333333 0.025 0.04027777777777778
2 0.13359375 0.4263888888888889 0.0828125 0.08611111111111111
