2 0.40234375 0.5069444444444444 0.015625 0.030555555555555555
2 0.390625 0.5083333333333333 0.025 0.03888888888888889
2 0.441015625 0.5104166666666666 0.01171875 0.034722222222222224
2 0.4484375 0.5125 0.015625 0.03611111111111111
2 0.45859375 0.5152777777777777 0.021875 0.05555555555555555
2 0.475 0.5201388888888889 0.0328125 0.07083333333333333
2 0.359375 0.51875 0.0453125 0.06527777777777778
2 0.514453125 0.5465277777777777 0.07890625 0.10416666666666667
2 0.323046875 0.5388888888888889 0.06328125 0.07222222222222222
2 0.103515625 0.6680555555555555 0.20703125 0.38333333333333336
2 0.80390625 0.6194444444444445 0.390625 0.5277777777777778
8 0.4359375 0.4652777777777778 0.0109375 0.027777777777777776
8 0.42578125 0.4673611111111111 0.009375 0.02638888888888889
