2 0.461328125 0.5006944444444444 0.02578125 0.029166666666666667
3 0.425 0.49444444444444446 0.0453125 0.07777777777777778
2 0.4078125 0.5180555555555556 0.0328125 0.05555555555555555
2 0.373828125 0.5243055555555556 0.05859375 0.07361111111111111
2 0.29765625 0.5402777777777777 0.1078125 0.125
2 0.0453125 0.6444444444444445 0.0890625 0.18055555555555555
2 0.565625 0.40625 0.059375 0.018055555555555554
2 0.58671875 0.61875 0.29375 0.41805555555555557
9 0.462109375 0.44027777777777777 0.01953125 0.008333333333333333
8 0.487890625 0.4270833333333333 0.00546875 0.018055555555555554
