2 0.77890625 0.59375 0.4375 0.3902777777777778
2 0.300390625 0.5930555555555556 0.31015625 0.4027777777777778
2 0.491015625 0.5083333333333333 0.13671875 0.21388888888888888
2 0.169921875 0.4791666666666667 0.07421875 0.09722222222222222
2 0.424609375 0.45902777777777776 0.02265625 0.043055555555555555
2 0.136328125 0.48125 0.02109375 0.0625
9 0.10078125 0.25416666666666665 0.0453125 0.08055555555555556
8 0.24453125 0.34444444444444444 0.0125 0.041666666666666664
9 0.3546875 0.35625 0.009375 0.04027777777777778
9 0.154296875 0.42986111111111114 0.00703125 0.034722222222222224
