9 0.221484375 0.37916666666666665 0.08203125 0.03611111111111111
9 0.823046875 0.5166666666666667 0.05859375 0.03333333333333333
2 0.662890625 0.6333333333333333 0.01484375 0.022222222222222223
2 0.6703125 0.6715277777777777 0.025 0.043055555555555555
2 0.653125 0.6694444444444444 0.0203125 0.03333333333333333
2 0.635546875 0.6673611111111111 0.02265625 0.0375
2 0.6046875 0.6819444444444445 0.0484375 0.05
2 0.539453125 0.6944444444444444 0.07421875 0.08888888888888889
2 0.475 0.6916666666666667 0.0421875 0.06111111111111111
2 0.433203125 0.69375 0.05859375 0.07916666666666666
2 0.34140625 0.6951388888888889 0.1328125 0.09861111111111111
2 0.14140625 0.6902777777777778 0.1328125 0.08888888888888889
2 0.049609375 0.6868055555555556 0.09921875 0.14027777777777778
2 0.73359375 0.69375 0.0390625 0.05416666666666667
2 0.69609375 0.6958333333333333 0.046875 0.06111111111111111
2 0.841015625 0.7597222222222222 0.19765625 0.25277777777777777
9 0.04921875 0.36736111111111114 0.0296875 0.04583333333333333
8 0.029296875 0.5604166666666667 0.01796875 0.04027777777777778
8 0.3609375 0.6208333333333333 0.009375 0.025
8 0.336328125 0.37083333333333335 0.01796875 0.06666666666666667
8 0.769921875 0.4909722222222222 0.01484375 0.05138888888888889
8 0.689453125 0.6208333333333333 0.00859375 0.016666666666666666
8 0.58671875 0.6138888888888889 0.009375 0.016666666666666666
8 0.355078125 0.3701388888888889 0.01953125 0.06805555555555555
8 0.787109375 0.49027777777777776 0.01796875 0.05277777777777778
8 0.348828125 0.6215277777777778 0.01484375 0.02638888888888889
8 0.8765625 0.6236111111111111 0.0140625 0.027777777777777776
