2 0.66953125 0.5291666666666667 0.090625 0.1
2 0.634765625 0.5166666666666667 0.04609375 0.09444444444444444
2 0.6109375 0.5215277777777778 0.0140625 0.043055555555555555
2 0.606640625 0.5131944444444444 0.02421875 0.04583333333333333
2 0.593359375 0.5118055555555555 0.01015625 0.029166666666666667
2 0.58828125 0.50625 0.009375 0.02361111111111111
2 0.580859375 0.5097222222222222 0.01171875 0.011111111111111112
2 0.57265625 0.50625 0.009375 0.0125
2 0.316015625 0.5847222222222223 0.11640625 0.1388888888888889
2 0.3859375 0.5618055555555556 0.0515625 0.08472222222222223
2 0.42578125 0.5534722222222223 0.040625 0.0625
2 0.444140625 0.5409722222222222 0.03515625 0.05416666666666667
2 0.4734375 0.5361111111111111 0.0234375 0.05
2 0.49609375 0.5270833333333333 0.0203125 0.04027777777777778
2 0.512890625 0.5201388888888889 0.01640625 0.03194444444444444
2 0.530078125 0.5243055555555556 0.01796875 0.02361111111111111
2 0.545703125 0.5104166666666666 0.01171875 0.018055555555555554
2 0.55625 0.5069444444444444 0.00625 0.016666666666666666
