8 0.5984375 0.3486111111111111 0.0140625 0.058333333333333334
8 0.366015625 0.46875 0.01015625 0.029166666666666667
8 0.0671875 0.4666666666666667 0.0375 0.05277777777777778
8 0.0203125 0.4701388888888889 0.0375 0.059722222222222225
8 0.525390625 0.5388888888888889 0.00703125 0.016666666666666666
8 0.50546875 0.5541666666666667 0.0046875 0.013888888888888888
8 0.47265625 0.55 0.0078125 0.019444444444444445
2 0.43203125 0.5847222222222223 0.015625 0.016666666666666666
2 0.435546875 0.6125 0.02421875 0.044444444444444446
3 0.46796875 0.6069444444444444 0.0390625 0.08055555555555556
2 0.325390625 0.6263888888888889 0.02890625 0.05
2 0.282421875 0.6479166666666667 0.07109375 0.05694444444444444
2 0.246875 0.6305555555555555 0.0375 0.041666666666666664
8 0.834375 0.5152777777777777 0.015625 0.03611111111111111
8 0.76796875 0.44305555555555554 0.0125 0.05
9 0.7875 0.4791666666666667 0.03125 0.022222222222222223
9 0.796875 0.3888888888888889 0.0265625 0.016666666666666666
9 0.4375 0.5243055555555556 0.0140625 0.0375
9 0.366015625 0.49444444444444446 0.01796875 0.027777777777777776
9 0.367578125 0.5208333333333334 0.02109375 0.016666666666666666
8 0.56328125 0.5701388888888889 0.00625 0.020833333333333332
2 0.5828125 0.6194444444444445 0.0390625 0.06666666666666667
2 0.60703125 0.5993055555555555 0.0171875 0.04027777777777778
2 0.6265625 0.5972222222222222 0.0375 0.058333333333333334
2 0.681640625 0.6590277777777778 0.13828125 0.1763888888888889
2 0.51953125 0.6701388888888888 0.1140625 0.1875
2 0.38515625 0.6722222222222223 0.125 0.16666666666666666
2 0.112109375 0.66875 0.09921875 0.09583333333333334
2 0.023828125 0.6729166666666667 0.04609375 0.10416666666666667
8 0.58125 0.34930555555555554 0.0140625 0.0625
9 0.05859375 0.2972222222222222 0.06875 0.044444444444444446
