9 0.075 0.18333333333333332 0.0578125 0.03611111111111111
9 0.40625 0.24930555555555556 0.021875 0.043055555555555555
9 0.375390625 0.3416666666666667 0.01484375 0.025
9 0.37578125 0.3638888888888889 0.0140625 0.019444444444444445
9 0.29375 0.3194444444444444 0.0234375 0.022222222222222223
2 0.100390625 0.5333333333333333 0.20078125 0.20833333333333334
8 0.71484375 0.22291666666666668 0.0203125 0.06527777777777778
2 0.42890625 0.41041666666666665 0.021875 0.03194444444444444
2 0.38984375 0.41458333333333336 0.021875 0.03194444444444444
2 0.40234375 0.4125 0.0140625 0.022222222222222223
2 0.455078125 0.4027777777777778 0.01484375 0.025
2 0.491015625 0.4027777777777778 0.01328125 0.019444444444444445
2 0.471875 0.39166666666666666 0.0265625 0.03333333333333333
2 0.473828125 0.4236111111111111 0.04765625 0.06666666666666667
2 0.683984375 0.43194444444444446 0.04296875 0.06944444444444445
2 0.57578125 0.5145833333333333 0.196875 0.27361111111111114
2 0.7984375 0.4527777777777778 0.259375 0.3388888888888889
2 0.93984375 0.4618055555555556 0.065625 0.14583333333333334
8 0.482421875 0.2513888888888889 0.01796875 0.03611111111111111
