9 0.372265625 0.3680555555555556 0.01484375 0.05
9 0.398046875 0.3659722222222222 0.00703125 0.015277777777777777
9 0.41015625 0.3715277777777778 0.009375 0.015277777777777777
9 0.507421875 0.3576388888888889 0.01640625 0.03194444444444444
9 0.502734375 0.39861111111111114 0.00859375 0.013888888888888888
9 0.5 0.3645833333333333 0.009375 0.015277777777777777
8 0.43203125 0.38472222222222224 0.00625 0.016666666666666666
9 0.4859375 0.37777777777777777 0.0078125 0.022222222222222223
9 0.2828125 0.4083333333333333 0.021875 0.03333333333333333
9 0.28125 0.2875 0.0421875 0.14444444444444443
9 0.474609375 0.40625 0.01328125 0.015277777777777777
2 0.4265625 0.4 0.0109375 0.016666666666666666
2 0.398828125 0.4013888888888889 0.01484375 0.025
2 0.384375 0.4097222222222222 0.01875 0.019444444444444445
2 0.3640625 0.41041666666666665 0.0203125 0.02361111111111111
2 0.41015625 0.40625 0.01875 0.02638888888888889
2 0.4421875 0.40902777777777777 0.0140625 0.015277777777777777
2 0.428515625 0.4270833333333333 0.01796875 0.0375
2 0.457421875 0.4375 0.04140625 0.058333333333333334
2 0.76015625 0.4722222222222222 0.2046875 0.12222222222222222
2 0.089453125 0.5368055555555555 0.17890625 0.41805555555555557
2 0.5625 0.5166666666666667 0.1828125 0.225
9 0.283984375 0.44027777777777777 0.02578125 0.03611111111111111
