8 0.346484375 0.32430555555555557 0.00859375 0.0375
8 0.562109375 0.3194444444444444 0.00703125 0.027777777777777776
8 0.20546875 0.43194444444444446 0.009375 0.022222222222222223
8 0.052734375 0.4326388888888889 0.01328125 0.020833333333333332
8 0.194921875 0.43194444444444446 0.00703125 0.019444444444444445
8 0.862890625 0.35833333333333334 0.01484375 0.03333333333333333
8 0.71171875 0.4111111111111111 0.009375 0.019444444444444445
8 0.703515625 0.4125 0.01015625 0.019444444444444445
9 0.196484375 0.40069444444444446 0.01796875 0.0125
9 0.18984375 0.3770833333333333 0.0171875 0.0125
9 0.266015625 0.3402777777777778 0.03984375 0.019444444444444445
9 0.569140625 0.3840277777777778 0.03828125 0.02638888888888889
9 0.635546875 0.32916666666666666 0.02578125 0.025
9 0.834765625 0.28680555555555554 0.01796875 0.02361111111111111
9 0.646484375 0.41805555555555557 0.01015625 0.022222222222222223
9 0.633984375 0.42083333333333334 0.01171875 0.027777777777777776
9 0.598046875 0.4166666666666667 0.01171875 0.011111111111111112
9 0.5703125 0.44513888888888886 0.009375 0.015277777777777777
2 0.4953125 0.47291666666666665 0.0109375 0.02361111111111111
2 0.481640625 0.4791666666666667 0.02421875 0.03611111111111111
2 0.4640625 0.47291666666666665 0.0125 0.03194444444444444
2 0.456640625 0.4888888888888889 0.02265625 0.04722222222222222
2 0.57265625 0.4736111111111111 0.009375 0.030555555555555555
2 0.609765625 0.46805555555555556 0.02109375 0.027777777777777776
2 0.666015625 0.4708333333333333 0.01953125 0.027777777777777776
2 0.744140625 0.48541666666666666 0.05078125 0.05416666666666667
2 0.76328125 0.4756944444444444 0.040625 0.04583333333333333
2 0.821875 0.4847222222222222 0.071875 0.075
2 0.859375 0.4826388888888889 0.059375 0.07916666666666666
2 0.63359375 0.4847222222222222 0.0453125 0.06388888888888888
2 0.68984375 0.5013888888888889 0.0671875 0.08055555555555556
2 0.535546875 0.4895833333333333 0.07421875 0.12916666666666668
3 0.396484375 0.44930555555555557 0.11484375 0.2152777777777778
2 0.92109375 0.5319444444444444 0.1546875 0.2361111111111111
8 0.83203125 0.3638888888888889 0.0109375 0.03888888888888889
