8 0.66015625 0.31805555555555554 0.015625 0.044444444444444446
8 0.6421875 0.35694444444444445 0.009375 0.027777777777777776
2 0.46171875 0.5270833333333333 0.265625 0.18472222222222223
2 0.955078125 0.5118055555555555 0.08671875 0.09861111111111111
2 0.375390625 0.4826388888888889 0.01171875 0.018055555555555554
2 0.366015625 0.48194444444444445 0.01171875 0.019444444444444445
2 0.356640625 0.4826388888888889 0.01640625 0.020833333333333332
2 0.346484375 0.48194444444444445 0.00859375 0.022222222222222223
3 0.31328125 0.46944444444444444 0.040625 0.07222222222222222
2 0.3375 0.48055555555555557 0.015625 0.025
2 0.281640625 0.4930555555555556 0.03046875 0.03333333333333333
2 0.2546875 0.5 0.03125 0.03888888888888889
2 0.223828125 0.5041666666666667 0.04140625 0.041666666666666664
2 0.196875 0.5041666666666667 0.0296875 0.041666666666666664
2 0.15546875 0.5097222222222222 0.059375 0.044444444444444446
9 0.646484375 0.23541666666666666 0.06015625 0.0375
9 0.039453125 0.25833333333333336 0.03359375 0.041666666666666664
9 0.037109375 0.2222222222222222 0.06640625 0.041666666666666664
