8 0.39609375 0.3590277777777778 0.0125 0.05138888888888889
8 0.386328125 0.3576388888888889 0.01171875 0.05416666666666667
8 0.4109375 0.3548611111111111 0.0171875 0.0375
8 0.514453125 0.48125 0.01796875 0.020833333333333332
8 0.74296875 0.3701388888888889 0.0484375 0.05694444444444444
9 0.371484375 0.4125 0.03046875 0.027777777777777776
9 0.26796875 0.4152777777777778 0.03125 0.03333333333333333
9 0.372265625 0.4576388888888889 0.03671875 0.05694444444444444
9 0.26875 0.4673611111111111 0.0375 0.05694444444444444
9 0.270703125 0.5354166666666667 0.01171875 0.05416666666666667
9 0.269921875 0.5861111111111111 0.01015625 0.016666666666666666
9 0.27109375 0.6055555555555555 0.0109375 0.019444444444444445
9 0.46640625 0.41180555555555554 0.025 0.02361111111111111
9 0.467578125 0.44930555555555557 0.02109375 0.04583333333333333
9 0.509375 0.4166666666666667 0.0203125 0.011111111111111112
9 0.498828125 0.44513888888888886 0.02421875 0.018055555555555554
2 0.284765625 0.58125 0.03984375 0.05138888888888889
2 0.264453125 0.5722222222222222 0.01015625 0.019444444444444445
2 0.248828125 0.5840277777777778 0.02890625 0.05138888888888889
2 0.178125 0.5847222222222223 0.021875 0.022222222222222223
2 0.160546875 0.5986111111111111 0.03515625 0.058333333333333334
2 0.3515625 0.5708333333333333 0.028125 0.06111111111111111
2 0.36328125 0.5722222222222222 0.025 0.05555555555555555
8 0.209765625 0.51875 0.01015625 0.020833333333333332
9 0.71796875 0.45694444444444443 0.0546875 0.08333333333333333
9 0.841015625 0.4166666666666667 0.01640625 0.022222222222222223
9 0.706640625 0.08263888888888889 0.06953125 0.11805555555555555
2 0.731640625 0.6770833333333334 0.28671875 0.29305555555555557
2 0.210546875 0.5944444444444444 0.06171875 0.08055555555555556
2 0.0828125 0.6805555555555556 0.165625 0.48333333333333334
2 0.9265625 0.7520833333333333 0.1453125 0.48194444444444445
2 0.453515625 0.7451388888888889 0.31484375 0.39861111111111114
