8 0.217578125 0.3541666666666667 0.01171875 0.041666666666666664
8 0.029296875 0.42083333333333334 0.01015625 0.03611111111111111
8 0.025 0.4583333333333333 0.0125 0.022222222222222223
8 0.44296875 0.33055555555555555 0.0046875 0.03888888888888889
8 0.56171875 0.45625 0.0125 0.018055555555555554
8 0.4359375 0.3326388888888889 0.0078125 0.034722222222222224
9 0.123828125 0.3527777777777778 0.04765625 0.027777777777777776
9 0.490625 0.34652777777777777 0.0203125 0.0375
9 0.547265625 0.4041666666666667 0.01640625 0.013888888888888888
8 0.33359375 0.46111111111111114 0.0109375 0.016666666666666666
2 0.371484375 0.5138888888888888 0.02265625 0.030555555555555555
2 0.263671875 0.5138888888888888 0.02265625 0.03888888888888889
2 0.239453125 0.5131944444444444 0.04453125 0.05416666666666667
2 0.1765625 0.5333333333333333 0.125 0.11944444444444445
2 0.31953125 0.5298611111111111 0.0890625 0.11805555555555555
2 0.544140625 0.5270833333333333 0.03828125 0.09305555555555556
2 0.4671875 0.5576388888888889 0.1578125 0.2625
2 0.655078125 0.5645833333333333 0.15703125 0.16805555555555557
9 0.771484375 0.28680555555555554 0.03359375 0.0625
9 0.772265625 0.3423611111111111 0.02734375 0.0375
8 0.645703125 0.22569444444444445 0.01484375 0.059722222222222225
9 0.660546875 0.26805555555555555 0.03359375 0.019444444444444445
