9 0.628125 0.2951388888888889 0.0390625 0.08472222222222223
9 0.63671875 0.3590277777777778 0.021875 0.0375
9 0.541796875 0.3923611111111111 0.01953125 0.043055555555555555
9 0.48359375 0.4375 0.009375 0.016666666666666666
9 0.379296875 0.4388888888888889 0.00859375 0.019444444444444445
2 0.47109375 0.4756944444444444 0.028125 0.05138888888888889
2 0.479296875 0.4888888888888889 0.03359375 0.04722222222222222
2 0.422265625 0.48194444444444445 0.00859375 0.016666666666666666
2 0.41015625 0.47708333333333336 0.015625 0.020833333333333332
2 0.377734375 0.475 0.02109375 0.044444444444444446
2 0.351953125 0.47708333333333336 0.03984375 0.06805555555555555
2 0.31796875 0.4888888888888889 0.059375 0.06666666666666667
2 0.265234375 0.5027777777777778 0.06015625 0.10277777777777777
2 0.1828125 0.5145833333333333 0.14375 0.1375
2 0.006640625 0.5659722222222222 0.01328125 0.15694444444444444
2 0.54140625 0.5215277777777778 0.1265625 0.19583333333333333
