2 0.947265625 0.46319444444444446 0.10234375 0.1125
2 0.49140625 0.42430555555555555 0.0453125 0.05416666666666667
2 0.2625 0.4340277777777778 0.0796875 0.08194444444444444
2 0.31796875 0.4284722222222222 0.034375 0.06527777777777778
2 0.35546875 0.425 0.040625 0.044444444444444446
2 0.3859375 0.4201388888888889 0.0234375 0.043055555555555555
2 0.53984375 0.41944444444444445 0.04375 0.041666666666666664
9 0.075 0.31527777777777777 0.078125 0.1527777777777778
8 0.71015625 0.15486111111111112 0.0234375 0.10416666666666667
8 0.68671875 0.15 0.0203125 0.1
9 0.766015625 0.19583333333333333 0.08046875 0.027777777777777776
9 0.821875 0.21180555555555555 0.028125 0.015277777777777777
9 0.83828125 0.2513888888888889 0.034375 0.016666666666666666
9 0.81796875 0.28680555555555554 0.028125 0.043055555555555555
8 0.868359375 0.3625 0.01796875 0.03888888888888889
8 0.901953125 0.034027777777777775 0.02421875 0.0625
8 0.930078125 0.04236111111111111 0.03046875 0.08472222222222223
