8 0.430078125 0.3784722222222222 0.01640625 0.04861111111111111
8 0.41484375 0.3798611111111111 0.009375 0.04583333333333333
8 0.757421875 0.4576388888888889 0.02109375 0.04583333333333333
8 0.2828125 0.4951388888888889 0.0109375 0.02361111111111111
9 0.76328125 0.5388888888888889 0.021875 0.03888888888888889
9 0.367578125 0.40069444444444446 0.02734375 0.043055555555555555
9 0.06640625 0.21875 0.078125 0.14027777777777778
2 0.115625 0.6909722222222222 0.23125 0.6041666666666666
2 0.565625 0.6361111111111111 0.3109375 0.475
9 0.965234375 0.7138888888888889 0.01796875 0.044444444444444446
2 0.429296875 0.61875 0.06796875 0.18194444444444444
9 0.9890625 0.49166666666666664 0.01875 0.03333333333333333
