9 0.348828125 0.4409722222222222 0.01796875 0.020833333333333332
9 0.711328125 0.32708333333333334 0.01328125 0.08194444444444444
2 0.4640625 0.4409722222222222 0.0078125 0.018055555555555554
2 0.347265625 0.48194444444444445 0.01328125 0.03611111111111111
2 0.3109375 0.5104166666666666 0.0859375 0.11805555555555555
2 0.412109375 0.5319444444444444 0.12890625 0.23055555555555557
9 0.71953125 0.32569444444444445 0.0125 0.08472222222222223
9 0.48671875 0.43819444444444444 0.00625 0.015277777777777777
9 0.458984375 0.3909722222222222 0.00546875 0.020833333333333332
9 0.458203125 0.35347222222222224 0.00703125 0.0125
3 0.0765625 0.47638888888888886 0.1234375 0.05
