2 0.078125 0.5597222222222222 0.15625 0.39444444444444443
2 0.934765625 0.66875 0.12890625 0.38472222222222224
2 0.213671875 0.5256944444444445 0.12578125 0.13194444444444445
2 0.269921875 0.4986111111111111 0.07109375 0.10833333333333334
2 0.308203125 0.4895833333333333 0.02578125 0.07083333333333333
2 0.31953125 0.48680555555555555 0.0203125 0.059722222222222225
2 0.33046875 0.48194444444444445 0.015625 0.041666666666666664
2 0.33828125 0.4756944444444444 0.0109375 0.04027777777777778
2 0.34453125 0.4756944444444444 0.0125 0.03194444444444444
2 0.351171875 0.4756944444444444 0.01171875 0.029166666666666667
2 0.401171875 0.4701388888888889 0.01796875 0.029166666666666667
2 0.421484375 0.47430555555555554 0.02734375 0.043055555555555555
2 0.433203125 0.47291666666666665 0.01484375 0.043055555555555555
2 0.440234375 0.47430555555555554 0.01171875 0.05694444444444444
2 0.456640625 0.4777777777777778 0.02734375 0.08055555555555556
2 0.619921875 0.4875 0.17265625 0.25
2 0.8046875 0.5611111111111111 0.3578125 0.33055555555555555
2 0.48984375 0.48541666666666666 0.06875 0.09027777777777778
2 0.38671875 0.47152777777777777 0.009375 0.015277777777777777
2 0.361328125 0.4708333333333333 0.01171875 0.016666666666666666
8 0.353515625 0.4263888888888889 0.00390625 0.013888888888888888
9 0.653515625 0.30486111111111114 0.02109375 0.034722222222222224
