9 0.557421875 0.3611111111111111 0.01953125 0.008333333333333333
9 0.583203125 0.38125 0.00859375 0.006944444444444444
9 0.5828125 0.3909722222222222 0.0078125 0.0125
8 0.537890625 0.3597222222222222 0.00390625 0.016666666666666666
2 0.509375 0.4701388888888889 0.0703125 0.09027777777777778
2 0.079296875 0.5048611111111111 0.15859375 0.13194444444444445
2 0.171875 0.47291666666666665 0.05 0.07083333333333333
2 0.2359375 0.4701388888888889 0.0609375 0.0763888888888889
2 0.287109375 0.46319444444444446 0.04453125 0.04861111111111111
2 0.3171875 0.46041666666666664 0.0234375 0.04861111111111111
2 0.3421875 0.4576388888888889 0.025 0.04583333333333333
2 0.36328125 0.4527777777777778 0.021875 0.03611111111111111
2 0.379296875 0.4576388888888889 0.02109375 0.03194444444444444
2 0.9171875 0.5680555555555555 0.1625 0.3416666666666667
2 0.79765625 0.48194444444444445 0.1890625 0.20833333333333334
2 0.698046875 0.4756944444444444 0.08671875 0.13194444444444445
2 0.651171875 0.46597222222222223 0.04140625 0.08472222222222223
2 0.625390625 0.46319444444444446 0.04296875 0.06805555555555555
2 0.60546875 0.4576388888888889 0.0265625 0.05416666666666667
2 0.60234375 0.4479166666666667 0.0390625 0.0625
2 0.580859375 0.4486111111111111 0.01953125 0.04722222222222222
2 0.55859375 0.44027777777777777 0.0203125 0.030555555555555555
