8 0.424609375 0.3125 0.01015625 0.04722222222222222
8 0.4328125 0.31527777777777777 0.0125 0.041666666666666664
8 0.19921875 0.2590277777777778 0.0171875 0.07083333333333333
8 0.168359375 0.39375 0.01640625 0.034722222222222224
8 0.79609375 0.35 0.0203125 0.044444444444444446
9 0.503125 0.36944444444444446 0.0109375 0.013888888888888888
9 0.521875 0.3680555555555556 0.0109375 0.016666666666666666
9 0.46875 0.3729166666666667 0.0109375 0.018055555555555554
9 0.4390625 0.35347222222222224 0.0140625 0.020833333333333332
9 0.43046875 0.3763888888888889 0.0109375 0.019444444444444445
9 0.398828125 0.3548611111111111 0.01484375 0.02361111111111111
9 0.773828125 0.11319444444444444 0.03828125 0.05694444444444444
9 0.76796875 0.1673611111111111 0.01875 0.06805555555555555
9 0.780078125 0.19652777777777777 0.01640625 0.029166666666666667
9 0.77265625 0.24791666666666667 0.0234375 0.043055555555555555
9 0.80078125 0.2388888888888889 0.01875 0.03888888888888889
9 0.778515625 0.3215277777777778 0.03671875 0.10416666666666667
9 0.30234375 0.3861111111111111 0.025 0.03333333333333333
9 0.19140625 0.35138888888888886 0.0109375 0.03611111111111111
9 0.1921875 0.3951388888888889 0.03125 0.04583333333333333
2 0.456640625 0.46041666666666664 0.01640625 0.03194444444444444
2 0.398828125 0.4722222222222222 0.02578125 0.03611111111111111
2 0.4796875 0.4673611111111111 0.0328125 0.05138888888888889
2 0.433984375 0.48125 0.04765625 0.07361111111111111
2 0.37421875 0.4895833333333333 0.0421875 0.059722222222222225
2 0.30703125 0.5097222222222222 0.09375 0.11666666666666667
2 0.805078125 0.48819444444444443 0.23515625 0.20416666666666666
2 0.244921875 0.49930555555555556 0.04296875 0.059722222222222225
2 0.1875 0.4979166666666667 0.046875 0.05416666666666667
2 0.14609375 0.49930555555555556 0.0640625 0.059722222222222225
2 0.0703125 0.5076388888888889 0.0875 0.06805555555555555
9 0.101953125 0.3888888888888889 0.02421875 0.04722222222222222
