9 0.09375 0.2548611111111111 0.028125 0.043055555555555555
9 0.09453125 0.30277777777777776 0.0265625 0.05277777777777778
9 0.2421875 0.38333333333333336 0.0109375 0.027777777777777776
9 0.449609375 0.30277777777777776 0.03671875 0.06388888888888888
9 0.371484375 0.36875 0.01484375 0.04861111111111111
9 0.958984375 0.26666666666666666 0.04453125 0.06388888888888888
9 0.955859375 0.32708333333333334 0.03671875 0.05416666666666667
9 0.377734375 0.4166666666666667 0.01015625 0.013888888888888888
1 0.218359375 0.4340277777777778 0.02109375 0.04583333333333333
2 0.269140625 0.4423611111111111 0.02578125 0.04583333333333333
