8 0.425390625 0.40902777777777777 0.01796875 0.05694444444444444
9 0.463671875 0.4965277777777778 0.01640625 0.043055555555555555
9 0.4828125 0.5041666666666667 0.0171875 0.03888888888888889
8 0.479296875 0.54375 0.01484375 0.03194444444444444
9 0.494921875 0.55 0.02421875 0.030555555555555555
2 0.48125 0.6458333333333334 0.0390625 0.11944444444444445
4 0.67421875 0.6611111111111111 0.0765625 0.075
9 0.640234375 0.6243055555555556 0.01640625 0.02638888888888889
1 0.841015625 0.7361111111111112 0.03359375 0.05
8 0.798828125 0.6458333333333334 0.01171875 0.03333333333333333
2 0.275 0.6673611111111111 0.390625 0.6319444444444444
2 0.9265625 0.8395833333333333 0.08125 0.0875
