2 0.0546875 0.5298611111111111 0.10625 0.27361111111111114
2 0.119140625 0.47708333333333336 0.18984375 0.2152777777777778
3 0.277734375 0.44027777777777777 0.09921875 0.12222222222222222
2 0.681640625 0.5506944444444445 0.18984375 0.19305555555555556
2 0.5875 0.4895833333333333 0.13125 0.1597222222222222
2 0.540625 0.4652777777777778 0.09375 0.12222222222222222
2 0.49140625 0.45902777777777776 0.0375 0.09861111111111111
2 0.468359375 0.46041666666666664 0.02265625 0.04583333333333333
2 0.453125 0.45069444444444445 0.009375 0.02361111111111111
2 0.43984375 0.44583333333333336 0.009375 0.019444444444444445
2 0.43203125 0.44305555555555554 0.0046875 0.019444444444444445
2 0.3609375 0.44583333333333336 0.021875 0.027777777777777776
2 0.38515625 0.4409722222222222 0.0125 0.015277777777777777
2 0.426171875 0.4388888888888889 0.00703125 0.011111111111111112
