9 0.22421875 0.44930555555555557 0.0203125 0.029166666666666667
9 0.54921875 0.3840277777777778 0.025 0.02361111111111111
9 0.54921875 0.4097222222222222 0.0140625 0.027777777777777776
9 0.54609375 0.43333333333333335 0.009375 0.019444444444444445
8 0.356640625 0.4375 0.00546875 0.016666666666666666
2 0.267578125 0.48125 0.01796875 0.05138888888888889
2 0.33984375 0.4798611111111111 0.0203125 0.029166666666666667
9 0.331640625 0.4409722222222222 0.01640625 0.0125
2 0.305078125 0.4777777777777778 0.07890625 0.11388888888888889
2 0.382421875 0.47291666666666665 0.02890625 0.04583333333333333
2 0.4578125 0.4826388888888889 0.0828125 0.13194444444444445
