2 0.409375 0.38055555555555554 0.0109375 0.016666666666666666
2 0.40234375 0.3819444444444444 0.009375 0.019444444444444445
2 0.393359375 0.37569444444444444 0.01015625 0.020833333333333332
2 0.383984375 0.38055555555555554 0.01328125 0.016666666666666666
2 0.3734375 0.38263888888888886 0.0078125 0.020833333333333332
2 0.36640625 0.38680555555555557 0.009375 0.02361111111111111
2 0.35703125 0.38680555555555557 0.009375 0.02361111111111111
2 0.33359375 0.39791666666666664 0.0125 0.02361111111111111
2 0.320703125 0.3972222222222222 0.01328125 0.030555555555555555
2 0.3078125 0.40208333333333335 0.015625 0.034722222222222224
2 0.287890625 0.4048611111111111 0.03203125 0.0375
2 0.352734375 0.3909722222222222 0.01171875 0.02638888888888889
2 0.252734375 0.41388888888888886 0.03359375 0.044444444444444446
2 0.174609375 0.43333333333333335 0.05234375 0.06666666666666667
2 0.151171875 0.41805555555555557 0.02421875 0.04722222222222222
3 0.095703125 0.40625 0.09765625 0.06805555555555555
2 0.470703125 0.45416666666666666 0.14921875 0.23055555555555557
2 0.675390625 0.6055555555555555 0.03828125 0.002777777777777778
2 0.055078125 0.4354166666666667 0.09765625 0.04861111111111111
2 0.537109375 0.3729166666666667 0.02890625 0.02361111111111111
2 0.5421875 0.42986111111111114 0.034375 0.09861111111111111
2 0.6078125 0.4305555555555556 0.1171875 0.1527777777777778
2 0.6765625 0.37916666666666665 0.115625 0.12777777777777777
2 0.781640625 0.41041666666666665 0.19609375 0.22916666666666666
3 0.941015625 0.3111111111111111 0.11796875 0.5611111111111111
9 0.48046875 0.26805555555555555 0.0109375 0.016666666666666666
