8 0.488671875 0.050694444444444445 0.02421875 0.09583333333333334
8 0.822265625 0.01597222222222222 0.02421875 0.03194444444444444
8 0.75703125 0.35 0.01875 0.025
9 0.665625 0.3763888888888889 0.01875 0.030555555555555555
9 0.596875 0.41944444444444445 0.0078125 0.016666666666666666
9 0.600390625 0.4076388888888889 0.01015625 0.009722222222222222
8 0.087890625 0.4534722222222222 0.01484375 0.02638888888888889
8 0.0734375 0.40625 0.01875 0.05416666666666667
2 0.582421875 0.45208333333333334 0.01328125 0.029166666666666667
2 0.5953125 0.4548611111111111 0.028125 0.034722222222222224
2 0.612109375 0.46111111111111114 0.02734375 0.06388888888888888
2 0.46953125 0.4777777777777778 0.0203125 0.03611111111111111
2 0.448828125 0.4840277777777778 0.02578125 0.04027777777777778
2 0.425390625 0.49027777777777776 0.03515625 0.05555555555555555
2 0.403125 0.4986111111111111 0.0375 0.05277777777777778
2 0.504296875 0.4527777777777778 0.01484375 0.013888888888888888
2 0.494140625 0.4652777777777778 0.01328125 0.022222222222222223
2 0.371484375 0.5173611111111112 0.05859375 0.07083333333333333
2 0.640625 0.46319444444444446 0.0515625 0.0625
2 0.9796875 0.45 0.0375 0.08055555555555556
8 0.659375 0.03680555555555556 0.028125 0.07083333333333333
