2 0.357421875 0.3861111111111111 0.01796875 0.016666666666666666
2 0.380078125 0.3909722222222222 0.01953125 0.02361111111111111
2 0.4015625 0.3854166666666667 0.01875 0.020833333333333332
2 0.3140625 0.39444444444444443 0.01875 0.03333333333333333
2 0.27734375 0.3888888888888889 0.053125 0.06388888888888888
2 0.214453125 0.4041666666666667 0.08828125 0.11666666666666667
2 0.11875 0.4201388888888889 0.1265625 0.1625
2 0.0515625 0.44305555555555554 0.103125 0.2361111111111111
2 0.42265625 0.38472222222222224 0.015625 0.022222222222222223
2 0.4359375 0.3861111111111111 0.0125 0.030555555555555555
2 0.453125 0.3909722222222222 0.028125 0.04583333333333333
2 0.47421875 0.4041666666666667 0.0484375 0.06666666666666667
8 0.4109375 0.3375 0.0078125 0.025
8 0.373046875 0.33611111111111114 0.00546875 0.016666666666666666
9 0.55390625 0.25277777777777777 0.028125 0.022222222222222223
9 0.553515625 0.22708333333333333 0.01171875 0.02361111111111111
9 0.547265625 0.17083333333333334 0.02109375 0.06111111111111111
