8 0.35703125 0.5208333333333334 0.009375 0.03888888888888889
8 0.42265625 0.6243055555555556 0.00625 0.02361111111111111
8 0.53359375 0.6277777777777778 0.00625 0.016666666666666666
8 0.5140625 0.6465277777777778 0.00625 0.015277777777777777
8 0.47890625 0.6111111111111112 0.00625 0.013888888888888888
9 0.14921875 0.6034722222222222 0.01875 0.04027777777777778
9 0.478125 0.5951388888888889 0.0078125 0.0125
8 0.250390625 0.6243055555555556 0.00703125 0.029166666666666667
8 0.258984375 0.5645833333333333 0.00859375 0.02638888888888889
8 0.4703125 0.60625 0.0078125 0.02361111111111111
8 0.5390625 0.6194444444444445 0.00625 0.03611111111111111
8 0.517578125 0.5840277777777778 0.00859375 0.02361111111111111
8 0.53125 0.54375 0.009375 0.029166666666666667
9 0.4578125 0.6465277777777778 0.0078125 0.0125
9 0.4734375 0.6597222222222222 0.0109375 0.019444444444444445
9 0.47421875 0.6284722222222222 0.0078125 0.018055555555555554
8 0.077734375 0.6159722222222223 0.01015625 0.02638888888888889
9 0.0703125 0.6694444444444444 0.00625 0.019444444444444445
2 0.065625 0.6868055555555556 0.065625 0.0375
2 0.505859375 0.6833333333333333 0.03984375 0.027777777777777776
2 0.57421875 0.6756944444444445 0.0421875 0.03194444444444444
2 0.61796875 0.6715277777777777 0.040625 0.029166666666666667
