2 0.439453125 0.31319444444444444 0.03671875 0.05138888888888889
2 0.628125 0.33194444444444443 0.065625 0.06388888888888888
2 0.4703125 0.30416666666666664 0.0140625 0.019444444444444445
2 0.489453125 0.3125 0.01484375 0.022222222222222223
2 0.52265625 0.3145833333333333 0.025 0.03194444444444444
2 0.734375 0.32013888888888886 0.0625 0.05416666666666667
2 0.809765625 0.32430555555555557 0.03828125 0.04583333333333333
2 0.78359375 0.3229166666666667 0.0359375 0.0375
2 0.693359375 0.3145833333333333 0.04765625 0.04027777777777778
2 0.5734375 0.3076388888888889 0.0140625 0.015277777777777777
2 0.588671875 0.3104166666666667 0.01328125 0.020833333333333332
2 0.6046875 0.30833333333333335 0.01875 0.016666666666666666
2 0.505078125 0.30416666666666664 0.01328125 0.016666666666666666
2 0.45859375 0.3034722222222222 0.0125 0.018055555555555554
2 0.39140625 0.30416666666666664 0.0203125 0.027777777777777776
2 0.371875 0.30416666666666664 0.00625 0.016666666666666666
2 0.36484375 0.30416666666666664 0.009375 0.016666666666666666
2 0.35234375 0.30833333333333335 0.0140625 0.025
2 0.33828125 0.30833333333333335 0.0125 0.025
2 0.270703125 0.31180555555555556 0.01484375 0.029166666666666667
2 0.254296875 0.3104166666666667 0.01640625 0.03194444444444444
2 0.22890625 0.3090277777777778 0.0328125 0.0375
2 0.310546875 0.3111111111111111 0.03671875 0.044444444444444446
2 0.284375 0.31666666666666665 0.0109375 0.022222222222222223
9 0.12578125 0.22569444444444445 0.015625 0.009722222222222222
9 0.328515625 0.21805555555555556 0.01640625 0.027777777777777776
9 0.34765625 0.24027777777777778 0.0125 0.027777777777777776
9 0.593359375 0.2638888888888889 0.01171875 0.008333333333333333
9 0.596875 0.24930555555555556 0.0125 0.006944444444444444
9 0.382421875 0.25069444444444444 0.01796875 0.02638888888888889
9 0.3875 0.2673611111111111 0.0171875 0.0125
9 0.389453125 0.28055555555555556 0.01328125 0.019444444444444445
9 0.365234375 0.25416666666666665 0.00390625 0.019444444444444445
9 0.6796875 0.25763888888888886 0.0140625 0.0375
8 0.454296875 0.18333333333333332 0.00703125 0.030555555555555555
8 0.51796875 0.2152777777777778 0.0078125 0.03333333333333333
8 0.480859375 0.25763888888888886 0.00546875 0.018055555555555554
2 0.50625 0.3104166666666667 0.009375 0.034722222222222224
8 0.50625 0.2548611111111111 0.0078125 0.015277777777777777
8 0.648828125 0.26666666666666666 0.00859375 0.025
8 0.030078125 0.1125 0.01640625 0.075
8 0.2625 0.1486111111111111 0.0078125 0.03888888888888889
8 0.459375 0.18819444444444444 0.00625 0.02361111111111111
2 0.97109375 0.3194444444444444 0.0375 0.04722222222222222
2 0.89140625 0.3034722222222222 0.0453125 0.03194444444444444
2 0.546875 0.31319444444444444 0.0265625 0.03194444444444444
2 0.415234375 0.3125 0.02109375 0.030555555555555555
8 0.332421875 0.2423611111111111 0.01640625 0.02361111111111111
