2 0.49921875 0.3236111111111111 0.0109375 0.016666666666666666
2 0.482421875 0.3263888888888889 0.00859375 0.016666666666666666
2 0.473828125 0.3277777777777778 0.00546875 0.019444444444444445
2 0.463671875 0.3333333333333333 0.01171875 0.025
2 0.444921875 0.33611111111111114 0.02265625 0.030555555555555555
2 0.415234375 0.3451388888888889 0.01796875 0.04027777777777778
2 0.39453125 0.3472222222222222 0.0234375 0.04722222222222222
2 0.36875 0.35208333333333336 0.028125 0.04861111111111111
2 0.3296875 0.36041666666666666 0.0515625 0.0625
2 0.264453125 0.37569444444444444 0.08359375 0.08472222222222223
2 0.51015625 0.3229166666666667 0.009375 0.020833333333333332
2 0.548828125 0.33055555555555555 0.01328125 0.03888888888888889
2 0.532421875 0.32430555555555557 0.00703125 0.018055555555555554
2 0.5609375 0.33611111111111114 0.01875 0.03888888888888889
2 0.5890625 0.3472222222222222 0.0484375 0.06666666666666667
9 0.432421875 0.3104166666666667 0.00859375 0.009722222222222222
9 0.37265625 0.2986111111111111 0.0171875 0.008333333333333333
8 0.67265625 0.01597222222222222 0.03125 0.03194444444444444
8 0.5078125 0.29375 0.00625 0.015277777777777777
8 0.5234375 0.29930555555555555 0.00625 0.0125
8 0.512890625 0.3 0.00390625 0.013888888888888888
8 0.524609375 0.3194444444444444 0.00390625 0.016666666666666666
9 0.128125 0.2423611111111111 0.0125 0.0375
8 0.15 0.2465277777777778 0.009375 0.0375
8 0.53828125 0.28541666666666665 0.00625 0.018055555555555554
8 0.45703125 0.30972222222222223 0.0078125 0.013888888888888888
8 0.48984375 0.27708333333333335 0.0046875 0.029166666666666667
9 0.871875 0.24097222222222223 0.01875 0.05416666666666667
