8 0.69296875 0.36666666666666664 0.0078125 0.030555555555555555
8 0.6359375 0.37222222222222223 0.0078125 0.030555555555555555
8 0.662890625 0.40625 0.01015625 0.009722222222222222
9 0.6625 0.39444444444444443 0.0078125 0.013888888888888888
9 0.7921875 0.37083333333333335 0.0171875 0.03888888888888889
2 0.504296875 0.45625 0.02265625 0.03194444444444444
2 0.480078125 0.4652777777777778 0.03046875 0.030555555555555555
2 0.437109375 0.46944444444444444 0.03046875 0.03611111111111111
2 0.405859375 0.46805555555555556 0.03828125 0.044444444444444446
2 0.3703125 0.47708333333333336 0.046875 0.04861111111111111
2 0.6375 0.4201388888888889 0.0140625 0.02361111111111111
2 0.655859375 0.43472222222222223 0.01640625 0.019444444444444445
2 0.648828125 0.45208333333333334 0.02421875 0.04027777777777778
2 0.62578125 0.45416666666666666 0.0234375 0.04722222222222222
2 0.677734375 0.4625 0.01953125 0.05
9 0.736328125 0.3902777777777778 0.01953125 0.019444444444444445
9 0.734765625 0.41944444444444445 0.01171875 0.022222222222222223
2 0.6984375 0.4701388888888889 0.046875 0.08472222222222223
2 0.74296875 0.4847222222222222 0.075 0.10555555555555556
2 0.8515625 0.5006944444444444 0.153125 0.20972222222222223
2 0.919921875 0.5597222222222222 0.15859375 0.42777777777777776
2 0.581640625 0.5201388888888889 0.11953125 0.17916666666666667
9 0.133203125 0.2611111111111111 0.01796875 0.06111111111111111
