2 0.835546875 0.4597222222222222 0.24296875 0.21944444444444444
2 0.618359375 0.36180555555555555 0.08671875 0.12361111111111112
2 0.27578125 0.34375 0.0515625 0.029166666666666667
2 0.35625 0.3423611111111111 0.021875 0.02638888888888889
2 0.278515625 0.33541666666666664 0.03828125 0.043055555555555555
8 0.48203125 0.21041666666666667 0.0140625 0.04027777777777778
8 0.5109375 0.2743055555555556 0.009375 0.02638888888888889
8 0.556640625 0.2298611111111111 0.01328125 0.03194444444444444
8 0.690234375 0.23958333333333334 0.01484375 0.04027777777777778
9 0.646875 0.17152777777777778 0.01875 0.09583333333333334
1 0.502734375 0.32013888888888886 0.01953125 0.029166666666666667
9 0.677734375 0.3451388888888889 0.01171875 0.02361111111111111
9 0.5890625 0.23541666666666666 0.034375 0.018055555555555554
8 0.364453125 0.25 0.01328125 0.027777777777777776
8 0.371875 0.22291666666666668 0.0140625 0.02638888888888889
3 0.402734375 0.3076388888888889 0.07421875 0.1625
2 0.478515625 0.3333333333333333 0.01640625 0.027777777777777776
2 0.561328125 0.3326388888888889 0.01796875 0.020833333333333332
2 0.537109375 0.32916666666666666 0.01796875 0.016666666666666666
2 0.518359375 0.31875 0.00859375 0.020833333333333332
