9 0.433984375 0.4979166666666667 0.02265625 0.020833333333333332
9 0.27109375 0.60625 0.021875 0.05694444444444444
9 0.44375 0.5458333333333333 0.0203125 0.05
9 0.706640625 0.5798611111111112 0.03828125 0.05416666666666667
9 0.70703125 0.6569444444444444 0.0234375 0.03333333333333333
9 0.45703125 0.5659722222222222 0.01875 0.0375
8 0.30234375 0.3277777777777778 0.028125 0.08611111111111111
8 0.469140625 0.6152777777777778 0.02265625 0.03333333333333333
8 0.709375 0.6326388888888889 0.0296875 0.02638888888888889
2 0.066015625 0.7611111111111111 0.13046875 0.3277777777777778
2 0.941796875 0.7458333333333333 0.06328125 0.07777777777777778
2 0.983984375 0.74375 0.02890625 0.0875
