9 0.55078125 0.4013888888888889 0.0109375 0.011111111111111112
2 0.31796875 0.46944444444444444 0.059375 0.075
2 0.551953125 0.4326388888888889 0.01640625 0.02638888888888889
2 0.563671875 0.43125 0.01328125 0.02638888888888889
2 0.587109375 0.45 0.05234375 0.08055555555555556
2 0.7265625 0.45555555555555555 0.0484375 0.09166666666666666
2 0.8046875 0.46041666666666664 0.1359375 0.1597222222222222
2 0.445703125 0.4409722222222222 0.02265625 0.02361111111111111
2 0.386328125 0.48125 0.07578125 0.0875
2 0.25546875 0.50625 0.096875 0.10972222222222222
2 0.498828125 0.4479166666666667 0.08671875 0.13472222222222222
2 0.65625 0.4826388888888889 0.1203125 0.15694444444444444
2 0.9203125 0.47708333333333336 0.1546875 0.2708333333333333
2 0.091015625 0.5548611111111111 0.18203125 0.2375
