2 0.3515625 0.6361111111111111 0.03125 0.03333333333333333
2 0.339453125 0.6479166666666667 0.03203125 0.04027777777777778
2 0.28828125 0.6354166666666666 0.084375 0.08194444444444444
2 0.254296875 0.6486111111111111 0.10390625 0.09722222222222222
2 0.207421875 0.6652777777777777 0.12734375 0.1361111111111111
2 0.12578125 0.6805555555555556 0.159375 0.18888888888888888
2 0.5046875 0.6430555555555556 0.025 0.03611111111111111
2 0.523828125 0.65 0.01484375 0.03611111111111111
2 0.5515625 0.6534722222222222 0.0421875 0.05138888888888889
2 0.6078125 0.6666666666666666 0.0703125 0.06944444444444445
2 0.695703125 0.6861111111111111 0.10703125 0.10833333333333334
2 0.834375 0.7083333333333334 0.175 0.16111111111111112
2 0.412109375 0.6270833333333333 0.01015625 0.009722222222222222
2 0.044921875 0.7458333333333333 0.08984375 0.23055555555555557
2 0.968359375 0.7777777777777778 0.06171875 0.18888888888888888
2 0.3953125 0.6368055555555555 0.025 0.0375
8 0.4046875 0.6152777777777778 0.0046875 0.013888888888888888
8 0.43984375 0.6131944444444445 0.0046875 0.0125
9 0.11875 0.45069444444444445 0.0140625 0.018055555555555554
9 0.116796875 0.5152777777777777 0.01484375 0.019444444444444445
9 0.17578125 0.5409722222222222 0.0125 0.03194444444444444
9 0.523046875 0.5881944444444445 0.01015625 0.0125
2 0.461328125 0.6319444444444444 0.02109375 0.022222222222222223
