2 0.390234375 0.4131944444444444 0.01640625 0.015277777777777777
2 0.3546875 0.4236111111111111 0.0171875 0.016666666666666666
2 0.34375 0.3875 0.0125 0.008333333333333333
2 0.337109375 0.39861111111111114 0.01171875 0.013888888888888888
2 0.340625 0.41805555555555557 0.01875 0.016666666666666666
2 0.417578125 0.40902777777777777 0.00859375 0.0125
2 0.506640625 0.38472222222222224 0.00703125 0.013888888888888888
2 0.515625 0.39305555555555555 0.0109375 0.013888888888888888
2 0.513671875 0.41805555555555557 0.01484375 0.022222222222222223
2 0.542578125 0.3923611111111111 0.00859375 0.009722222222222222
2 0.57578125 0.41805555555555557 0.0140625 0.013888888888888888
2 0.5953125 0.425 0.021875 0.019444444444444445
2 0.4453125 0.40694444444444444 0.0078125 0.011111111111111112
2 0.440625 0.4125 0.0078125 0.011111111111111112
2 0.4296875 0.4173611111111111 0.0125 0.009722222222222222
2 0.434375 0.43125 0.021875 0.02361111111111111
2 0.316796875 0.43680555555555556 0.04609375 0.04861111111111111
2 0.398046875 0.4388888888888889 0.03046875 0.03333333333333333
2 0.4671875 0.45 0.059375 0.09444444444444444
2 0.673828125 0.48541666666666666 0.19453125 0.2569444444444444
2 0.96484375 0.45625 0.06875 0.05694444444444444
9 0.3609375 0.22361111111111112 0.115625 0.1111111111111111
9 0.538671875 0.22847222222222222 0.09296875 0.09861111111111111
9 0.596484375 0.23680555555555555 0.02421875 0.05416666666666667
9 0.46171875 0.3819444444444444 0.0125 0.019444444444444445
9 0.48671875 0.3888888888888889 0.0078125 0.025
9 0.52578125 0.41944444444444445 0.009375 0.027777777777777776
9 0.384375 0.3402777777777778 0.0453125 0.03333333333333333
9 0.269921875 0.2965277777777778 0.03671875 0.03194444444444444
9 0.3625 0.15763888888888888 0.0859375 0.02361111111111111
9 0.538671875 0.1701388888888889 0.09765625 0.018055555555555554
2 0.5703125 0.39652777777777776 0.0140625 0.015277777777777777
2 0.552734375 0.41875 0.02109375 0.020833333333333332
9 0.5984375 0.39375 0.0171875 0.02361111111111111
9 0.787890625 0.2826388888888889 0.02265625 0.029166666666666667
