9 0.792578125 0.24027777777777778 0.03203125 0.10833333333333334
9 0.83828125 0.33541666666666664 0.046875 0.05694444444444444
8 0.81328125 0.3763888888888889 0.009375 0.013888888888888888
8 0.834765625 0.38055555555555554 0.01171875 0.013888888888888888
8 0.85703125 0.3784722222222222 0.0078125 0.015277777777777777
2 0.857421875 0.4111111111111111 0.01484375 0.025
2 0.838671875 0.40555555555555556 0.01796875 0.019444444444444445
2 0.72421875 0.4152777777777778 0.0265625 0.03333333333333333
2 0.591015625 0.41597222222222224 0.03515625 0.07083333333333333
2 0.6390625 0.42083333333333334 0.06875 0.08888888888888889
2 0.220703125 0.43194444444444446 0.30390625 0.31666666666666665
