8 0.476171875 0.3972222222222222 0.01015625 0.03611111111111111
8 0.361328125 0.39375 0.01015625 0.029166666666666667
8 0.117578125 0.45069444444444445 0.01328125 0.03194444444444444
8 0.703515625 0.4513888888888889 0.01484375 0.025
2 0.5890625 0.5388888888888889 0.053125 0.07222222222222222
2 0.25 0.5597222222222222 0.0453125 0.10277777777777777
2 0.17109375 0.5826388888888889 0.159375 0.16805555555555557
2 0.675390625 0.49722222222222223 0.12578125 0.044444444444444446
2 0.881640625 0.5652777777777778 0.23203125 0.19444444444444445
2 0.694921875 0.6215277777777778 0.22578125 0.23472222222222222
2 0.41953125 0.6444444444444445 0.3421875 0.4722222222222222
2 0.880078125 0.7458333333333333 0.23515625 0.39166666666666666
9 0.708984375 0.33402777777777776 0.02578125 0.04027777777777778
