2 0.878515625 0.6444444444444445 0.24140625 0.4888888888888889
2 0.73359375 0.5381944444444444 0.21875 0.24027777777777778
2 0.397265625 0.4548611111111111 0.01015625 0.020833333333333332
2 0.38359375 0.45694444444444443 0.015625 0.019444444444444445
2 0.348046875 0.4583333333333333 0.04765625 0.03611111111111111
2 0.334765625 0.45902777777777776 0.04921875 0.0375
2 0.3046875 0.4625 0.04375 0.044444444444444446
2 0.287109375 0.4652777777777778 0.04453125 0.05
2 0.27890625 0.47152777777777777 0.05 0.04027777777777778
2 0.26953125 0.4701388888888889 0.046875 0.043055555555555555
2 0.24609375 0.475 0.040625 0.05555555555555555
2 0.21953125 0.47708333333333336 0.0421875 0.06527777777777778
2 0.196875 0.48333333333333334 0.08125 0.07222222222222222
2 0.138671875 0.47847222222222224 0.10546875 0.09861111111111111
2 0.0984375 0.49166666666666664 0.1140625 0.10277777777777777
2 0.471484375 0.4534722222222222 0.01015625 0.018055555555555554
2 0.4828125 0.4534722222222222 0.015625 0.034722222222222224
2 0.49140625 0.45625 0.0125 0.04027777777777778
2 0.4984375 0.45694444444444443 0.009375 0.05
2 0.51328125 0.4618055555555556 0.0203125 0.0625
2 0.417578125 0.45555555555555555 0.02890625 0.03333333333333333
2 0.54140625 0.46944444444444444 0.0671875 0.09444444444444444
2 0.042578125 0.5097222222222222 0.08515625 0.11666666666666667
9 0.6078125 0.34444444444444444 0.0140625 0.025
9 0.91796875 0.35833333333333334 0.021875 0.05277777777777778
8 0.836328125 0.3173611111111111 0.01953125 0.02361111111111111
8 0.73828125 0.36041666666666666 0.015625 0.015277777777777777
