2 0.17265625 0.5534722222222223 0.3453125 0.4708333333333333
2 0.26484375 0.37916666666666665 0.1234375 0.09166666666666666
2 0.535546875 0.3840277777777778 0.14609375 0.09583333333333334
8 0.41328125 0.06041666666666667 0.015625 0.07083333333333333
8 0.426171875 0.05486111111111111 0.02265625 0.08472222222222223
8 0.443359375 0.05694444444444444 0.01484375 0.07222222222222222
8 0.735546875 0.13541666666666666 0.02265625 0.059722222222222225
8 0.1453125 0.22083333333333333 0.0296875 0.041666666666666664
8 0.112890625 0.21597222222222223 0.01796875 0.04027777777777778
2 0.725390625 0.39375 0.16015625 0.0875
2 0.98359375 0.56875 0.0296875 0.20972222222222223
8 0.3671875 0.2875 0.015625 0.03611111111111111
