9 0.221875 0.2916666666666667 0.0328125 0.06111111111111111
9 0.611328125 0.2465277777777778 0.01484375 0.02638888888888889
2 0.48515625 0.3472222222222222 0.0140625 0.03333333333333333
2 0.49296875 0.35208333333333336 0.0171875 0.020833333333333332
2 0.506640625 0.34791666666666665 0.01484375 0.03194444444444444
2 0.52421875 0.3506944444444444 0.0265625 0.04861111111111111
2 0.54375 0.3548611111111111 0.0296875 0.04861111111111111
2 0.3390625 0.36875 0.025 0.05138888888888889
3 0.329296875 0.34652777777777777 0.02265625 0.034722222222222224
2 0.757421875 0.4166666666666667 0.14296875 0.10277777777777777
2 0.80859375 0.425 0.125 0.10833333333333334
3 0.827734375 0.3368055555555556 0.08671875 0.04861111111111111
3 0.659765625 0.35555555555555557 0.14609375 0.08333333333333333
3 0.627734375 0.3402777777777778 0.10390625 0.08333333333333333
2 0.393359375 0.41597222222222224 0.12578125 0.1763888888888889
2 0.083984375 0.4361111111111111 0.16796875 0.25
2 0.903125 0.4722222222222222 0.0640625 0.10277777777777777
2 0.795703125 0.3486111111111111 0.07109375 0.025
2 0.890234375 0.4361111111111111 0.21640625 0.14166666666666666
3 0.665234375 0.16180555555555556 0.03984375 0.029166666666666667
3 0.680859375 0.36944444444444446 0.13046875 0.10277777777777777
3 0.72578125 0.38958333333333334 0.134375 0.09861111111111111
3 0.961328125 0.4756944444444444 0.06953125 0.15694444444444444
