9 0.57109375 0.4125 0.015625 0.011111111111111112
9 0.56640625 0.39305555555555555 0.0203125 0.030555555555555555
9 0.575390625 0.37777777777777777 0.01640625 0.013888888888888888
9 0.48359375 0.4284722222222222 0.0109375 0.020833333333333332
9 0.35078125 0.4041666666666667 0.0078125 0.013888888888888888
9 0.337890625 0.42083333333333334 0.01796875 0.013888888888888888
9 0.3171875 0.41458333333333336 0.0125 0.029166666666666667
9 0.3046875 0.4409722222222222 0.021875 0.018055555555555554
9 0.136328125 0.3645833333333333 0.02734375 0.015277777777777777
9 0.140625 0.3458333333333333 0.0203125 0.013888888888888888
9 0.123828125 0.3298611111111111 0.01796875 0.015277777777777777
9 0.130859375 0.3138888888888889 0.00859375 0.016666666666666666
9 0.712109375 0.3090277777777778 0.03359375 0.015277777777777777
8 0.3015625 0.2881944444444444 0.0125 0.043055555555555555
8 0.4625 0.32083333333333336 0.00625 0.03333333333333333
9 0.38203125 0.43472222222222223 0.0046875 0.013888888888888888
8 0.471484375 0.325 0.01171875 0.03333333333333333
8 0.119921875 0.4 0.02578125 0.027777777777777776
8 0.219140625 0.3993055555555556 0.01640625 0.02361111111111111
8 0.58125 0.4270833333333333 0.0078125 0.018055555555555554
2 0.427734375 0.48333333333333334 0.03203125 0.03611111111111111
2 0.362890625 0.475 0.01640625 0.025
2 0.3484375 0.48680555555555555 0.0234375 0.04027777777777778
2 0.33359375 0.49375 0.034375 0.04861111111111111
2 0.886328125 0.5131944444444444 0.15078125 0.07916666666666666
2 0.389453125 0.51875 0.08203125 0.11805555555555555
2 0.28828125 0.5125 0.0828125 0.11388888888888889
8 0.247265625 0.43680555555555556 0.01015625 0.02638888888888889
2 0.1453125 0.4979166666666667 0.0609375 0.0763888888888889
2 0.093359375 0.5916666666666667 0.18671875 0.3472222222222222
