8 0.244140625 0.2777777777777778 0.00859375 0.013888888888888888
8 0.18671875 0.26805555555555555 0.009375 0.011111111111111112
8 0.3171875 0.1798611111111111 0.00625 0.02638888888888889
8 0.443359375 0.1673611111111111 0.00859375 0.020833333333333332
8 0.325390625 0.18472222222222223 0.00859375 0.027777777777777776
9 0.2203125 0.19444444444444445 0.0171875 0.030555555555555555
9 0.216015625 0.24097222222222223 0.00546875 0.020833333333333332
9 0.217578125 0.26875 0.00859375 0.02361111111111111
9 0.219921875 0.3034722222222222 0.00546875 0.015277777777777777
9 0.29375 0.2722222222222222 0.009375 0.013888888888888888
9 0.44609375 0.2111111111111111 0.0171875 0.016666666666666666
9 0.453125 0.24027777777777778 0.009375 0.013888888888888888
9 0.465234375 0.24791666666666667 0.01484375 0.03194444444444444
9 0.465625 0.3159722222222222 0.0078125 0.018055555555555554
9 0.50078125 0.2625 0.0140625 0.016666666666666666
9 0.555859375 0.04097222222222222 0.01640625 0.043055555555555555
2 0.1953125 0.32569444444444445 0.0296875 0.029166666666666667
2 0.166796875 0.3173611111111111 0.03359375 0.0375
2 0.33125 0.33402777777777776 0.034375 0.015277777777777777
2 0.1234375 0.31180555555555556 0.0515625 0.04861111111111111
8 0.393359375 0.27291666666666664 0.01171875 0.020833333333333332
9 0.40703125 0.2604166666666667 0.0140625 0.03194444444444444
8 0.292578125 0.3104166666666667 0.01171875 0.015277777777777777
