8 0.4671875 0.4951388888888889 0.009375 0.02361111111111111
8 0.494921875 0.4909722222222222 0.00859375 0.018055555555555554
2 0.483984375 0.5381944444444444 0.01640625 0.020833333333333332
2 0.4953125 0.5409722222222222 0.0140625 0.02638888888888889
2 0.50703125 0.5423611111111111 0.015625 0.020833333333333332
2 0.519921875 0.5430555555555555 0.02109375 0.03888888888888889
2 0.534375 0.5472222222222223 0.025 0.044444444444444446
2 0.547265625 0.5548611111111111 0.02734375 0.04583333333333333
2 0.56953125 0.5618055555555556 0.0484375 0.06527777777777778
2 0.619921875 0.5638888888888889 0.08515625 0.09722222222222222
2 0.665625 0.6034722222222222 0.128125 0.12638888888888888
2 0.45546875 0.5388888888888889 0.0140625 0.030555555555555555
2 0.438671875 0.5319444444444444 0.01484375 0.016666666666666666
2 0.438671875 0.5506944444444445 0.01953125 0.029166666666666667
2 0.423828125 0.5486111111111112 0.01640625 0.03333333333333333
2 0.4140625 0.5534722222222223 0.025 0.04861111111111111
2 0.30625 0.5715277777777777 0.05 0.09583333333333334
2 0.36953125 0.5736111111111111 0.0921875 0.125
2 0.4703125 0.5506944444444445 0.0265625 0.0375
2 0.13984375 0.6222222222222222 0.2203125 0.18888888888888888
2 0.0515625 0.6763888888888889 0.103125 0.22777777777777777
2 0.8734375 0.6472222222222223 0.25 0.3472222222222222
9 0.8109375 0.36527777777777776 0.028125 0.058333333333333334
