9 0.40078125 0.45208333333333334 0.096875 0.13472222222222222
9 0.312109375 0.4909722222222222 0.00859375 0.015277777777777777
2 0.29296875 0.5277777777777778 0.0140625 0.008333333333333333
2 0.276953125 0.5291666666666667 0.01328125 0.008333333333333333
2 0.18515625 0.5347222222222222 0.01875 0.016666666666666666
2 0.152734375 0.5368055555555555 0.02265625 0.020833333333333332
2 0.112109375 0.5340277777777778 0.02109375 0.015277777777777777
2 0.043359375 0.5326388888888889 0.02421875 0.018055555555555554
3 0.015234375 0.5256944444444445 0.03046875 0.02638888888888889
2 0.71953125 0.5604166666666667 0.05 0.04861111111111111
2 0.5640625 0.5659722222222222 0.0765625 0.07361111111111111
9 0.383984375 0.37777777777777777 0.06796875 0.025
