9 0.205078125 0.34791666666666665 0.02890625 0.0375
9 0.3734375 0.4013888888888889 0.0109375 0.030555555555555555
9 0.362109375 0.4305555555555556 0.01328125 0.011111111111111112
9 0.369921875 0.45555555555555555 0.01796875 0.013888888888888888
9 0.667578125 0.44583333333333336 0.01484375 0.008333333333333333
9 0.66640625 0.46805555555555556 0.015625 0.030555555555555555
9 0.8078125 0.3611111111111111 0.0328125 0.019444444444444445
8 0.256640625 0.3909722222222222 0.01171875 0.04027777777777778
8 0.256640625 0.4409722222222222 0.01484375 0.02361111111111111
8 0.378125 0.4840277777777778 0.0125 0.020833333333333332
8 0.4578125 0.4027777777777778 0.00625 0.030555555555555555
8 0.465625 0.40347222222222223 0.0078125 0.02638888888888889
8 0.670703125 0.49444444444444446 0.01015625 0.013888888888888888
8 0.6671875 0.4284722222222222 0.00625 0.02638888888888889
2 0.01796875 0.7798611111111111 0.0359375 0.2263888888888889
2 0.141015625 0.6305555555555555 0.28203125 0.35555555555555557
2 0.84375 0.6013888888888889 0.309375 0.4083333333333333
2 0.512109375 0.5534722222222223 0.09453125 0.1875
2 0.449609375 0.5256944444444445 0.03203125 0.0625
2 0.590234375 0.5506944444444445 0.02890625 0.0375
2 0.576171875 0.54375 0.01640625 0.03194444444444444
2 0.565234375 0.5444444444444444 0.00859375 0.03611111111111111
