9 0.8390625 0.1527777777777778 0.0375 0.05
9 0.112109375 0.3020833333333333 0.01796875 0.015277777777777777
9 0.120703125 0.2673611111111111 0.01328125 0.015277777777777777
8 0.112890625 0.34791666666666665 0.01640625 0.02361111111111111
8 0.20390625 0.2791666666666667 0.0109375 0.030555555555555555
8 0.195703125 0.27708333333333335 0.01015625 0.029166666666666667
8 0.58125 0.3284722222222222 0.009375 0.020833333333333332
2 0.303515625 0.4013888888888889 0.01953125 0.03611111111111111
4 0.2515625 0.3875 0.0828125 0.11388888888888889
2 0.138671875 0.4111111111111111 0.06328125 0.06388888888888888
2 0.61796875 0.4215277777777778 0.078125 0.1486111111111111
2 0.6609375 0.44375 0.1234375 0.1763888888888889
2 0.8359375 0.46597222222222223 0.325 0.3541666666666667
2 0.45 0.4375 0.2796875 0.4583333333333333
