8 0.4421875 0.28680555555555554 0.0109375 0.0375
8 0.542578125 0.3076388888888889 0.01171875 0.034722222222222224
8 0.5375 0.35208333333333336 0.0078125 0.020833333333333332
8 0.483984375 0.36527777777777776 0.00703125 0.022222222222222223
8 0.43046875 0.28680555555555554 0.0078125 0.02638888888888889
9 0.606640625 0.3423611111111111 0.01484375 0.0125
9 0.59921875 0.36041666666666666 0.009375 0.0125
9 0.575390625 0.36875 0.01015625 0.0125
9 0.553125 0.37569444444444444 0.0046875 0.018055555555555554
2 0.275 0.42777777777777776 0.06875 0.041666666666666664
2 0.196875 0.4305555555555556 0.046875 0.058333333333333334
2 0.139453125 0.42916666666666664 0.06328125 0.06944444444444445
2 0.3734375 0.3729166666666667 0.096875 0.09583333333333334
2 0.4421875 0.3875 0.0421875 0.06388888888888888
2 0.51875 0.425 0.034375 0.044444444444444446
2 0.646875 0.41458333333333336 0.025 0.03194444444444444
2 0.624609375 0.40069444444444446 0.01328125 0.029166666666666667
2 0.669140625 0.425 0.03359375 0.041666666666666664
2 0.7171875 0.42986111111111114 0.078125 0.05416666666666667
2 0.8296875 0.41388888888888886 0.0921875 0.06111111111111111
2 0.951171875 0.41944444444444445 0.09453125 0.07222222222222222
2 0.026953125 0.47152777777777777 0.05390625 0.14583333333333334
