8 0.45234375 0.030555555555555555 0.0171875 0.06111111111111111
9 0.476171875 0.05625 0.09921875 0.08472222222222223
9 0.3578125 0.04861111111111111 0.075 0.06111111111111111
2 0.2984375 0.4201388888888889 0.0328125 0.02638888888888889
2 0.3578125 0.4222222222222222 0.0171875 0.013888888888888888
2 0.3765625 0.42569444444444443 0.015625 0.020833333333333332
2 0.398046875 0.4263888888888889 0.02109375 0.019444444444444445
2 0.438671875 0.42291666666666666 0.01328125 0.020833333333333332
2 0.45390625 0.4263888888888889 0.0171875 0.019444444444444445
2 0.483203125 0.42986111111111114 0.02265625 0.029166666666666667
2 0.520703125 0.43194444444444446 0.03203125 0.05
2 0.74453125 0.5048611111111111 0.253125 0.2375
8 0.4828125 0.3909722222222222 0.00625 0.02361111111111111
8 0.45546875 0.3888888888888889 0.00625 0.019444444444444445
8 0.43828125 0.3923611111111111 0.00625 0.020833333333333332
