2 0.243359375 0.34375 0.03671875 0.05138888888888889
2 0.203125 0.3590277777777778 0.059375 0.07083333333333333
2 0.35546875 0.40069444444444446 0.228125 0.24305555555555555
2 0.2703125 0.30069444444444443 0.025 0.02638888888888889
9 0.498828125 0.10138888888888889 0.04140625 0.058333333333333334
9 0.5 0.1388888888888889 0.021875 0.027777777777777776
9 0.505859375 0.22083333333333333 0.01796875 0.025
8 0.512890625 0.24444444444444444 0.01640625 0.030555555555555555
2 0.435546875 0.33125 0.04921875 0.06527777777777778
8 0.0765625 0.011805555555555555 0.040625 0.018055555555555554
2 0.96328125 0.48680555555555555 0.0703125 0.13194444444444445
