9 0.377734375 0.6791666666666667 0.04140625 0.05
9 0.345703125 0.6951388888888889 0.01328125 0.029166666666666667
9 0.327734375 0.6798611111111111 0.00703125 0.015277777777777777
2 0.2125 0.6618055555555555 0.0109375 0.0125
2 0.209765625 0.6694444444444444 0.00859375 0.011111111111111112
2 0.21953125 0.6763888888888889 0.0109375 0.008333333333333333
2 0.21640625 0.6868055555555556 0.0140625 0.015277777777777777
2 0.18359375 0.6854166666666667 0.015625 0.02361111111111111
2 0.195703125 0.6923611111111111 0.01953125 0.0375
2 0.21328125 0.7041666666666667 0.0296875 0.044444444444444446
2 0.172265625 0.6923611111111111 0.01640625 0.02361111111111111
2 0.129296875 0.6805555555555556 0.01796875 0.022222222222222223
2 0.11796875 0.68125 0.0125 0.015277777777777777
2 0.104296875 0.68125 0.01796875 0.015277777777777777
2 0.087109375 0.6791666666666667 0.01171875 0.013888888888888888
2 0.06875 0.6743055555555556 0.021875 0.015277777777777777
2 0.05 0.6743055555555556 0.0234375 0.02361111111111111
2 0.020703125 0.7 0.04140625 0.20277777777777778
2 0.149609375 0.7083333333333334 0.05546875 0.06944444444444445
2 0.2578125 0.6659722222222222 0.0125 0.0125
2 0.265234375 0.6694444444444444 0.00859375 0.011111111111111112
2 0.272265625 0.6708333333333333 0.00859375 0.011111111111111112
2 0.279296875 0.6729166666666667 0.00859375 0.009722222222222222
2 0.2859375 0.6763888888888889 0.0078125 0.013888888888888888
2 0.290234375 0.6791666666666667 0.01171875 0.008333333333333333
2 0.2953125 0.68125 0.0109375 0.0125
2 0.30390625 0.6798611111111111 0.0140625 0.018055555555555554
2 0.31015625 0.6875 0.009375 0.011111111111111112
2 0.291796875 0.6888888888888889 0.01015625 0.011111111111111112
2 0.2765625 0.6986111111111111 0.0109375 0.019444444444444445
2 0.248046875 0.6875 0.01328125 0.013888888888888888
2 0.244140625 0.7006944444444444 0.01484375 0.02361111111111111
2 0.253125 0.7034722222222223 0.0109375 0.02638888888888889
2 0.2625 0.7104166666666667 0.021875 0.034722222222222224
2 0.30625 0.7097222222222223 0.0109375 0.019444444444444445
2 0.301953125 0.7055555555555556 0.01015625 0.016666666666666666
2 0.2953125 0.70625 0.0109375 0.020833333333333332
2 0.287109375 0.7118055555555556 0.01484375 0.020833333333333332
