2 0.46171875 0.4444444444444444 0.0265625 0.030555555555555555
2 0.421484375 0.4444444444444444 0.03984375 0.03611111111111111
2 0.37734375 0.4486111111111111 0.01875 0.019444444444444445
2 0.3328125 0.44722222222222224 0.021875 0.030555555555555555
2 0.269921875 0.4423611111111111 0.03359375 0.04027777777777778
2 0.0734375 0.4444444444444444 0.065625 0.08333333333333333
2 0.634375 0.43680555555555556 0.053125 0.04027777777777778
2 0.613671875 0.4388888888888889 0.02890625 0.027777777777777776
2 0.603125 0.43333333333333335 0.0328125 0.03333333333333333
2 0.970703125 0.44166666666666665 0.05703125 0.04722222222222222
