9 0.4515625 0.23333333333333334 0.0265625 0.05277777777777778
9 0.384375 0.32222222222222224 0.028125 0.041666666666666664
9 0.351953125 0.3111111111111111 0.03359375 0.030555555555555555
9 0.454296875 0.3611111111111111 0.03046875 0.03333333333333333
9 0.61484375 0.3368055555555556 0.0078125 0.04027777777777778
9 0.607421875 0.3798611111111111 0.03359375 0.059722222222222225
8 0.300390625 0.3034722222222222 0.01328125 0.059722222222222225
8 0.323828125 0.4444444444444444 0.01015625 0.016666666666666666
8 0.50703125 0.04791666666666667 0.021875 0.09305555555555556
8 0.07109375 0.4909722222222222 0.0078125 0.020833333333333332
8 0.469140625 0.425 0.01640625 0.03333333333333333
2 0.162890625 0.5236111111111111 0.03984375 0.05277777777777778
2 0.3109375 0.55 0.10625 0.16666666666666666
2 0.213671875 0.5173611111111112 0.04765625 0.06527777777777778
2 0.2546875 0.50625 0.0203125 0.02638888888888889
2 0.02890625 0.5409722222222222 0.05625 0.06527777777777778
2 0.11875 0.5298611111111111 0.0234375 0.034722222222222224
2 0.82421875 0.46319444444444446 0.1265625 0.10972222222222222
2 0.668359375 0.5361111111111111 0.16796875 0.26666666666666666
2 0.825390625 0.6520833333333333 0.34140625 0.6875
8 0.240625 0.4736111111111111 0.0046875 0.019444444444444445
