8 0.46015625 0.3125 0.0078125 0.030555555555555555
8 0.421875 0.34652777777777777 0.0078125 0.029166666666666667
8 0.418359375 0.3229166666666667 0.00703125 0.02361111111111111
8 0.590625 0.3590277777777778 0.0078125 0.020833333333333332
9 0.41015625 0.3229166666666667 0.009375 0.02361111111111111
9 0.326953125 0.28958333333333336 0.02109375 0.020833333333333332
9 0.325390625 0.31875 0.01328125 0.0375
9 0.202734375 0.24722222222222223 0.02890625 0.1111111111111111
9 0.79140625 0.30694444444444446 0.025 0.013888888888888888
9 0.791796875 0.2902777777777778 0.01328125 0.013888888888888888
9 0.791015625 0.33819444444444446 0.01328125 0.034722222222222224
9 0.921875 0.325 0.0171875 0.06111111111111111
9 0.76171875 0.2222222222222222 0.0109375 0.027777777777777776
9 0.764453125 0.12986111111111112 0.01640625 0.029166666666666667
9 0.781640625 0.15902777777777777 0.04453125 0.02361111111111111
9 0.755859375 0.19305555555555556 0.04296875 0.025
2 0.454296875 0.42430555555555555 0.01328125 0.0375
2 0.44375 0.42916666666666664 0.0171875 0.04722222222222222
2 0.4234375 0.43819444444444444 0.040625 0.07083333333333333
2 0.363671875 0.44583333333333336 0.10078125 0.13333333333333333
2 0.236328125 0.48819444444444443 0.16796875 0.1986111111111111
2 0.73046875 0.4965277777777778 0.134375 0.1597222222222222
2 0.871875 0.5458333333333333 0.2546875 0.28055555555555556
2 0.096875 0.5395833333333333 0.19375 0.49027777777777776
2 0.965625 0.6868055555555556 0.0671875 0.28194444444444444
2 0.515234375 0.4576388888888889 0.12421875 0.21805555555555556
