8 0.099609375 0.16319444444444445 0.01484375 0.02638888888888889
8 0.35703125 0.2388888888888889 0.0109375 0.041666666666666664
8 0.32265625 0.33194444444444443 0.0046875 0.016666666666666666
8 0.38984375 0.3375 0.0046875 0.013888888888888888
8 0.355078125 0.3541666666666667 0.00390625 0.013888888888888888
8 0.0890625 0.34930555555555554 0.0046875 0.018055555555555554
9 0.236328125 0.29930555555555555 0.01328125 0.04861111111111111
9 0.459375 0.275 0.0140625 0.05555555555555555
9 0.495703125 0.24097222222222223 0.01640625 0.020833333333333332
9 0.49609375 0.29375 0.015625 0.0125
9 0.5609375 0.21180555555555555 0.0265625 0.0125
8 0.580859375 0.2986111111111111 0.01171875 0.022222222222222223
8 0.512890625 0.33125 0.01015625 0.020833333333333332
2 0.35703125 0.3798611111111111 0.009375 0.0125
2 0.372265625 0.375 0.01015625 0.016666666666666666
2 0.385546875 0.3784722222222222 0.01015625 0.015277777777777777
2 0.4046875 0.38125 0.0203125 0.034722222222222224
2 0.41875 0.38055555555555554 0.0078125 0.016666666666666666
2 0.425390625 0.38263888888888886 0.01171875 0.020833333333333332
2 0.441015625 0.3902777777777778 0.02265625 0.025
2 0.291796875 0.3902777777777778 0.01328125 0.019444444444444445
2 0.2796875 0.38819444444444445 0.0109375 0.02361111111111111
2 0.270703125 0.3888888888888889 0.00859375 0.019444444444444445
2 0.259375 0.3888888888888889 0.0125 0.03611111111111111
2 0.243359375 0.39166666666666666 0.03828125 0.044444444444444446
2 0.207421875 0.3993055555555556 0.04609375 0.04583333333333333
2 0.15078125 0.4048611111111111 0.0625 0.0625
2 0.087890625 0.4173611111111111 0.05703125 0.06527777777777778
2 0.030859375 0.41458333333333336 0.06171875 0.08472222222222223
2 0.52734375 0.4111111111111111 0.0984375 0.11388888888888889
2 0.626171875 0.4618055555555556 0.13515625 0.22916666666666666
2 0.813671875 0.5166666666666667 0.36796875 0.45
