2 0.5671875 0.6881944444444444 0.0171875 0.018055555555555554
2 0.54765625 0.6847222222222222 0.0203125 0.025
2 0.58515625 0.6881944444444444 0.0140625 0.018055555555555554
2 0.521875 0.6833333333333333 0.0375 0.03888888888888889
2 0.41796875 0.6444444444444445 0.0671875 0.09444444444444444
2 0.359375 0.6423611111111112 0.1 0.10972222222222222
2 0.258984375 0.6472222222222223 0.14609375 0.16111111111111112
2 0.097265625 0.6569444444444444 0.19453125 0.3194444444444444
2 0.64140625 0.6680555555555555 0.1046875 0.15555555555555556
9 0.14296875 0.4215277777777778 0.028125 0.0375
