9 0.176171875 0.1125 0.01796875 0.03333333333333333
8 0.3953125 0.011805555555555555 0.0234375 0.02361111111111111
8 0.173828125 0.17569444444444443 0.01484375 0.08472222222222223
8 0.191015625 0.1798611111111111 0.01953125 0.09027777777777778
1 0.816015625 0.4576388888888889 0.06328125 0.15694444444444444
8 0.98125 0.32222222222222224 0.03125 0.06666666666666667
1 0.249609375 0.3527777777777778 0.04609375 0.13055555555555556
2 0.30625 0.3611111111111111 0.08125 0.10555555555555556
2 0.470703125 0.41875 0.11015625 0.1597222222222222
2 0.43125 0.36527777777777776 0.025 0.041666666666666664
2 0.515234375 0.36875 0.01640625 0.04027777777777778
