9 0.594921875 0.1625 0.20078125 0.12777777777777777
3 0.73203125 0.4861111111111111 0.3328125 0.3111111111111111
2 0.56015625 0.4652777777777778 0.025 0.044444444444444446
2 0.512890625 0.45625 0.02421875 0.034722222222222224
2 0.532421875 0.45625 0.01484375 0.020833333333333332
3 0.398828125 0.4305555555555556 0.02890625 0.058333333333333334
2 0.4328125 0.42083333333333334 0.0140625 0.013888888888888888
2 0.41484375 0.4222222222222222 0.0078125 0.025
9 0.428125 0.3902777777777778 0.0046875 0.025
9 0.471484375 0.3 0.01953125 0.016666666666666666
2 0.533203125 0.43819444444444444 0.01484375 0.015277777777777777
9 0.353515625 0.3840277777777778 0.01015625 0.018055555555555554
9 0.3828125 0.3840277777777778 0.0375 0.018055555555555554
