8 0.410546875 0.19236111111111112 0.01171875 0.05138888888888889
8 0.481640625 0.2076388888888889 0.01328125 0.05416666666666667
8 0.56953125 0.23194444444444445 0.0140625 0.04722222222222222
9 0.5625 0.37916666666666665 0.021875 0.041666666666666664
9 0.590234375 0.36319444444444443 0.01328125 0.034722222222222224
9 0.49921875 0.3819444444444444 0.009375 0.016666666666666666
9 0.409765625 0.36944444444444446 0.01328125 0.027777777777777776
8 0.309765625 0.3368055555555556 0.00703125 0.015277777777777777
8 0.33125 0.3388888888888889 0.0109375 0.019444444444444445
2 0.43046875 0.41041666666666665 0.0328125 0.043055555555555555
