9 0.64609375 0.3951388888888889 0.009375 0.015277777777777777
4 0.626953125 0.4076388888888889 0.01328125 0.020833333333333332
4 0.712109375 0.375 0.01328125 0.025
4 0.700390625 0.38055555555555554 0.01015625 0.027777777777777776
2 0.690625 0.3993055555555556 0.0109375 0.0125
2 0.676953125 0.41180555555555554 0.01171875 0.020833333333333332
9 0.6765625 0.39375 0.0109375 0.02361111111111111
2 0.654296875 0.4222222222222222 0.01953125 0.016666666666666666
2 0.59765625 0.4201388888888889 0.0171875 0.020833333333333332
4 0.570703125 0.41388888888888886 0.03515625 0.03333333333333333
2 0.540625 0.4173611111111111 0.025 0.02361111111111111
2 0.5140625 0.41805555555555557 0.0171875 0.022222222222222223
2 0.541796875 0.44305555555555554 0.04453125 0.044444444444444446
2 0.455859375 0.45 0.06796875 0.08055555555555556
9 0.476953125 0.40069444444444446 0.01796875 0.02638888888888889
2 0.09921875 0.5173611111111112 0.1984375 0.22361111111111112
2 0.690234375 0.4263888888888889 0.01640625 0.03333333333333333
2 0.745703125 0.41805555555555557 0.01796875 0.025
9 0.830078125 0.4013888888888889 0.01328125 0.016666666666666666
3 0.883984375 0.4284722222222222 0.06328125 0.0375
2 0.9734375 0.4895833333333333 0.053125 0.12916666666666668
