2 0.560546875 0.4354166666666667 0.03359375 0.05416666666666667
2 0.5734375 0.4465277777777778 0.03125 0.05138888888888889
2 0.61171875 0.4465277777777778 0.071875 0.09861111111111111
2 0.633984375 0.47152777777777777 0.06015625 0.09583333333333334
2 0.454296875 0.4215277777777778 0.01640625 0.02638888888888889
2 0.43203125 0.4083333333333333 0.025 0.058333333333333334
2 0.415625 0.41805555555555557 0.025 0.05
2 0.396484375 0.41944444444444445 0.02578125 0.058333333333333334
2 0.374609375 0.4215277777777778 0.05078125 0.0625
2 0.318359375 0.44027777777777777 0.07421875 0.1
2 0.198046875 0.4375 0.17421875 0.2
2 0.472265625 0.42430555555555555 0.01640625 0.02638888888888889
2 0.694140625 0.50625 0.13203125 0.15416666666666667
9 0.679296875 0.33541666666666664 0.01640625 0.020833333333333332
9 0.034765625 0.14097222222222222 0.04921875 0.029166666666666667
9 0.0828125 0.13541666666666666 0.0296875 0.04027777777777778
8 0.033203125 0.2375 0.04296875 0.06944444444444445
8 0.074609375 0.24861111111111112 0.01953125 0.04722222222222222
8 0.45234375 0.3451388888888889 0.00625 0.02361111111111111
8 0.512109375 0.3590277777777778 0.00234375 0.020833333333333332
8 0.51640625 0.35625 0.003125 0.03194444444444444
2 0.494921875 0.43125 0.01015625 0.020833333333333332
2 0.508203125 0.43472222222222223 0.01640625 0.025
2 0.530078125 0.4340277777777778 0.02421875 0.03194444444444444
