9 0.6453125 0.013888888888888888 0.0875 0.027777777777777776
9 0.75703125 0.05347222222222222 0.0875 0.034722222222222224
9 0.751953125 0.11458333333333333 0.11328125 0.08472222222222223
9 0.61484375 0.10694444444444444 0.165625 0.1638888888888889
9 0.676171875 0.30486111111111114 0.01328125 0.018055555555555554
9 0.60625 0.3638888888888889 0.009375 0.016666666666666666
2 0.423828125 0.38333333333333336 0.03046875 0.03333333333333333
2 0.382421875 0.3798611111111111 0.02578125 0.02638888888888889
2 0.2390625 0.38263888888888886 0.053125 0.04583333333333333
2 0.34140625 0.37777777777777777 0.0296875 0.030555555555555555
2 0.31796875 0.3770833333333333 0.0171875 0.020833333333333332
2 0.29765625 0.38263888888888886 0.028125 0.03194444444444444
2 0.571484375 0.38819444444444445 0.05703125 0.09583333333333334
2 0.514453125 0.38125 0.02109375 0.02638888888888889
2 0.60546875 0.3875 0.0140625 0.022222222222222223
2 0.9734375 0.5097222222222222 0.05 0.12777777777777777
