8 0.426171875 0.38680555555555557 0.00703125 0.02361111111111111
9 0.587109375 0.42777777777777776 0.01171875 0.016666666666666666
9 0.587109375 0.4097222222222222 0.01171875 0.019444444444444445
9 0.563671875 0.44166666666666665 0.01171875 0.025
2 0.384765625 0.50625 0.03359375 0.08472222222222223
3 0.501953125 0.4673611111111111 0.06640625 0.14305555555555555
3 0.4375 0.46041666666666664 0.0578125 0.12361111111111112
2 0.632421875 0.5118055555555555 0.05234375 0.07361111111111111
2 0.554296875 0.5270833333333333 0.07734375 0.11805555555555555
3 0.1984375 0.3770833333333333 0.396875 0.6513888888888889
