9 0.342578125 0.4305555555555556 0.03203125 0.03888888888888889
3 0.4984375 0.4965277777777778 0.034375 0.08472222222222223
4 0.134765625 0.4965277777777778 0.08359375 0.07083333333333333
4 0.267578125 0.5041666666666667 0.02578125 0.030555555555555555
2 0.43359375 0.51875 0.0109375 0.020833333333333332
2 0.40078125 0.5180555555555556 0.0109375 0.019444444444444445
2 0.334375 0.5125 0.0125 0.013888888888888888
3 0.3078125 0.5104166666666666 0.01875 0.029166666666666667
2 0.290625 0.5125 0.0203125 0.025
2 0.25859375 0.5166666666666667 0.0265625 0.022222222222222223
2 0.191015625 0.5180555555555556 0.04296875 0.03888888888888889
2 0.094921875 0.5104166666666666 0.06015625 0.05416666666666667
2 0.56953125 0.5298611111111111 0.034375 0.043055555555555555
2 0.4640625 0.5409722222222222 0.05625 0.09027777777777778
2 0.415234375 0.5076388888888889 0.02578125 0.04861111111111111
