9 0.331640625 0.6076388888888888 0.00859375 0.018055555555555554
9 0.509765625 0.6013888888888889 0.00703125 0.022222222222222223
8 0.38203125 0.5590277777777778 0.0046875 0.02361111111111111
8 0.4671875 0.5597222222222222 0.0046875 0.019444444444444445
8 0.496875 0.5590277777777778 0.00625 0.018055555555555554
9 0.76484375 0.5138888888888888 0.0140625 0.044444444444444446
3 0.23125 0.6243055555555556 0.1625 0.2902777777777778
2 0.455859375 0.6548611111111111 0.04296875 0.0625
2 0.740234375 0.7048611111111112 0.19765625 0.20416666666666666
2 0.6390625 0.6708333333333333 0.0546875 0.06388888888888888
2 0.581640625 0.6604166666666667 0.04921875 0.05416666666666667
2 0.52109375 0.6465277777777778 0.0328125 0.03194444444444444
2 0.480859375 0.6472222222222223 0.01953125 0.03888888888888889
2 0.403125 0.6381944444444444 0.021875 0.043055555555555555
2 0.34296875 0.64375 0.0265625 0.034722222222222224
2 0.36328125 0.6430555555555556 0.0140625 0.019444444444444445
2 0.373828125 0.6347222222222222 0.01015625 0.013888888888888888
2 0.418359375 0.6340277777777777 0.00859375 0.015277777777777777
2 0.981640625 0.7805555555555556 0.03359375 0.08611111111111111
