1 0.896875 0.6743055555555556 0.1890625 0.6458333333333334
3 0.866015625 0.35347222222222224 0.26640625 0.3902777777777778
2 0.061328125 0.42986111111111114 0.12109375 0.40694444444444444
3 0.358984375 0.3402777777777778 0.06484375 0.10833333333333334
3 0.518359375 0.30625 0.16328125 0.1875
2 0.3046875 0.34444444444444444 0.028125 0.022222222222222223
2 0.21640625 0.35347222222222224 0.01875 0.018055555555555554
2 0.171875 0.39791666666666664 0.0609375 0.10416666666666667
2 0.368359375 0.4013888888888889 0.05390625 0.09444444444444444
2 0.415234375 0.45694444444444443 0.09296875 0.16944444444444445
2 0.28828125 0.3625 0.0609375 0.025
2 0.231640625 0.35 0.02265625 0.025
3 0.65078125 0.5527777777777778 0.428125 0.4388888888888889
2 0.2546875 0.5527777777777778 0.2703125 0.38055555555555554
8 0.20859375 0.28194444444444444 0.00625 0.030555555555555555
8 0.21640625 0.2833333333333333 0.00625 0.025
9 0.25546875 0.30416666666666664 0.0140625 0.03611111111111111
