9 0.726953125 0.34375 0.06640625 0.06527777777777778
9 0.792578125 0.4048611111111111 0.01328125 0.02361111111111111
9 0.765625 0.39166666666666666 0.0078125 0.013888888888888888
9 0.733203125 0.38819444444444445 0.00859375 0.009722222222222222
9 0.576953125 0.38472222222222224 0.00703125 0.013888888888888888
9 0.49453125 0.38333333333333336 0.0078125 0.011111111111111112
2 0.863671875 0.3854166666666667 0.03828125 0.03194444444444444
2 0.82890625 0.3625 0.028125 0.022222222222222223
2 0.870703125 0.3590277777777778 0.03046875 0.020833333333333332
2 0.908984375 0.35694444444444445 0.02890625 0.027777777777777776
2 0.9359375 0.35625 0.0265625 0.029166666666666667
2 0.953515625 0.3541666666666667 0.03046875 0.03333333333333333
2 0.725390625 0.39652777777777776 0.03359375 0.0375
2 0.6921875 0.3993055555555556 0.053125 0.04583333333333333
