9 0.60859375 0.4263888888888889 0.01875 0.03333333333333333
2 0.186328125 0.5097222222222222 0.05078125 0.030555555555555555
2 0.52734375 0.4722222222222222 0.0203125 0.019444444444444445
2 0.580078125 0.46805555555555556 0.01796875 0.019444444444444445
2 0.573828125 0.49583333333333335 0.02109375 0.022222222222222223
2 0.641796875 0.48819444444444443 0.05390625 0.0375
9 0.636328125 0.45416666666666666 0.01171875 0.022222222222222223
2 0.52109375 0.5076388888888889 0.0359375 0.04583333333333333
2 0.460546875 0.53125 0.06328125 0.09027777777777778
2 0.766796875 0.45625 0.02421875 0.02638888888888889
2 0.78203125 0.45625 0.025 0.02638888888888889
2 0.806640625 0.45416666666666666 0.03359375 0.030555555555555555
2 0.83046875 0.45208333333333334 0.0359375 0.034722222222222224
2 0.848828125 0.4527777777777778 0.04296875 0.044444444444444446
