8 0.3125 0.4111111111111111 0.01875 0.07777777777777778
8 0.640234375 0.39791666666666664 0.02265625 0.07361111111111111
8 0.62890625 0.39652777777777776 0.0125 0.0625
8 0.4578125 0.6229166666666667 0.009375 0.03194444444444444
8 0.508984375 0.6215277777777778 0.01015625 0.029166666666666667
8 0.50234375 0.6388888888888888 0.0125 0.022222222222222223
8 0.846875 0.6013888888888889 0.025 0.058333333333333334
8 0.625390625 0.6548611111111111 0.00859375 0.02638888888888889
9 0.94609375 0.39444444444444443 0.046875 0.08055555555555556
9 0.966796875 0.4909722222222222 0.03828125 0.10416666666666667
9 0.925 0.4798611111111111 0.0328125 0.06805555555555555
9 0.798828125 0.2520833333333333 0.01796875 0.0375
9 0.65703125 0.6652777777777777 0.0078125 0.03333333333333333
8 0.160546875 0.58125 0.01640625 0.04027777777777778
8 0.181640625 0.5847222222222223 0.02265625 0.03611111111111111
9 0.944921875 0.7625 0.02265625 0.08333333333333333
2 0.37265625 0.7034722222222223 0.025 0.05694444444444444
2 0.544921875 0.7270833333333333 0.02265625 0.04583333333333333
2 0.4328125 0.70625 0.025 0.05416666666666667
2 0.34296875 0.7090277777777778 0.04375 0.0625
2 0.4890625 0.6743055555555556 0.0265625 0.020833333333333332
2 0.5671875 0.7298611111111111 0.046875 0.05138888888888889
2 0.4015625 0.7131944444444445 0.0625 0.0763888888888889
9 0.547265625 0.6416666666666667 0.01015625 0.008333333333333333
9 0.53515625 0.6486111111111111 0.0109375 0.008333333333333333
9 0.548046875 0.6618055555555555 0.01015625 0.0125
2 0.448046875 0.7055555555555556 0.02421875 0.04722222222222222
2 0.4625 0.7041666666666667 0.01875 0.044444444444444446
9 0.181640625 0.5083333333333333 0.03203125 0.022222222222222223
9 0.90390625 0.4166666666666667 0.0421875 0.11666666666666667
