2 0.41640625 0.5111111111111111 0.0140625 0.022222222222222223
2 0.428515625 0.5076388888888889 0.01015625 0.015277777777777777
2 0.44140625 0.5076388888888889 0.0140625 0.020833333333333332
2 0.464453125 0.5263888888888889 0.01171875 0.016666666666666666
2 0.5125 0.5298611111111111 0.0171875 0.020833333333333332
2 0.528515625 0.5340277777777778 0.02734375 0.029166666666666667
2 0.57109375 0.5409722222222222 0.034375 0.05138888888888889
2 0.59921875 0.5458333333333333 0.046875 0.05555555555555555
2 0.405078125 0.5270833333333333 0.01796875 0.02638888888888889
2 0.39453125 0.5277777777777778 0.0203125 0.025
2 0.38359375 0.5326388888888889 0.0125 0.02638888888888889
2 0.370703125 0.5340277777777778 0.02734375 0.029166666666666667
2 0.3 0.5375 0.0359375 0.041666666666666664
2 0.270703125 0.5354166666666667 0.03515625 0.04861111111111111
2 0.236328125 0.5388888888888889 0.04296875 0.058333333333333334
2 0.10390625 0.5479166666666667 0.040625 0.0763888888888889
2 0.194140625 0.5458333333333333 0.05859375 0.06111111111111111
2 0.02578125 0.5590277777777778 0.0515625 0.08472222222222223
2 0.49453125 0.5319444444444444 0.0140625 0.025
2 0.476953125 0.5333333333333333 0.02265625 0.03888888888888889
8 0.853125 0.03125 0.0171875 0.04583333333333333
8 0.885546875 0.03125 0.01328125 0.04583333333333333
8 0.8609375 0.4576388888888889 0.0171875 0.03194444444444444
8 0.88671875 0.45694444444444443 0.025 0.03888888888888889
8 0.75546875 0.225 0.021875 0.06111111111111111
8 0.3296875 0.29444444444444445 0.0171875 0.04722222222222222
9 0.3296875 0.4048611111111111 0.040625 0.034722222222222224
9 0.346875 0.46111111111111114 0.021875 0.013888888888888888
9 0.52109375 0.4722222222222222 0.021875 0.019444444444444445
9 0.67890625 0.47152777777777777 0.0203125 0.043055555555555555
9 0.80859375 0.2604166666666667 0.0875 0.04861111111111111
9 0.87109375 0.29305555555555557 0.028125 0.041666666666666664
9 0.86640625 0.39375 0.03125 0.02638888888888889
8 0.570703125 0.3798611111111111 0.01328125 0.034722222222222224
8 0.540234375 0.4847222222222222 0.00859375 0.025
8 0.505859375 0.4756944444444444 0.00859375 0.02638888888888889
8 0.4578125 0.5 0.009375 0.019444444444444445
8 0.6578125 0.11736111111111111 0.0484375 0.18194444444444444
8 0.708984375 0.10486111111111111 0.03984375 0.19027777777777777
