9 0.5765625 0.21805555555555556 0.03125 0.025
9 0.576171875 0.2388888888888889 0.02578125 0.016666666666666666
9 0.577734375 0.2763888888888889 0.01328125 0.027777777777777776
9 0.940234375 0.13541666666666666 0.04453125 0.10416666666666667
9 0.937109375 0.20416666666666666 0.04765625 0.05555555555555555
9 0.423828125 0.28194444444444444 0.01015625 0.022222222222222223
2 0.298828125 0.32708333333333334 0.01328125 0.03194444444444444
2 0.293359375 0.33194444444444443 0.02265625 0.022222222222222223
2 0.290625 0.3548611111111111 0.015625 0.034722222222222224
2 0.273828125 0.35208333333333336 0.02109375 0.0375
2 0.245703125 0.3194444444444444 0.03671875 0.027777777777777776
2 0.166796875 0.33541666666666664 0.07578125 0.05416666666666667
2 0.13828125 0.34097222222222223 0.071875 0.05138888888888889
2 0.103515625 0.34097222222222223 0.04765625 0.05416666666666667
2 0.0546875 0.3347222222222222 0.090625 0.07222222222222222
2 0.040234375 0.34305555555555556 0.04609375 0.05555555555555555
2 0.016015625 0.3402777777777778 0.03203125 0.075
2 0.240625 0.3527777777777778 0.0453125 0.05
2 0.322265625 0.3215277777777778 0.01484375 0.02361111111111111
2 0.510546875 0.3902777777777778 0.06796875 0.07777777777777778
2 0.39921875 0.31666666666666665 0.0203125 0.022222222222222223
2 0.376953125 0.3263888888888889 0.01953125 0.022222222222222223
2 0.355078125 0.33125 0.02421875 0.018055555555555554
2 0.397265625 0.34305555555555556 0.01640625 0.025
2 0.4 0.3506944444444444 0.0140625 0.02361111111111111
2 0.4125 0.3590277777777778 0.0140625 0.0375
2 0.41328125 0.36527777777777776 0.0125 0.027777777777777776
2 0.428125 0.3625 0.0203125 0.044444444444444446
2 0.44921875 0.3701388888888889 0.034375 0.059722222222222225
2 0.462890625 0.3784722222222222 0.02578125 0.059722222222222225
2 0.478125 0.38333333333333336 0.028125 0.06666666666666667
2 0.810546875 0.4083333333333333 0.12890625 0.09444444444444444
2 0.894921875 0.4798611111111111 0.20703125 0.3375
