2 0.81328125 0.6368055555555555 0.371875 0.35694444444444445
2 0.18828125 0.47847222222222224 0.08125 0.09027777777777778
2 0.41484375 0.5236111111111111 0.096875 0.1638888888888889
2 0.628125 0.5256944444444445 0.1703125 0.24027777777777778
2 0.5359375 0.5388888888888889 0.0578125 0.09444444444444444
2 0.3640625 0.49583333333333335 0.015625 0.030555555555555555
2 0.35234375 0.49444444444444446 0.0140625 0.027777777777777776
2 0.3375 0.4909722222222222 0.021875 0.029166666666666667
3 0.463671875 0.4909722222222222 0.02109375 0.06805555555555555
2 0.462109375 0.5041666666666667 0.01171875 0.04722222222222222
9 0.323046875 0.40902777777777777 0.02578125 0.015277777777777777
9 0.450390625 0.4131944444444444 0.03203125 0.018055555555555554
9 0.46796875 0.43472222222222223 0.0109375 0.041666666666666664
8 0.346484375 0.40902777777777777 0.00390625 0.02638888888888889
8 0.41328125 0.41388888888888886 0.003125 0.019444444444444445
8 0.350390625 0.4083333333333333 0.00390625 0.022222222222222223
8 0.417578125 0.41388888888888886 0.00390625 0.019444444444444445
8 0.40859375 0.4131944444444444 0.0046875 0.020833333333333332
8 0.3421875 0.40902777777777777 0.0046875 0.02638888888888889
