8 0.135546875 0.050694444444444445 0.03046875 0.09583333333333334
8 0.167578125 0.049305555555555554 0.02578125 0.09583333333333334
8 0.7640625 0.25069444444444444 0.01875 0.059722222222222225
8 0.74453125 0.40208333333333335 0.0140625 0.0375
8 0.078515625 0.3194444444444444 0.01015625 0.03333333333333333
8 0.062109375 0.31875 0.01171875 0.034722222222222224
8 0.772265625 0.4048611111111111 0.02109375 0.0375
8 0.619921875 0.4354166666666667 0.01015625 0.020833333333333332
9 0.771484375 0.31180555555555556 0.03203125 0.020833333333333332
2 0.43984375 0.49166666666666664 0.0359375 0.07777777777777778
2 0.321875 0.4826388888888889 0.0546875 0.09583333333333334
2 0.294140625 0.49375 0.06171875 0.09583333333333334
2 0.591796875 0.5125 0.03671875 0.06388888888888888
2 0.140234375 0.5083333333333333 0.28046875 0.20277777777777778
2 0.38359375 0.4930555555555556 0.0828125 0.10833333333333334
2 0.51171875 0.5388888888888889 0.1421875 0.23333333333333334
9 0.10078125 0.24027777777777778 0.040625 0.08333333333333333
