8 0.425390625 0.32083333333333336 0.00546875 0.022222222222222223
8 0.337890625 0.36180555555555555 0.00390625 0.015277777777777777
2 0.376953125 0.33125 0.01015625 0.015277777777777777
2 0.3640625 0.3506944444444444 0.0140625 0.02361111111111111
2 0.383984375 0.33958333333333335 0.01015625 0.015277777777777777
2 0.38125 0.35347222222222224 0.0125 0.0125
2 0.38125 0.3645833333333333 0.0125 0.020833333333333332
2 0.395703125 0.32916666666666666 0.00859375 0.011111111111111112
2 0.397265625 0.34305555555555556 0.01171875 0.016666666666666666
2 0.403125 0.36666666666666664 0.015625 0.022222222222222223
2 0.405859375 0.32708333333333334 0.00703125 0.015277777777777777
2 0.41015625 0.34444444444444444 0.0125 0.019444444444444445
2 0.4234375 0.34444444444444444 0.00625 0.025
3 0.43359375 0.3625 0.0203125 0.03888888888888889
2 0.446875 0.4215277777777778 0.0375 0.05416666666666667
2 0.4953125 0.4263888888888889 0.0796875 0.11388888888888889
2 0.318359375 0.40902777777777777 0.01796875 0.0375
2 0.2875 0.40902777777777777 0.075 0.11805555555555555
2 0.25859375 0.4340277777777778 0.0671875 0.10416666666666667
3 0.18359375 0.42083333333333334 0.1046875 0.17777777777777778
2 0.391015625 0.4354166666666667 0.08828125 0.12083333333333333
2 0.800390625 0.46944444444444444 0.11015625 0.12777777777777777
2 0.640625 0.4548611111111111 0.225 0.2569444444444444
9 0.47265625 0.35138888888888886 0.015625 0.008333333333333333
9 0.325 0.32083333333333336 0.0109375 0.027777777777777776
