9 0.1 0.33055555555555555 0.0375 0.041666666666666664
9 0.740234375 0.3875 0.03046875 0.03888888888888889
2 0.461328125 0.5270833333333333 0.01015625 0.015277777777777777
2 0.455859375 0.5354166666666667 0.01015625 0.020833333333333332
2 0.4453125 0.5215277777777778 0.0234375 0.034722222222222224
2 0.443359375 0.5305555555555556 0.01484375 0.03611111111111111
2 0.43125 0.5361111111111111 0.0171875 0.041666666666666664
2 0.42578125 0.5409722222222222 0.01875 0.05138888888888889
2 0.40859375 0.54375 0.0265625 0.05694444444444444
2 0.385546875 0.5472222222222223 0.05390625 0.07222222222222222
2 0.21796875 0.5902777777777778 0.178125 0.225
2 0.4921875 0.5340277777777778 0.009375 0.02361111111111111
2 0.499609375 0.53125 0.01015625 0.02361111111111111
2 0.5046875 0.5375 0.0125 0.03888888888888889
2 0.514453125 0.5388888888888889 0.01953125 0.04722222222222222
2 0.520703125 0.5444444444444444 0.02109375 0.058333333333333334
2 0.53515625 0.5493055555555556 0.03125 0.07361111111111111
2 0.567578125 0.5541666666666667 0.06484375 0.09722222222222222
2 0.6015625 0.5854166666666667 0.059375 0.13194444444444445
2 0.669921875 0.6076388888888888 0.15703125 0.2513888888888889
2 0.475390625 0.5229166666666667 0.01328125 0.02361111111111111
2 0.359765625 0.5631944444444444 0.07421875 0.0875
2 0.10859375 0.6770833333333334 0.2171875 0.4652777777777778
2 0.8375 0.6618055555555555 0.3234375 0.5986111111111111
