8 0.40625 0.17291666666666666 0.0171875 0.08472222222222223
9 0.309375 0.5145833333333333 0.0234375 0.04861111111111111
9 0.405078125 0.11388888888888889 0.01484375 0.030555555555555555
9 0.046875 0.10069444444444445 0.025 0.043055555555555555
8 0.047265625 0.16805555555555557 0.02421875 0.08888888888888889
9 0.686328125 0.40902777777777777 0.02109375 0.034722222222222224
9 0.658984375 0.47708333333333336 0.01640625 0.02638888888888889
8 0.663671875 0.4041666666666667 0.01484375 0.044444444444444446
9 0.52265625 0.4930555555555556 0.009375 0.022222222222222223
2 0.519140625 0.5340277777777778 0.02109375 0.029166666666666667
2 0.81015625 0.5888888888888889 0.378125 0.34444444444444444
