8 0.421875 0.4375 0.0078125 0.019444444444444445
8 0.49140625 0.44166666666666665 0.009375 0.013888888888888888
9 0.139453125 0.39861111111111114 0.02734375 0.03888888888888889
9 0.5484375 0.4701388888888889 0.0125 0.015277777777777777
8 0.70859375 0.4534722222222222 0.0109375 0.0125
2 0.398828125 0.49027777777777776 0.03046875 0.030555555555555555
2 0.480078125 0.48333333333333334 0.01640625 0.022222222222222223
2 0.443359375 0.4888888888888889 0.04921875 0.08888888888888889
2 0.50234375 0.5013888888888889 0.0359375 0.05
2 0.6671875 0.4888888888888889 0.0328125 0.03333333333333333
2 0.689453125 0.49722222222222223 0.02109375 0.03611111111111111
2 0.714453125 0.5 0.03359375 0.05
2 0.74140625 0.49722222222222223 0.0203125 0.03333333333333333
2 0.75859375 0.5006944444444444 0.025 0.04583333333333333
2 0.776171875 0.4986111111111111 0.03515625 0.04722222222222222
2 0.8109375 0.49722222222222223 0.0328125 0.05555555555555555
2 0.841015625 0.49930555555555556 0.03046875 0.05416666666666667
2 0.866796875 0.5048611111111111 0.03359375 0.05694444444444444
2 0.89921875 0.5055555555555555 0.034375 0.05277777777777778
2 0.95703125 0.5173611111111112 0.0328125 0.04583333333333333
2 0.9859375 0.5131944444444444 0.025 0.04027777777777778
2 0.608203125 0.5458333333333333 0.13359375 0.15
