8 0.311328125 0.4479166666666667 0.01015625 0.034722222222222224
8 0.50078125 0.47152777777777777 0.00625 0.03194444444444444
8 0.322265625 0.44722222222222224 0.00703125 0.03611111111111111
8 0.507421875 0.47291666666666665 0.01015625 0.043055555555555555
8 0.687890625 0.5291666666666667 0.02265625 0.03888888888888889
8 0.106640625 0.5590277777777778 0.01953125 0.02638888888888889
8 0.1328125 0.4673611111111111 0.0109375 0.05416666666666667
9 0.58125 0.5555555555555556 0.0109375 0.027777777777777776
9 0.5984375 0.5458333333333333 0.0203125 0.008333333333333333
9 0.596484375 0.5340277777777778 0.01484375 0.015277777777777777
9 0.605859375 0.5159722222222223 0.01953125 0.0125
9 0.7046875 0.5229166666666667 0.028125 0.034722222222222224
9 0.127734375 0.5041666666666667 0.02265625 0.019444444444444445
9 0.430078125 0.5416666666666666 0.01640625 0.025
2 0.493359375 0.6444444444444445 0.05703125 0.11666666666666667
2 0.07890625 0.6590277777777778 0.1578125 0.1736111111111111
2 0.358984375 0.7409722222222223 0.28046875 0.3736111111111111
2 0.8109375 0.6631944444444444 0.234375 0.26805555555555555
