9 0.536328125 0.22708333333333333 0.15859375 0.11805555555555555
2 0.404296875 0.46875 0.01328125 0.009722222222222222
2 0.4015625 0.4777777777777778 0.0109375 0.013888888888888888
2 0.33046875 0.48819444444444443 0.0125 0.0125
2 0.344921875 0.4951388888888889 0.01796875 0.02638888888888889
2 0.33671875 0.5138888888888888 0.0171875 0.03611111111111111
2 0.312109375 0.4722222222222222 0.01640625 0.016666666666666666
2 0.273828125 0.5 0.02109375 0.05
2 0.256640625 0.4895833333333333 0.01796875 0.02361111111111111
2 0.225 0.48819444444444443 0.0265625 0.02638888888888889
3 0.376953125 0.4756944444444444 0.03984375 0.06527777777777778
2 0.403125 0.49930555555555556 0.03125 0.0375
2 0.4515625 0.4986111111111111 0.0328125 0.06111111111111111
2 0.300390625 0.5166666666666667 0.06015625 0.07777777777777778
2 0.121875 0.5784722222222223 0.24375 0.29583333333333334
9 0.18203125 0.41041666666666665 0.040625 0.029166666666666667
