2 0.354296875 0.42569444444444443 0.02578125 0.0375
2 0.32890625 0.4305555555555556 0.01875 0.03333333333333333
2 0.308984375 0.4270833333333333 0.03046875 0.04861111111111111
2 0.25703125 0.4263888888888889 0.0453125 0.06388888888888888
2 0.446484375 0.4388888888888889 0.02578125 0.030555555555555555
2 0.50234375 0.44375 0.0125 0.020833333333333332
2 0.519140625 0.44513888888888886 0.01171875 0.02638888888888889
2 0.528515625 0.44722222222222224 0.01171875 0.030555555555555555
2 0.546484375 0.45 0.01796875 0.041666666666666664
2 0.559375 0.45208333333333334 0.025 0.04583333333333333
2 0.56796875 0.4597222222222222 0.0265625 0.03888888888888889
2 0.5921875 0.45208333333333334 0.0390625 0.059722222222222225
2 0.606640625 0.46458333333333335 0.04765625 0.05694444444444444
2 0.630859375 0.46458333333333335 0.03828125 0.07361111111111111
2 0.655078125 0.48055555555555557 0.04765625 0.06666666666666667
2 0.383984375 0.44513888888888886 0.05859375 0.07083333333333333
2 0.18515625 0.42916666666666664 0.1125 0.10833333333333334
8 0.015625 0.30416666666666664 0.0296875 0.03333333333333333
8 0.037890625 0.30694444444444446 0.01484375 0.03611111111111111
8 0.803125 0.3875 0.028125 0.03888888888888889
8 0.8234375 0.38958333333333334 0.01875 0.0375
8 0.456640625 0.25277777777777777 0.01640625 0.041666666666666664
9 0.629296875 0.3909722222222222 0.00859375 0.029166666666666667
9 0.81953125 0.35 0.0125 0.027777777777777776
8 0.36015625 0.24444444444444444 0.0078125 0.03888888888888889
8 0.431640625 0.3854166666666667 0.00390625 0.02638888888888889
8 0.45625 0.38958333333333334 0.003125 0.029166666666666667
