8 0.4609375 0.43819444444444444 0.0078125 0.015277777777777777
8 0.433203125 0.4305555555555556 0.00546875 0.016666666666666666
9 0.928125 0.2611111111111111 0.0453125 0.041666666666666664
2 0.46796875 0.475 0.0125 0.016666666666666666
2 0.47890625 0.4736111111111111 0.0203125 0.03611111111111111
2 0.494921875 0.4875 0.02734375 0.041666666666666664
2 0.517578125 0.4965277777777778 0.03828125 0.04583333333333333
2 0.56015625 0.5069444444444444 0.05625 0.08333333333333333
2 0.55625 0.5222222222222223 0.0328125 0.06111111111111111
2 0.58515625 0.5243055555555556 0.059375 0.0875
2 0.6171875 0.5465277777777777 0.0640625 0.09027777777777778
2 0.781640625 0.5534722222222223 0.26484375 0.2875
2 0.448046875 0.4791666666666667 0.01171875 0.016666666666666666
2 0.436328125 0.475 0.01171875 0.016666666666666666
2 0.42265625 0.4701388888888889 0.015625 0.02638888888888889
2 0.41328125 0.4701388888888889 0.0203125 0.034722222222222224
2 0.39140625 0.4736111111111111 0.03125 0.05555555555555555
2 0.356640625 0.47847222222222224 0.04296875 0.07916666666666666
2 0.338671875 0.4798611111111111 0.04296875 0.09027777777777778
2 0.280859375 0.48055555555555557 0.10234375 0.1388888888888889
2 0.231640625 0.5048611111111111 0.10859375 0.14583333333333334
2 0.125 0.5270833333333333 0.2078125 0.2125
2 0.041015625 0.5590277777777778 0.08046875 0.15694444444444444
2 0.884765625 0.6770833333333334 0.22578125 0.38472222222222224
8 0.14921875 0.32708333333333334 0.0140625 0.0375
9 0.16171875 0.33402777777777776 0.0109375 0.03194444444444444
