8 0.35078125 0.05347222222222222 0.015625 0.029166666666666667
8 0.5765625 0.1798611111111111 0.0125 0.020833333333333332
8 0.456640625 0.28541666666666665 0.01171875 0.018055555555555554
8 0.6609375 0.22291666666666668 0.015625 0.02361111111111111
8 0.774609375 0.27569444444444446 0.01171875 0.029166666666666667
9 0.662890625 0.23958333333333334 0.02578125 0.018055555555555554
9 0.84375 0.2847222222222222 0.028125 0.05
9 0.730859375 0.2659722222222222 0.01640625 0.04583333333333333
9 0.33046875 0.25972222222222224 0.0140625 0.025
9 0.583984375 0.2902777777777778 0.01171875 0.025
9 0.2171875 0.027083333333333334 0.01875 0.043055555555555555
9 0.03359375 0.09513888888888888 0.0359375 0.029166666666666667
9 0.3640625 0.28194444444444444 0.0140625 0.016666666666666666
9 0.5234375 0.3111111111111111 0.009375 0.016666666666666666
9 0.549609375 0.30625 0.01015625 0.009722222222222222
8 0.012890625 0.18541666666666667 0.01953125 0.04027777777777778
2 0.484765625 0.33194444444444443 0.01171875 0.025
2 0.490625 0.33402777777777776 0.009375 0.020833333333333332
2 0.49765625 0.33194444444444443 0.009375 0.025
2 0.51015625 0.33611111111111114 0.03125 0.041666666666666664
2 0.54296875 0.34444444444444444 0.0421875 0.058333333333333334
2 0.453125 0.3277777777777778 0.009375 0.025
2 0.437890625 0.32708333333333334 0.03046875 0.043055555555555555
2 0.46796875 0.3333333333333333 0.03125 0.044444444444444446
2 0.401953125 0.33819444444444446 0.05390625 0.07083333333333333
2 0.315625 0.34791666666666665 0.134375 0.1597222222222222
2 0.808984375 0.45694444444444443 0.30859375 0.31666666666666665
2 0.5765625 0.34652777777777777 0.0296875 0.05416666666666667
9 0.77109375 0.1840277777777778 0.03125 0.029166666666666667
