2 0.366796875 0.35347222222222224 0.01328125 0.02638888888888889
3 0.383984375 0.3423611111111111 0.02109375 0.043055555555555555
2 0.3890625 0.3548611111111111 0.0140625 0.02361111111111111
2 0.428515625 0.3541666666666667 0.02109375 0.027777777777777776
2 0.34453125 0.3486111111111111 0.0265625 0.025
2 0.312109375 0.3458333333333333 0.03828125 0.06111111111111111
2 0.4578125 0.34930555555555554 0.03125 0.043055555555555555
2 0.26640625 0.3645833333333333 0.0390625 0.043055555555555555
2 0.221484375 0.42291666666666666 0.09296875 0.10694444444444444
2 0.405859375 0.3458333333333333 0.02578125 0.03611111111111111
2 0.40546875 0.4263888888888889 0.0671875 0.10277777777777777
2 0.5265625 0.42916666666666664 0.0921875 0.09722222222222222
2 0.0421875 0.4548611111111111 0.084375 0.14305555555555555
2 0.116796875 0.3701388888888889 0.06953125 0.0375
2 0.146875 0.3486111111111111 0.075 0.041666666666666664
9 0.57109375 0.3111111111111111 0.0171875 0.06388888888888888
8 0.565234375 0.2590277777777778 0.01484375 0.04583333333333333
8 0.5421875 0.2833333333333333 0.0109375 0.04722222222222222
8 0.49140625 0.26666666666666666 0.009375 0.025
8 0.31171875 0.20208333333333334 0.0140625 0.04861111111111111
8 0.217578125 0.27847222222222223 0.01328125 0.04861111111111111
9 0.5 0.28125 0.015625 0.0125
