8 0.096484375 0.4479166666666667 0.01171875 0.034722222222222224
8 0.190234375 0.4673611111111111 0.01171875 0.029166666666666667
8 0.30625 0.4027777777777778 0.0078125 0.022222222222222223
8 0.440625 0.3958333333333333 0.009375 0.025
8 0.393359375 0.4597222222222222 0.00703125 0.019444444444444445
8 0.326953125 0.4548611111111111 0.00703125 0.018055555555555554
8 0.178515625 0.49444444444444446 0.01171875 0.016666666666666666
8 0.086328125 0.4861111111111111 0.01953125 0.025
9 0.096484375 0.4201388888888889 0.02109375 0.0125
9 0.08515625 0.3958333333333333 0.0203125 0.016666666666666666
9 0.138671875 0.4340277777777778 0.01171875 0.02361111111111111
9 0.248046875 0.4152777777777778 0.02890625 0.013888888888888888
9 0.23515625 0.4722222222222222 0.0109375 0.025
9 0.469921875 0.40208333333333335 0.01640625 0.020833333333333332
9 0.476171875 0.45555555555555555 0.01015625 0.019444444444444445
9 0.405078125 0.4673611111111111 0.01640625 0.0125
9 0.28984375 0.31319444444444444 0.0578125 0.018055555555555554
2 0.19296875 0.5486111111111112 0.0734375 0.08333333333333333
2 0.15390625 0.5625 0.084375 0.08055555555555556
2 0.08515625 0.5847222222222223 0.11875 0.11666666666666667
2 0.56015625 0.5236111111111111 0.053125 0.08333333333333333
2 0.426953125 0.5013888888888889 0.01484375 0.025
2 0.43671875 0.5048611111111111 0.01875 0.020833333333333332
2 0.40703125 0.5027777777777778 0.015625 0.016666666666666666
2 0.44921875 0.5131944444444444 0.025 0.029166666666666667
2 0.34375 0.50625 0.0171875 0.018055555555555554
2 0.30703125 0.5361111111111111 0.0515625 0.075
2 0.61015625 0.5368055555555555 0.0890625 0.0875
2 0.018359375 0.6166666666666667 0.03671875 0.14722222222222223
