9 0.421875 0.48194444444444445 0.0265625 0.030555555555555555
9 0.443359375 0.48125 0.01484375 0.020833333333333332
9 0.29375 0.49375 0.0109375 0.05138888888888889
2 0.315625 0.5388888888888889 0.0171875 0.019444444444444445
2 0.340625 0.5347222222222222 0.0125 0.013888888888888888
2 0.351953125 0.5319444444444444 0.01328125 0.019444444444444445
2 0.37265625 0.5277777777777778 0.015625 0.016666666666666666
2 0.419140625 0.5319444444444444 0.01015625 0.019444444444444445
2 0.43359375 0.5236111111111111 0.0078125 0.022222222222222223
2 0.44296875 0.5201388888888889 0.0078125 0.018055555555555554
2 0.35625 0.5631944444444444 0.040625 0.05416666666666667
3 0.475 0.5145833333333333 0.0625 0.15694444444444444
