8 0.530078125 0.2701388888888889 0.01484375 0.0625
8 0.01015625 0.1638888888888889 0.01875 0.08611111111111111
9 0.08203125 0.35833333333333334 0.0421875 0.03333333333333333
9 0.12578125 0.3597222222222222 0.03125 0.04722222222222222
9 0.012109375 0.3541666666666667 0.02421875 0.030555555555555555
9 0.28125 0.40625 0.0203125 0.03194444444444444
9 0.328515625 0.4236111111111111 0.06796875 0.05555555555555555
9 0.403125 0.44305555555555554 0.0171875 0.027777777777777776
9 0.825390625 0.27152777777777776 0.01953125 0.029166666666666667
9 0.80703125 0.32083333333333336 0.0515625 0.06944444444444445
9 0.8046875 0.3854166666666667 0.0484375 0.06527777777777778
9 0.803515625 0.44305555555555554 0.04609375 0.06111111111111111
8 0.96328125 0.44722222222222224 0.0125 0.03888888888888889
9 0.648046875 0.4625 0.01328125 0.027777777777777776
2 0.764453125 0.55 0.06171875 0.08055555555555556
2 0.075 0.5152777777777777 0.15 0.125
2 0.508984375 0.5138888888888888 0.03046875 0.041666666666666664
2 0.643359375 0.5222222222222223 0.01796875 0.025
2 0.48359375 0.5208333333333334 0.0421875 0.05
2 0.5921875 0.5590277777777778 0.1125 0.1597222222222222
2 0.696875 0.5597222222222222 0.0984375 0.13333333333333333
9 0.007421875 0.1 0.01171875 0.03611111111111111
9 0.5296875 0.22847222222222222 0.0125 0.018055555555555554
