2 0.84296875 0.28888888888888886 0.3109375 0.5777777777777777
4 0.0578125 0.3159722222222222 0.1140625 0.1986111111111111
2 0.615625 0.33819444444444446 0.1921875 0.20416666666666666
3 0.531640625 0.22916666666666666 0.16640625 0.26944444444444443
2 0.21015625 0.3423611111111111 0.1109375 0.12638888888888888
2 0.305859375 0.3159722222222222 0.03671875 0.05416666666666667
2 0.3609375 0.3020833333333333 0.0296875 0.05416666666666667
2 0.275 0.3090277777777778 0.025 0.05416666666666667
2 0.335546875 0.30486111111111114 0.01796875 0.03194444444444444
9 0.723828125 0.12291666666666666 0.01484375 0.06527777777777778
9 0.429296875 0.08541666666666667 0.02734375 0.034722222222222224
9 0.015625 0.1451388888888889 0.0296875 0.0125
9 0.012109375 0.1673611111111111 0.02109375 0.009722222222222222
8 0.240234375 0.12152777777777778 0.01015625 0.043055555555555555
8 0.3609375 0.09513888888888888 0.0078125 0.04861111111111111
8 0.37734375 0.24444444444444444 0.0078125 0.027777777777777776
8 0.3234375 0.2569444444444444 0.009375 0.022222222222222223
8 0.22578125 0.12291666666666666 0.0109375 0.04027777777777778
8 0.249609375 0.12291666666666666 0.00703125 0.05138888888888889
8 0.346875 0.09513888888888888 0.0125 0.0625
8 0.369140625 0.09722222222222222 0.00859375 0.05277777777777778
9 0.12890625 0.24791666666666667 0.025 0.015277777777777777
2 0.411328125 0.3138888888888889 0.02734375 0.022222222222222223
2 0.401953125 0.30486111111111114 0.02578125 0.029166666666666667
