8 0.453515625 0.3125 0.01484375 0.041666666666666664
8 0.299609375 0.2611111111111111 0.02109375 0.06111111111111111
9 0.084765625 0.16875 0.01953125 0.0763888888888889
9 0.512890625 0.46805555555555556 0.02734375 0.05
9 0.553515625 0.5166666666666667 0.01171875 0.030555555555555555
9 0.508984375 0.5020833333333333 0.01640625 0.009722222222222222
9 0.60078125 0.4534722222222222 0.0234375 0.015277777777777777
9 0.594140625 0.4361111111111111 0.02109375 0.013888888888888888
9 0.7 0.5444444444444444 0.0296875 0.013888888888888888
2 0.177734375 0.5090277777777777 0.03984375 0.05416666666666667
2 0.219140625 0.5069444444444444 0.03203125 0.03333333333333333
2 0.261328125 0.5048611111111111 0.02109375 0.02361111111111111
2 0.294921875 0.51875 0.01484375 0.02638888888888889
2 0.3109375 0.5208333333333334 0.025 0.027777777777777776
2 0.91171875 0.56875 0.025 0.043055555555555555
2 0.95 0.5777777777777777 0.0734375 0.05
2 0.8796875 0.5736111111111111 0.04375 0.05277777777777778
2 0.8484375 0.5715277777777777 0.025 0.04583333333333333
2 0.822265625 0.5659722222222222 0.03203125 0.03194444444444444
2 0.798046875 0.5694444444444444 0.05859375 0.044444444444444446
2 0.758203125 0.5659722222222222 0.03359375 0.03194444444444444
2 0.730078125 0.5548611111111111 0.02421875 0.0375
2 0.6015625 0.5388888888888889 0.03125 0.03333333333333333
2 0.636328125 0.5534722222222223 0.07734375 0.05138888888888889
2 0.55625 0.5375 0.0328125 0.016666666666666666
2 0.51328125 0.5291666666666667 0.0265625 0.022222222222222223
2 0.48515625 0.53125 0.021875 0.029166666666666667
2 0.471875 0.5208333333333334 0.0171875 0.016666666666666666
2 0.448046875 0.51875 0.01796875 0.015277777777777777
2 0.419921875 0.5166666666666667 0.02578125 0.022222222222222223
2 0.400390625 0.5152777777777777 0.02109375 0.019444444444444445
2 0.580859375 0.5256944444444445 0.02109375 0.020833333333333332
2 0.026171875 0.5076388888888889 0.05234375 0.043055555555555555
2 0.127734375 0.5131944444444444 0.06328125 0.059722222222222225
2 0.35703125 0.5347222222222222 0.071875 0.08888888888888889
2 0.98671875 0.5798611111111112 0.025 0.04583333333333333
8 0.320703125 0.2611111111111111 0.01640625 0.06944444444444445
8 0.463671875 0.3173611111111111 0.00859375 0.0375
3 0.10859375 0.48333333333333334 0.0921875 0.11388888888888889
