2 0.369140625 0.39375 0.01953125 0.043055555555555555
2 0.3515625 0.3972222222222222 0.025 0.044444444444444446
2 0.3265625 0.3958333333333333 0.0421875 0.06388888888888888
2 0.222265625 0.41388888888888886 0.04609375 0.05
2 0.456640625 0.3972222222222222 0.02734375 0.05277777777777778
2 0.496875 0.39305555555555555 0.021875 0.027777777777777776
2 0.277734375 0.3958333333333333 0.07421875 0.10555555555555556
2 0.009765625 0.4263888888888889 0.01953125 0.075
2 0.109765625 0.46319444444444446 0.20703125 0.26805555555555555
2 0.41015625 0.425 0.0953125 0.14722222222222223
8 0.32734375 0.3236111111111111 0.0109375 0.022222222222222223
8 0.4875 0.31875 0.0078125 0.020833333333333332
9 0.127734375 0.31805555555555554 0.01015625 0.019444444444444445
3 0.52578125 0.3715277777777778 0.040625 0.08472222222222223
2 0.530078125 0.37916666666666665 0.02890625 0.08055555555555556
2 0.545703125 0.38125 0.02578125 0.06805555555555555
2 0.574609375 0.3888888888888889 0.05546875 0.08611111111111111
2 0.63515625 0.40694444444444444 0.1 0.11944444444444445
2 0.834765625 0.5020833333333333 0.32578125 0.3625
