2 0.054296875 0.5840277777777778 0.10859375 0.06805555555555555
2 0.148828125 0.5576388888888889 0.02109375 0.009722222222222222
2 0.152734375 0.5694444444444444 0.03984375 0.03333333333333333
2 0.1140625 0.5736111111111111 0.075 0.04722222222222222
2 0.093359375 0.5743055555555555 0.04609375 0.034722222222222224
2 0.078515625 0.5777777777777777 0.06484375 0.05
2 0.228515625 0.5673611111111111 0.03046875 0.018055555555555554
2 0.263671875 0.5611111111111111 0.01171875 0.019444444444444445
2 0.31875 0.5673611111111111 0.0109375 0.03194444444444444
2 0.33359375 0.5645833333333333 0.0234375 0.04583333333333333
2 0.251953125 0.5638888888888889 0.01640625 0.022222222222222223
2 0.27734375 0.5597222222222222 0.015625 0.025
4 0.299609375 0.5569444444444445 0.02265625 0.041666666666666664
2 0.36015625 0.5729166666666666 0.0453125 0.07361111111111111
2 0.184375 0.5715277777777777 0.0390625 0.04583333333333333
9 0.71953125 0.4111111111111111 0.0171875 0.06111111111111111
9 0.4484375 0.44166666666666665 0.0125 0.022222222222222223
2 0.208203125 0.56875 0.01953125 0.02361111111111111
