2 0.59609375 0.5895833333333333 0.009375 0.009722222222222222
2 0.60234375 0.5819444444444445 0.0125 0.016666666666666666
2 0.61640625 0.5875 0.0171875 0.022222222222222223
2 0.631640625 0.5833333333333334 0.01953125 0.03611111111111111
2 0.6390625 0.5875 0.0140625 0.030555555555555555
2 0.651171875 0.5875 0.02109375 0.04722222222222222
2 0.659375 0.5930555555555556 0.01875 0.058333333333333334
2 0.673828125 0.5895833333333333 0.02421875 0.08194444444444444
2 0.685546875 0.5951388888888889 0.02734375 0.0875
2 0.715234375 0.5958333333333333 0.07265625 0.11944444444444445
2 0.755859375 0.6180555555555556 0.08984375 0.11666666666666667
2 0.896484375 0.6395833333333333 0.20390625 0.32083333333333336
2 0.587109375 0.5916666666666667 0.01015625 0.013888888888888888
2 0.578125 0.5888888888888889 0.009375 0.016666666666666666
2 0.57109375 0.5875 0.009375 0.013888888888888888
2 0.56484375 0.5888888888888889 0.0109375 0.016666666666666666
2 0.558203125 0.5909722222222222 0.01171875 0.020833333333333332
2 0.55390625 0.5958333333333333 0.0140625 0.03611111111111111
2 0.548046875 0.5923611111111111 0.01640625 0.029166666666666667
2 0.535546875 0.5951388888888889 0.01328125 0.0375
2 0.523046875 0.5979166666666667 0.02578125 0.04027777777777778
2 0.457421875 0.6097222222222223 0.02734375 0.06666666666666667
2 0.4140625 0.6111111111111112 0.0734375 0.10833333333333334
2 0.211328125 0.6555555555555556 0.15234375 0.18333333333333332
2 0.0796875 0.7215277777777778 0.159375 0.23472222222222222
9 0.49921875 0.5479166666666667 0.015625 0.0125
9 0.417578125 0.5340277777777778 0.01484375 0.018055555555555554
8 0.571875 0.5263888888888889 0.0109375 0.016666666666666666
8 0.61328125 0.5298611111111111 0.009375 0.015277777777777777
