2 0.533203125 0.6319444444444444 0.01171875 0.025
2 0.5203125 0.6340277777777777 0.015625 0.0375
2 0.51171875 0.6402777777777777 0.021875 0.04722222222222222
2 0.49140625 0.6395833333333333 0.0359375 0.05694444444444444
2 0.47265625 0.6465277777777778 0.0359375 0.07083333333333333
2 0.828515625 0.7027777777777777 0.01328125 0.019444444444444445
2 0.440625 0.65625 0.0875 0.10138888888888889
2 0.576171875 0.6576388888888889 0.07265625 0.10138888888888889
2 0.08515625 0.6791666666666667 0.1703125 0.4583333333333333
9 0.556640625 0.5472222222222223 0.11171875 0.03611111111111111
8 0.88046875 0.7055555555555556 0.00625 0.016666666666666666
2 0.390234375 0.6368055555555555 0.01484375 0.020833333333333332
