2 0.118359375 0.5069444444444444 0.23515625 0.31666666666666665
2 0.470703125 0.5111111111111111 0.23828125 0.375
2 0.26328125 0.4756944444444444 0.096875 0.12361111111111112
2 0.307421875 0.45416666666666666 0.04765625 0.10555555555555556
2 0.35390625 0.4826388888888889 0.0515625 0.15138888888888888
9 0.59609375 0.2298611111111111 0.0375 0.04583333333333333
9 0.61015625 0.28402777777777777 0.01875 0.020833333333333332
9 0.584765625 0.27708333333333335 0.01796875 0.018055555555555554
9 0.594921875 0.3020833333333333 0.02578125 0.018055555555555554
9 0.485546875 0.3145833333333333 0.01796875 0.02361111111111111
8 0.261328125 0.35 0.00703125 0.027777777777777776
8 0.610546875 0.33958333333333335 0.01484375 0.02638888888888889
