9 0.499609375 0.4013888888888889 0.01328125 0.044444444444444446
9 0.4890625 0.40694444444444444 0.0078125 0.030555555555555555
9 0.46328125 0.375 0.00625 0.027777777777777776
9 0.448046875 0.36736111111111114 0.02421875 0.05138888888888889
9 0.408203125 0.35555555555555557 0.04765625 0.04722222222222222
9 0.3109375 0.32569444444444445 0.01875 0.043055555555555555
9 0.183984375 0.21944444444444444 0.04609375 0.075
2 0.175 0.425 0.0734375 0.044444444444444446
2 0.3734375 0.44722222222222224 0.021875 0.03333333333333333
2 0.404296875 0.44583333333333336 0.02109375 0.030555555555555555
2 0.460546875 0.4486111111111111 0.03359375 0.044444444444444446
2 0.583203125 0.4708333333333333 0.13828125 0.17222222222222222
