2 0.051171875 0.48333333333333334 0.06484375 0.058333333333333334
2 0.015234375 0.47638888888888886 0.02890625 0.07777777777777778
2 0.150390625 0.47638888888888886 0.04140625 0.030555555555555555
2 0.115625 0.47638888888888886 0.05 0.058333333333333334
2 0.297265625 0.46041666666666664 0.02265625 0.020833333333333332
2 0.27421875 0.46111111111111114 0.0234375 0.022222222222222223
2 0.361328125 0.48333333333333334 0.02578125 0.044444444444444446
2 0.4734375 0.4722222222222222 0.01875 0.03333333333333333
2 0.50625 0.4875 0.0515625 0.07222222222222222
2 0.543359375 0.5125 0.08359375 0.10555555555555556
2 0.327734375 0.4930555555555556 0.05234375 0.06944444444444445
2 0.4234375 0.5333333333333333 0.125 0.175
2 0.216796875 0.5055555555555555 0.13203125 0.1527777777777778
9 0.633984375 0.24166666666666667 0.06640625 0.04722222222222222
9 0.428515625 0.41944444444444445 0.01640625 0.011111111111111112
2 0.962109375 0.7479166666666667 0.06953125 0.3013888888888889
