2 0.056640625 0.5868055555555556 0.11328125 0.2875
2 0.053125 0.4875 0.0515625 0.05
2 0.16953125 0.5243055555555556 0.209375 0.2125
2 0.334765625 0.4875 0.03359375 0.041666666666666664
2 0.412890625 0.49375 0.03671875 0.07916666666666666
2 0.533984375 0.30277777777777776 0.06640625 0.027777777777777776
2 0.446875 0.3104166666666667 0.034375 0.018055555555555554
2 0.40625 0.3138888888888889 0.03125 0.016666666666666666
2 0.341796875 0.3159722222222222 0.04453125 0.02361111111111111
2 0.288671875 0.31666666666666665 0.04140625 0.027777777777777776
2 0.481640625 0.3159722222222222 0.01953125 0.015277777777777777
3 0.383203125 0.45 0.05859375 0.12777777777777777
3 0.2234375 0.41805555555555557 0.2015625 0.25277777777777777
2 0.48828125 0.5138888888888888 0.1359375 0.23055555555555557
9 0.5171875 0.0763888888888889 0.065625 0.03611111111111111
9 0.488671875 0.16944444444444445 0.12265625 0.14166666666666666
9 0.58671875 0.1701388888888889 0.025 0.05694444444444444
9 0.573828125 0.37430555555555556 0.01328125 0.0125
9 0.63359375 0.3034722222222222 0.0375 0.0875
9 0.478125 0.39166666666666666 0.0375 0.013888888888888888
9 0.52421875 0.3902777777777778 0.0265625 0.013888888888888888
9 0.1046875 0.24305555555555555 0.0046875 0.022222222222222223
8 0.11015625 0.2569444444444444 0.0046875 0.016666666666666666
