9 0.212890625 0.20972222222222223 0.01953125 0.03611111111111111
9 0.463671875 0.12013888888888889 0.01484375 0.020833333333333332
9 0.2328125 0.20069444444444445 0.0109375 0.018055555555555554
9 0.309765625 0.1909722222222222 0.00859375 0.015277777777777777
8 0.11328125 0.16319444444444445 0.0109375 0.04861111111111111
8 0.1921875 0.18263888888888888 0.009375 0.03194444444444444
9 0.191015625 0.15902777777777777 0.01796875 0.0125
8 0.313671875 0.12152777777777778 0.00859375 0.02638888888888889
8 0.448828125 0.11875 0.00859375 0.03194444444444444
8 0.289453125 0.19791666666666666 0.00859375 0.02361111111111111
8 0.1828125 0.19583333333333333 0.0078125 0.041666666666666664
2 0.068359375 0.3972222222222222 0.13671875 0.33055555555555555
2 0.15546875 0.29305555555555557 0.0984375 0.10833333333333334
2 0.452734375 0.2722222222222222 0.03828125 0.08888888888888889
2 0.465625 0.2465277777777778 0.0265625 0.0375
9 0.496875 0.2125 0.015625 0.030555555555555555
2 0.258203125 0.25625 0.04296875 0.06805555555555555
2 0.375390625 0.29583333333333334 0.16640625 0.26944444444444443
2 0.5640625 0.27361111111111114 0.0796875 0.11388888888888889
2 0.701171875 0.2902777777777778 0.16640625 0.1638888888888889
2 0.949609375 0.4479166666666667 0.10078125 0.26805555555555555
2 0.1 0.2965277777777778 0.096875 0.14027777777777778
