2 0.5078125 0.4930555555555556 0.0046875 0.013888888888888888
2 0.512890625 0.49375 0.00546875 0.0125
2 0.51796875 0.49444444444444446 0.0046875 0.016666666666666666
2 0.521484375 0.4965277777777778 0.00546875 0.015277777777777777
2 0.526171875 0.4951388888888889 0.00390625 0.015277777777777777
2 0.530859375 0.4951388888888889 0.00546875 0.018055555555555554
2 0.537109375 0.49583333333333335 0.00546875 0.019444444444444445
2 0.54609375 0.4965277777777778 0.009375 0.018055555555555554
2 0.55546875 0.49930555555555556 0.0078125 0.020833333333333332
2 0.566015625 0.49930555555555556 0.01171875 0.02361111111111111
2 0.446484375 0.5055555555555555 0.00703125 0.016666666666666666
2 0.441015625 0.5069444444444444 0.00859375 0.019444444444444445
2 0.4171875 0.5104166666666666 0.0109375 0.02361111111111111
2 0.403125 0.5090277777777777 0.0203125 0.03194444444444444
2 0.382421875 0.5145833333333333 0.02265625 0.034722222222222224
2 0.362109375 0.5215277777777778 0.01796875 0.034722222222222224
2 0.34296875 0.5194444444444445 0.01875 0.041666666666666664
2 0.45703125 0.5027777777777778 0.0125 0.016666666666666666
2 0.470703125 0.5006944444444444 0.01171875 0.015277777777777777
2 0.590625 0.4930555555555556 0.0359375 0.04722222222222222
8 0.201171875 0.3611111111111111 0.01328125 0.027777777777777776
8 0.3421875 0.33819444444444446 0.0109375 0.03194444444444444
8 0.355859375 0.3388888888888889 0.00859375 0.03611111111111111
8 0.2015625 0.3958333333333333 0.0140625 0.030555555555555555
8 0.725 0.32569444444444445 0.0125 0.043055555555555555
8 0.786328125 0.1125 0.01640625 0.08333333333333333
8 0.191796875 0.46458333333333335 0.01171875 0.02638888888888889
8 0.452734375 0.43194444444444446 0.00859375 0.019444444444444445
8 0.473828125 0.46319444444444446 0.00703125 0.015277777777777777
8 0.484375 0.4701388888888889 0.00625 0.015277777777777777
8 0.516796875 0.43125 0.00703125 0.018055555555555554
8 0.5171875 0.4652777777777778 0.00625 0.019444444444444445
8 0.508984375 0.4722222222222222 0.00546875 0.011111111111111112
8 0.505078125 0.4777777777777778 0.00703125 0.011111111111111112
8 0.7265625 0.425 0.00625 0.022222222222222223
8 0.7625 0.11805555555555555 0.0234375 0.075
2 0.315625 0.5298611111111111 0.046875 0.0625
9 0.56484375 0.43680555555555556 0.009375 0.009722222222222222
8 0.803515625 0.11527777777777778 0.01796875 0.07777777777777778
8 0.74140625 0.4236111111111111 0.0140625 0.03333333333333333
