8 0.432421875 0.3277777777777778 0.01171875 0.022222222222222223
8 0.409375 0.35555555555555557 0.009375 0.016666666666666666
8 0.741015625 0.4354166666666667 0.01328125 0.015277777777777777
8 0.4609375 0.3659722222222222 0.0125 0.018055555555555554
9 0.2359375 0.28888888888888886 0.0140625 0.03888888888888889
9 0.26015625 0.16527777777777777 0.034375 0.1388888888888889
9 0.617578125 0.33402777777777776 0.01328125 0.043055555555555555
9 0.339453125 0.34097222222222223 0.01328125 0.015277777777777777
9 0.336328125 0.3638888888888889 0.01796875 0.025
9 0.844140625 0.45555555555555555 0.02578125 0.08888888888888889
2 0.3625 0.4076388888888889 0.0109375 0.020833333333333332
2 0.345703125 0.43472222222222223 0.01640625 0.030555555555555555
2 0.31640625 0.4388888888888889 0.0421875 0.07777777777777778
2 0.284375 0.46041666666666664 0.03125 0.0875
2 0.24921875 0.4576388888888889 0.0375 0.11527777777777778
2 0.18828125 0.45069444444444445 0.1171875 0.20972222222222223
2 0.156640625 0.4618055555555556 0.11328125 0.24027777777777778
2 0.065234375 0.4534722222222222 0.13046875 0.4263888888888889
2 0.574609375 0.46875 0.06328125 0.09027777777777778
2 0.43203125 0.55 0.2015625 0.325
2 0.523046875 0.47291666666666665 0.03984375 0.0875
8 0.52109375 0.34375 0.0078125 0.03194444444444444
