2 0.430078125 0.4395833333333333 0.00859375 0.020833333333333332
2 0.4421875 0.44513888888888886 0.0125 0.018055555555555554
2 0.45234375 0.4513888888888889 0.015625 0.030555555555555555
2 0.4671875 0.45416666666666666 0.0203125 0.03611111111111111
2 0.475390625 0.46041666666666664 0.02578125 0.05416666666666667
2 0.49453125 0.46319444444444446 0.040625 0.059722222222222225
2 0.523046875 0.4722222222222222 0.05390625 0.08611111111111111
2 0.540234375 0.4798611111111111 0.06328125 0.0875
2 0.601953125 0.4875 0.10078125 0.1527777777777778
2 0.651953125 0.5222222222222223 0.13203125 0.18055555555555555
2 0.83359375 0.5388888888888889 0.328125 0.33611111111111114
2 0.95 0.7138888888888889 0.096875 0.28055555555555556
2 0.034375 0.5152777777777777 0.06875 0.14722222222222223
2 0.1921875 0.4798611111111111 0.1 0.10694444444444444
2 0.2453125 0.475 0.0375 0.06666666666666667
2 0.26796875 0.46458333333333335 0.040625 0.0625
2 0.289453125 0.46041666666666664 0.04296875 0.04861111111111111
2 0.32421875 0.45902777777777776 0.034375 0.04583333333333333
2 0.35390625 0.4583333333333333 0.034375 0.044444444444444446
2 0.409765625 0.45069444444444445 0.01953125 0.02361111111111111
