9 0.484765625 0.4083333333333333 0.01484375 0.030555555555555555
9 0.42421875 0.42430555555555555 0.0125 0.029166666666666667
9 0.416015625 0.4618055555555556 0.01015625 0.018055555555555554
9 0.486328125 0.43333333333333335 0.01171875 0.016666666666666666
9 0.3390625 0.48333333333333334 0.0125 0.022222222222222223
9 0.3453125 0.5006944444444444 0.0125 0.0125
9 0.2734375 0.4375 0.0453125 0.027777777777777776
9 0.275390625 0.45694444444444443 0.03671875 0.016666666666666666
9 0.245703125 0.46111111111111114 0.01015625 0.011111111111111112
9 0.259765625 0.5013888888888889 0.01015625 0.013888888888888888
2 0.175390625 0.5069444444444444 0.06171875 0.05277777777777778
2 0.248046875 0.5118055555555555 0.01171875 0.0125
2 0.244140625 0.49930555555555556 0.01171875 0.0125
