2 0.258203125 0.4701388888888889 0.08984375 0.09861111111111111
2 0.31953125 0.45625 0.0671875 0.07916666666666666
2 0.367578125 0.44930555555555557 0.02890625 0.05694444444444444
2 0.395703125 0.44583333333333336 0.02265625 0.044444444444444446
2 0.41796875 0.4465277777777778 0.0171875 0.0375
2 0.433203125 0.4375 0.01328125 0.03333333333333333
2 0.4484375 0.43472222222222223 0.009375 0.027777777777777776
2 0.458984375 0.4340277777777778 0.01171875 0.02638888888888889
8 0.540234375 0.059027777777777776 0.01328125 0.07083333333333333
8 0.5796875 0.06875 0.0109375 0.06805555555555555
8 0.561328125 0.05555555555555555 0.02421875 0.08888888888888889
8 0.733984375 0.3576388888888889 0.03203125 0.0375
3 0.523046875 0.4270833333333333 0.06015625 0.14305555555555555
8 0.02578125 0.3125 0.034375 0.044444444444444446
2 0.6140625 0.47638888888888886 0.06875 0.1
2 0.580859375 0.4583333333333333 0.04609375 0.075
2 0.56015625 0.44583333333333336 0.0140625 0.05
9 0.716015625 0.29791666666666666 0.03515625 0.020833333333333332
8 0.721875 0.31805555555555554 0.01875 0.019444444444444445
8 0.7328125 0.2722222222222222 0.0234375 0.016666666666666666
9 0.889453125 0.3638888888888889 0.01328125 0.06388888888888888
2 0.976171875 0.5395833333333333 0.04453125 0.08194444444444444
