9 0.65390625 0.2881944444444444 0.021875 0.0625
9 0.55234375 0.3951388888888889 0.01875 0.0125
9 0.562890625 0.39861111111111114 0.00859375 0.011111111111111112
9 0.268359375 0.35 0.01015625 0.013888888888888888
9 0.26015625 0.36875 0.021875 0.015277777777777777
2 0.49296875 0.5034722222222222 0.01875 0.015277777777777777
2 0.460546875 0.4979166666666667 0.01953125 0.020833333333333332
2 0.44296875 0.4930555555555556 0.0203125 0.03333333333333333
2 0.433984375 0.5 0.01640625 0.03333333333333333
2 0.42421875 0.5020833333333333 0.0140625 0.0375
2 0.255859375 0.5326388888888889 0.08984375 0.11527777777777778
2 0.16015625 0.5583333333333333 0.153125 0.16944444444444445
2 0.51328125 0.49583333333333335 0.0125 0.05
2 0.519140625 0.5006944444444444 0.01328125 0.05694444444444444
2 0.570703125 0.5125 0.10234375 0.17222222222222222
2 0.516796875 0.5368055555555555 0.00859375 0.059722222222222225
2 0.3671875 0.5208333333333334 0.1109375 0.14166666666666666
2 0.0515625 0.5666666666666667 0.103125 0.24722222222222223
