8 0.0296875 0.18333333333333332 0.0171875 0.06944444444444445
8 0.80859375 0.16944444444444445 0.015625 0.07777777777777778
8 0.78125 0.17708333333333334 0.021875 0.07361111111111111
8 0.783984375 0.2638888888888889 0.01484375 0.027777777777777776
8 0.020703125 0.26458333333333334 0.00859375 0.02361111111111111
2 0.2015625 0.3486111111111111 0.0671875 0.08055555555555556
2 0.265625 0.3458333333333333 0.040625 0.041666666666666664
2 0.444921875 0.3527777777777778 0.05234375 0.075
2 0.605859375 0.3875 0.11640625 0.1361111111111111
2 0.534765625 0.34097222222222223 0.02890625 0.0375
2 0.519140625 0.34097222222222223 0.01328125 0.03194444444444444
2 0.50859375 0.33541666666666664 0.0234375 0.02361111111111111
2 0.491796875 0.32569444444444445 0.01328125 0.020833333333333332
2 0.30078125 0.3333333333333333 0.0296875 0.03333333333333333
2 0.31796875 0.33125 0.009375 0.02638888888888889
2 0.32734375 0.3277777777777778 0.0125 0.03333333333333333
2 0.33828125 0.3298611111111111 0.0109375 0.020833333333333332
2 0.344921875 0.32222222222222224 0.01484375 0.027777777777777776
2 0.359375 0.3215277777777778 0.009375 0.02361111111111111
2 0.371875 0.32083333333333336 0.0140625 0.016666666666666666
2 0.383203125 0.32013888888888886 0.01015625 0.018055555555555554
2 0.40078125 0.31666666666666665 0.0140625 0.025
2 0.4140625 0.3173611111111111 0.0078125 0.015277777777777777
3 0.46796875 0.31527777777777777 0.0171875 0.027777777777777776
