2 0.46953125 0.38680555555555557 0.0234375 0.02638888888888889
2 0.525390625 0.38055555555555554 0.01484375 0.016666666666666666
2 0.53671875 0.3819444444444444 0.0140625 0.025
2 0.546875 0.3875 0.0234375 0.030555555555555555
2 0.5734375 0.3923611111111111 0.0359375 0.04583333333333333
2 0.5109375 0.38819444444444445 0.0140625 0.029166666666666667
2 0.50234375 0.3888888888888889 0.0203125 0.030555555555555555
2 0.45390625 0.40069444444444446 0.034375 0.043055555555555555
2 0.49453125 0.40208333333333335 0.0328125 0.034722222222222224
2 0.582421875 0.40208333333333335 0.04296875 0.05138888888888889
2 0.342578125 0.4111111111111111 0.05546875 0.06944444444444445
2 0.405859375 0.4125 0.06484375 0.08611111111111111
2 0.2015625 0.4861111111111111 0.2203125 0.225
2 0.733203125 0.4201388888888889 0.16796875 0.24583333333333332
2 0.90703125 0.4013888888888889 0.134375 0.08888888888888889
2 0.98125 0.4152777777777778 0.0359375 0.14722222222222223
2 0.0609375 0.49930555555555556 0.1203125 0.16805555555555557
2 0.648828125 0.39166666666666666 0.02578125 0.03333333333333333
