2 0.479296875 0.5576388888888889 0.01640625 0.02361111111111111
2 0.553125 0.5652777777777778 0.0375 0.05
2 0.508203125 0.5861111111111111 0.06640625 0.11388888888888889
2 0.666015625 0.6270833333333333 0.11328125 0.15138888888888888
4 0.327734375 0.5208333333333334 0.19453125 0.25555555555555554
2 0.45390625 0.5548611111111111 0.0234375 0.0375
8 0.10859375 0.4215277777777778 0.0234375 0.0375
8 0.137109375 0.42430555555555555 0.01953125 0.0375
8 0.898046875 0.44583333333333336 0.01953125 0.05277777777777778
9 0.109375 0.32708333333333334 0.0421875 0.02361111111111111
9 0.127734375 0.37083333333333335 0.04453125 0.027777777777777776
8 0.845703125 0.44027777777777777 0.01796875 0.044444444444444446
