2 0.49140625 0.40694444444444444 0.0078125 0.016666666666666666
2 0.49609375 0.4166666666666667 0.0078125 0.025
2 0.502734375 0.4215277777777778 0.01015625 0.034722222222222224
2 0.51171875 0.4284722222222222 0.0140625 0.04861111111111111
2 0.517578125 0.43680555555555556 0.01484375 0.059722222222222225
2 0.546875 0.43333333333333335 0.0609375 0.09722222222222222
2 0.549609375 0.46805555555555556 0.04921875 0.09166666666666666
2 0.58828125 0.48541666666666666 0.0796875 0.11527777777777778
2 0.45859375 0.41875 0.015625 0.020833333333333332
2 0.471875 0.40902777777777777 0.0125 0.0125
2 0.441796875 0.41180555555555554 0.01015625 0.015277777777777777
2 0.423046875 0.4076388888888889 0.02265625 0.015277777777777777
2 0.47890625 0.425 0.028125 0.03611111111111111
2 0.409375 0.5034722222222222 0.1359375 0.18194444444444444
