2 0.2234375 0.5930555555555556 0.103125 0.075
2 0.23671875 0.5388888888888889 0.028125 0.030555555555555555
2 0.201953125 0.5368055555555555 0.02578125 0.02638888888888889
2 0.173828125 0.5375 0.03203125 0.027777777777777776
2 0.144921875 0.5388888888888889 0.03203125 0.03333333333333333
2 0.121484375 0.5361111111111111 0.01953125 0.027777777777777776
2 0.0890625 0.5347222222222222 0.0578125 0.03888888888888889
2 0.08203125 0.5069444444444444 0.021875 0.016666666666666666
2 0.723828125 0.5666666666666667 0.01484375 0.03333333333333333
9 0.68984375 0.5194444444444445 0.015625 0.022222222222222223
9 0.689453125 0.4979166666666667 0.01796875 0.0125
9 0.69140625 0.47708333333333336 0.0171875 0.0125
2 0.68671875 0.5805555555555556 0.0765625 0.10833333333333334
2 0.896484375 0.5944444444444444 0.03828125 0.05555555555555555
2 0.93671875 0.5951388888888889 0.109375 0.06527777777777778
2 0.943359375 0.6125 0.11328125 0.06944444444444445
2 0.802734375 0.5555555555555556 0.16328125 0.3111111111111111
2 0.41328125 0.5777777777777777 0.03125 0.03611111111111111
3 0.51796875 0.6770833333333334 0.275 0.4097222222222222
2 0.048046875 0.6243055555555556 0.06953125 0.07083333333333333
