2 0.076171875 0.5166666666666667 0.15234375 0.11388888888888889
2 0.344921875 0.48055555555555557 0.09453125 0.075
2 0.421875 0.4625 0.0484375 0.06944444444444445
3 0.489453125 0.44722222222222224 0.09140625 0.06666666666666667
2 0.52734375 0.39305555555555555 0.0609375 0.05
2 0.7875 0.49027777777777776 0.1296875 0.14722222222222223
2 0.648828125 0.44375 0.03046875 0.029166666666666667
2 0.68828125 0.43472222222222223 0.009375 0.03333333333333333
2 0.708203125 0.42986111111111114 0.02578125 0.029166666666666667
3 0.749609375 0.41041666666666665 0.03046875 0.043055555555555555
2 0.85703125 0.4222222222222222 0.0203125 0.027777777777777776
2 0.968359375 0.44513888888888886 0.06171875 0.06805555555555555
2 0.93828125 0.4395833333333333 0.0171875 0.04861111111111111
2 0.929296875 0.43819444444444444 0.01171875 0.04027777777777778
2 0.915625 0.42291666666666666 0.01875 0.018055555555555554
2 0.91171875 0.40902777777777777 0.01875 0.018055555555555554
2 0.898046875 0.41458333333333336 0.00859375 0.020833333333333332
3 0.559765625 0.4444444444444444 0.09765625 0.058333333333333334
