2 0.005859375 0.6430555555555556 0.00859375 0.1
2 0.0796875 0.5805555555555556 0.1578125 0.15555555555555556
2 0.92578125 0.6458333333333334 0.14375 0.35
2 0.8515625 0.6236111111111111 0.04375 0.13333333333333333
2 0.841796875 0.5854166666666667 0.16328125 0.15138888888888888
2 0.823828125 0.5527777777777778 0.18046875 0.14444444444444443
2 0.76484375 0.5548611111111111 0.096875 0.09027777777777778
2 0.746875 0.5395833333333333 0.08125 0.08194444444444444
2 0.71484375 0.5388888888888889 0.0359375 0.03888888888888889
2 0.714453125 0.5256944444444445 0.06015625 0.06527777777777778
2 0.678515625 0.5284722222222222 0.04296875 0.04583333333333333
2 0.205078125 0.575 0.18828125 0.11944444444444445
2 0.301171875 0.5680555555555555 0.13671875 0.09722222222222222
2 0.3515625 0.5673611111111111 0.0765625 0.08472222222222223
2 0.3984375 0.5597222222222222 0.0890625 0.075
4 0.384765625 0.5270833333333333 0.15703125 0.10138888888888889
2 0.457421875 0.5347222222222222 0.05078125 0.05277777777777778
2 0.483203125 0.5375 0.02578125 0.03888888888888889
2 0.503515625 0.5361111111111111 0.01484375 0.03611111111111111
2 0.51328125 0.5208333333333334 0.0421875 0.03611111111111111
2 0.5359375 0.5236111111111111 0.0328125 0.03611111111111111
2 0.5515625 0.525 0.0265625 0.025
2 0.56328125 0.5236111111111111 0.01875 0.027777777777777776
2 0.10078125 0.5319444444444444 0.03125 0.03333333333333333
2 0.615234375 0.525 0.03515625 0.03333333333333333
8 0.587890625 0.4722222222222222 0.00546875 0.019444444444444445
8 0.622265625 0.4736111111111111 0.00546875 0.022222222222222223
2 0.645703125 0.4722222222222222 0.00703125 0.025
2 0.564453125 0.4798611111111111 0.00546875 0.02361111111111111
9 0.665625 0.47708333333333336 0.0109375 0.02638888888888889
2 0.223828125 0.5173611111111112 0.04765625 0.029166666666666667
2 0.265234375 0.5090277777777777 0.04140625 0.0125
2 0.1796875 0.5145833333333333 0.028125 0.02361111111111111
