2 0.352734375 0.5861111111111111 0.02734375 0.05
2 0.3265625 0.5965277777777778 0.028125 0.04583333333333333
2 0.2921875 0.6006944444444444 0.0359375 0.04583333333333333
2 0.25625 0.6173611111111111 0.0359375 0.05416666666666667
2 0.205859375 0.6215277777777778 0.06015625 0.07083333333333333
2 0.13984375 0.6333333333333333 0.0625 0.06944444444444445
2 0.050390625 0.6472222222222223 0.09765625 0.13333333333333333
2 0.465625 0.58125 0.0234375 0.034722222222222224
2 0.491015625 0.5875 0.03359375 0.07222222222222222
2 0.500390625 0.5965277777777778 0.03359375 0.0625
2 0.51796875 0.6006944444444444 0.0390625 0.05694444444444444
2 0.55234375 0.6111111111111112 0.06875 0.09166666666666666
2 0.67578125 0.6472222222222223 0.1328125 0.18333333333333332
2 0.84921875 0.6868055555555556 0.2984375 0.33194444444444443
9 0.4890625 0.54375 0.009375 0.020833333333333332
9 0.580078125 0.5069444444444444 0.01015625 0.025
2 0.41640625 0.5604166666666667 0.021875 0.02638888888888889
