2 0.101953125 0.3548611111111111 0.08828125 0.0763888888888889
2 0.0703125 0.37916666666666665 0.1328125 0.125
2 0.17890625 0.4111111111111111 0.0984375 0.2611111111111111
8 0.1203125 0.21458333333333332 0.0375 0.059722222222222225
8 0.153515625 0.13958333333333334 0.02421875 0.08194444444444444
9 0.17734375 0.15486111111111112 0.03125 0.04861111111111111
9 0.183203125 0.11597222222222223 0.06171875 0.04583333333333333
2 0.5796875 0.44305555555555554 0.0328125 0.08333333333333333
8 0.68203125 0.40625 0.0109375 0.02361111111111111
8 0.7 0.36736111111111114 0.009375 0.04583333333333333
8 0.690625 0.3729166666666667 0.009375 0.04027777777777778
8 0.78359375 0.18680555555555556 0.01875 0.06805555555555555
8 0.761328125 0.17708333333333334 0.02109375 0.059722222222222225
9 0.85546875 0.15902777777777777 0.0421875 0.04583333333333333
9 0.956640625 0.17777777777777778 0.02578125 0.06666666666666667
2 0.894921875 0.4847222222222222 0.09765625 0.11666666666666667
2 0.810546875 0.5041666666666667 0.11953125 0.15555555555555556
2 0.954296875 0.5229166666666667 0.08828125 0.32916666666666666
2 0.3734375 0.4840277777777778 0.41875 0.5513888888888889
9 0.7 0.35138888888888886 0.0421875 0.03333333333333333
