8 0.616015625 0.25972222222222224 0.01640625 0.1
8 0.635546875 0.25555555555555554 0.01171875 0.08888888888888889
8 0.595703125 0.26180555555555557 0.02265625 0.07916666666666666
8 0.86015625 0.49722222222222223 0.03125 0.04722222222222222
8 0.067578125 0.5958333333333333 0.02578125 0.03888888888888889
8 0.091796875 0.5895833333333333 0.01171875 0.03194444444444444
8 0.49140625 0.59375 0.0078125 0.018055555555555554
8 0.470703125 0.5909722222222222 0.01015625 0.020833333333333332
8 0.452734375 0.6229166666666667 0.00703125 0.018055555555555554
9 0.64453125 0.5027777777777778 0.0265625 0.04722222222222222
9 0.821484375 0.3 0.02734375 0.019444444444444445
2 0.466015625 0.6416666666666667 0.01640625 0.022222222222222223
2 0.449609375 0.6493055555555556 0.01796875 0.020833333333333332
2 0.43515625 0.6520833333333333 0.0125 0.03194444444444444
2 0.421875 0.65625 0.025 0.03194444444444444
2 0.39609375 0.6583333333333333 0.034375 0.04722222222222222
2 0.368359375 0.6715277777777777 0.03203125 0.04861111111111111
2 0.340625 0.6736111111111112 0.0375 0.058333333333333334
2 0.314453125 0.6826388888888889 0.05234375 0.06805555555555555
2 0.27734375 0.6986111111111111 0.059375 0.07777777777777778
2 0.544140625 0.6298611111111111 0.00859375 0.020833333333333332
2 0.55625 0.6326388888888889 0.01875 0.02638888888888889
2 0.56484375 0.6347222222222222 0.021875 0.03611111111111111
2 0.5734375 0.6375 0.0265625 0.041666666666666664
2 0.596875 0.64375 0.034375 0.05416666666666667
2 0.202734375 0.7131944444444445 0.10859375 0.12361111111111112
2 0.643359375 0.6513888888888889 0.06328125 0.08333333333333333
2 0.53359375 0.6229166666666667 0.0109375 0.018055555555555554
2 0.52109375 0.625 0.0125 0.022222222222222223
2 0.497265625 0.6326388888888889 0.01640625 0.020833333333333332
