4 0.55546875 0.38472222222222224 0.165625 0.24722222222222223
4 0.2921875 0.4201388888888889 0.1171875 0.1625
4 0.392578125 0.43680555555555556 0.06796875 0.12916666666666668
2 0.4421875 0.44027777777777777 0.028125 0.041666666666666664
4 0.353125 0.43125 0.0109375 0.06527777777777778
4 0.0453125 0.47430555555555554 0.0390625 0.05138888888888889
2 0.101171875 0.475 0.02734375 0.022222222222222223
2 0.187890625 0.4076388888888889 0.02265625 0.020833333333333332
2 0.168359375 0.4666666666666667 0.01640625 0.011111111111111112
2 0.159765625 0.4618055555555556 0.01484375 0.020833333333333332
2 0.18203125 0.4534722222222222 0.015625 0.015277777777777777
2 0.19140625 0.44027777777777777 0.0140625 0.016666666666666666
2 0.208203125 0.44027777777777777 0.01796875 0.016666666666666666
2 0.126953125 0.47708333333333336 0.01796875 0.0125
2 0.14765625 0.4340277777777778 0.0109375 0.0125
2 0.162109375 0.4361111111111111 0.02109375 0.025
