2 0.275 0.5604166666666667 0.090625 0.11527777777777778
2 0.442578125 0.5229166666666667 0.03203125 0.04583333333333333
2 0.4625 0.5201388888888889 0.0203125 0.03194444444444444
2 0.477734375 0.5222222222222223 0.02109375 0.027777777777777776
2 0.492578125 0.5180555555555556 0.01328125 0.027777777777777776
2 0.503515625 0.5215277777777778 0.01171875 0.015277777777777777
2 0.549609375 0.5166666666666667 0.00859375 0.013888888888888888
2 0.5546875 0.5152777777777777 0.009375 0.016666666666666666
2 0.562890625 0.5131944444444444 0.01171875 0.02638888888888889
2 0.63984375 0.54375 0.0609375 0.12083333333333333
2 0.422265625 0.5326388888888889 0.03828125 0.04861111111111111
2 0.70234375 0.5451388888888888 0.13125 0.12916666666666668
2 0.19140625 0.5784722222222223 0.1453125 0.15138888888888888
2 0.574609375 0.5104166666666666 0.02265625 0.0375
2 0.52734375 0.5194444444444445 0.0140625 0.022222222222222223
9 0.3796875 0.4791666666666667 0.015625 0.030555555555555555
9 0.69140625 0.4 0.0296875 0.05277777777777778
2 0.881640625 0.6236111111111111 0.23359375 0.34444444444444444
2 0.5140625 0.5222222222222223 0.0078125 0.013888888888888888
