8 0.514453125 0.26944444444444443 0.01015625 0.025
8 0.35859375 0.26805555555555555 0.0078125 0.027777777777777776
9 0.188671875 0.2951388888888889 0.02109375 0.0375
9 0.601171875 0.17916666666666667 0.07421875 0.044444444444444446
2 0.208984375 0.37222222222222223 0.04453125 0.06111111111111111
2 0.141015625 0.37916666666666665 0.11015625 0.09166666666666666
2 0.4625 0.32916666666666666 0.015625 0.025
2 0.44609375 0.32916666666666666 0.015625 0.025
2 0.422265625 0.3347222222222222 0.01796875 0.022222222222222223
2 0.4046875 0.3347222222222222 0.0140625 0.016666666666666666
2 0.51015625 0.33125 0.0125 0.029166666666666667
2 0.488671875 0.3173611111111111 0.01953125 0.0125
2 0.479296875 0.33611111111111114 0.03515625 0.030555555555555555
2 0.40390625 0.35347222222222224 0.0203125 0.04027777777777778
3 0.33203125 0.3263888888888889 0.0671875 0.11944444444444445
2 0.5578125 0.35347222222222224 0.015625 0.04027777777777778
2 0.57109375 0.34791666666666665 0.0109375 0.059722222222222225
2 0.58203125 0.35625 0.0140625 0.04027777777777778
2 0.594140625 0.3625 0.01484375 0.04722222222222222
2 0.6109375 0.36180555555555555 0.0234375 0.05694444444444444
2 0.627734375 0.3611111111111111 0.03515625 0.06944444444444445
2 0.67109375 0.37777777777777777 0.0578125 0.09444444444444444
2 0.75 0.375 0.1140625 0.14166666666666666
2 0.86328125 0.4152777777777778 0.1671875 0.16944444444444445
2 0.378125 0.35208333333333336 0.028125 0.05694444444444444
2 0.48515625 0.3597222222222222 0.0375 0.04722222222222222
2 0.2921875 0.39305555555555555 0.1328125 0.1388888888888889
2 0.0640625 0.39652777777777776 0.128125 0.2125
2 0.946484375 0.4166666666666667 0.10234375 0.21666666666666667
9 0.540625 0.26944444444444443 0.0171875 0.013888888888888888
