9 0.269921875 0.4583333333333333 0.00859375 0.011111111111111112
9 0.26953125 0.4736111111111111 0.009375 0.022222222222222223
2 0.1203125 0.5125 0.0609375 0.05
2 0.1765625 0.5104166666666666 0.0609375 0.05138888888888889
2 0.23359375 0.49722222222222223 0.0265625 0.027777777777777776
2 0.255859375 0.4909722222222222 0.03046875 0.034722222222222224
3 0.620703125 0.4625 0.07890625 0.18333333333333332
2 0.569921875 0.4847222222222222 0.03359375 0.075
3 0.421484375 0.47708333333333336 0.15078125 0.24027777777777778
2 0.525 0.4875 0.06875 0.11944444444444445
2 0.8171875 0.5875 0.3625 0.5888888888888889
