9 0.39609375 0.5034722222222222 0.0125 0.020833333333333332
9 0.409765625 0.5027777777777778 0.01484375 0.019444444444444445
9 0.425 0.5048611111111111 0.0203125 0.02361111111111111
9 0.4390625 0.5034722222222222 0.0125 0.020833333333333332
9 0.581640625 0.47638888888888886 0.01328125 0.03333333333333333
9 0.478515625 0.5131944444444444 0.00859375 0.02361111111111111
2 0.436328125 0.5451388888888888 0.01796875 0.018055555555555554
2 0.4203125 0.5458333333333333 0.0140625 0.019444444444444445
2 0.396484375 0.5513888888888889 0.03828125 0.04722222222222222
2 0.465625 0.5520833333333334 0.040625 0.059722222222222225
2 0.513671875 0.5541666666666667 0.01796875 0.027777777777777776
2 0.4875 0.5451388888888888 0.015625 0.02361111111111111
2 0.530859375 0.55625 0.02421875 0.02361111111111111
2 0.56796875 0.5569444444444445 0.040625 0.03888888888888889
9 0.1703125 0.5381944444444444 0.0203125 0.029166666666666667
9 0.3390625 0.02361111111111111 0.2234375 0.03888888888888889
9 0.60390625 0.029166666666666667 0.203125 0.05
2 0.805078125 0.64375 0.38359375 0.5236111111111111
