2 0.408984375 0.5083333333333333 0.01171875 0.027777777777777776
2 0.387890625 0.49375 0.03046875 0.043055555555555555
2 0.390625 0.5256944444444445 0.0328125 0.05416666666666667
2 0.4421875 0.5423611111111111 0.065625 0.10416666666666667
9 0.2671875 0.45416666666666666 0.0234375 0.05277777777777778
2 0.3203125 0.5361111111111111 0.1078125 0.18333333333333332
9 0.373046875 0.06875 0.74453125 0.1375
9 0.176171875 0.4354166666666667 0.03046875 0.0375
9 0.22734375 0.44375 0.0265625 0.04027777777777778
9 0.30078125 0.43125 0.0078125 0.020833333333333332
9 0.3671875 0.4263888888888889 0.0328125 0.03611111111111111
9 0.39453125 0.4284722222222222 0.0171875 0.034722222222222224
9 0.412890625 0.41875 0.01640625 0.029166666666666667
9 0.428515625 0.425 0.01328125 0.025
9 0.491015625 0.4777777777777778 0.01171875 0.013888888888888888
9 0.501171875 0.46111111111111114 0.01015625 0.013888888888888888
9 0.508203125 0.46944444444444444 0.01015625 0.03611111111111111
9 0.55234375 0.44375 0.0109375 0.03194444444444444
9 0.673046875 0.48125 0.02421875 0.029166666666666667
2 0.637890625 0.46597222222222223 0.02734375 0.018055555555555554
2 0.9453125 0.4583333333333333 0.0390625 0.022222222222222223
2 0.98125 0.45625 0.0375 0.02638888888888889
2 0.9640625 0.5527777777777778 0.06875 0.075
