9 0.574609375 0.2625 0.01796875 0.03333333333333333
9 0.50078125 0.2569444444444444 0.0140625 0.008333333333333333
9 0.523046875 0.29097222222222224 0.01015625 0.018055555555555554
9 0.516015625 0.3013888888888889 0.01171875 0.016666666666666666
9 0.49453125 0.2743055555555556 0.0265625 0.029166666666666667
9 0.458203125 0.2659722222222222 0.04609375 0.043055555555555555
2 0.525 0.3229166666666667 0.0296875 0.04027777777777778
2 0.55625 0.32569444444444445 0.0375 0.04861111111111111
2 0.4140625 0.31875 0.0484375 0.0763888888888889
2 0.478125 0.35833333333333334 0.0875 0.13055555555555556
2 0.8578125 0.3854166666666667 0.2125 0.22083333333333333
