9 0.534765625 0.40555555555555556 0.00859375 0.016666666666666666
9 0.40078125 0.41041666666666665 0.0109375 0.02361111111111111
9 0.36328125 0.3770833333333333 0.0125 0.029166666666666667
8 0.475390625 0.40347222222222223 0.01171875 0.015277777777777777
2 0.498046875 0.43333333333333335 0.01328125 0.016666666666666666
2 0.515625 0.43194444444444446 0.0171875 0.03333333333333333
2 0.54296875 0.44375 0.0375 0.05694444444444444
2 0.58125 0.46111111111111114 0.0671875 0.09444444444444444
2 0.344921875 0.4388888888888889 0.08359375 0.07222222222222222
2 0.470703125 0.43194444444444446 0.02109375 0.016666666666666666
2 0.44921875 0.4326388888888889 0.0140625 0.018055555555555554
8 0.505078125 0.4027777777777778 0.01171875 0.019444444444444445
2 0.8671875 0.47152777777777777 0.121875 0.0625
