2 0.337109375 0.3715277777777778 0.02109375 0.015277777777777777
3 0.226953125 0.36666666666666664 0.04140625 0.044444444444444446
2 0.20546875 0.3729166666666667 0.0421875 0.043055555555555555
2 0.153125 0.36944444444444446 0.0921875 0.04722222222222222
2 0.4015625 0.3840277777777778 0.0109375 0.020833333333333332
2 0.388671875 0.3854166666666667 0.01796875 0.02361111111111111
2 0.370703125 0.3819444444444444 0.01796875 0.025
2 0.29140625 0.3798611111111111 0.025 0.029166666666666667
2 0.4703125 0.38472222222222224 0.0140625 0.025
2 0.485546875 0.3951388888888889 0.01953125 0.034722222222222224
2 0.518359375 0.3923611111111111 0.00703125 0.018055555555555554
2 0.512890625 0.39652777777777776 0.01328125 0.020833333333333332
2 0.5734375 0.4013888888888889 0.0125 0.025
2 0.565234375 0.39652777777777776 0.00703125 0.018055555555555554
2 0.558984375 0.39166666666666666 0.00703125 0.016666666666666666
2 0.6171875 0.4131944444444444 0.015625 0.02638888888888889
2 0.53828125 0.39166666666666666 0.0125 0.016666666666666666
2 0.528125 0.3993055555555556 0.0171875 0.029166666666666667
2 0.55625 0.2722222222222222 0.0359375 0.016666666666666666
2 0.594140625 0.4222222222222222 0.04296875 0.06666666666666667
2 0.434375 0.40347222222222223 0.0609375 0.0763888888888889
2 0.321875 0.40347222222222223 0.075 0.06805555555555555
9 0.443359375 0.30972222222222223 0.01640625 0.03333333333333333
9 0.619921875 0.31805555555555554 0.01328125 0.025
9 0.680859375 0.3451388888888889 0.01171875 0.02638888888888889
9 0.66875 0.25555555555555554 0.0421875 0.07777777777777778
2 0.498828125 0.4076388888888889 0.02890625 0.0375
2 0.548828125 0.4111111111111111 0.02734375 0.044444444444444446
