8 0.30234375 0.16180555555555556 0.025 0.09027777777777778
8 0.326171875 0.1625 0.02265625 0.09444444444444444
8 0.31484375 0.4576388888888889 0.00625 0.02361111111111111
8 0.3203125 0.4597222222222222 0.0046875 0.025
8 0.510546875 0.4270833333333333 0.01796875 0.034722222222222224
8 0.496484375 0.4222222222222222 0.01015625 0.03888888888888889
9 0.227734375 0.4465277777777778 0.02265625 0.020833333333333332
9 0.483203125 0.3215277777777778 0.03515625 0.02638888888888889
9 0.49921875 0.3597222222222222 0.025 0.019444444444444445
2 0.3140625 0.5298611111111111 0.015625 0.020833333333333332
2 0.333203125 0.5319444444444444 0.01484375 0.025
2 0.371875 0.5270833333333333 0.0125 0.015277777777777777
2 0.35234375 0.5319444444444444 0.0265625 0.041666666666666664
2 0.394140625 0.5479166666666667 0.04453125 0.06805555555555555
2 0.271875 0.5416666666666666 0.0328125 0.03888888888888889
2 0.1484375 0.5659722222222222 0.040625 0.0763888888888889
2 0.0890625 0.575 0.10625 0.125
2 0.212109375 0.5763888888888888 0.12734375 0.13055555555555556
