9 0.919921875 0.33611111111111114 0.06171875 0.03888888888888889
9 0.93671875 0.30069444444444443 0.040625 0.02638888888888889
9 0.627734375 0.5104166666666666 0.02421875 0.0125
8 0.613671875 0.5173611111111112 0.00703125 0.020833333333333332
2 0.6421875 0.5895833333333333 0.01875 0.05138888888888889
2 0.653515625 0.5881944444444445 0.01328125 0.06527777777777778
2 0.6625 0.5958333333333333 0.01875 0.08611111111111111
2 0.681640625 0.5923611111111111 0.04609375 0.07083333333333333
2 0.68359375 0.6104166666666667 0.0359375 0.0763888888888889
2 0.528125 0.5902777777777778 0.0375 0.07777777777777778
2 0.519921875 0.6034722222222222 0.03984375 0.10138888888888889
2 0.74609375 0.6354166666666666 0.115625 0.14583333333333334
2 0.591796875 0.5993055555555555 0.10234375 0.19027777777777777
2 0.47109375 0.6215277777777778 0.1046875 0.13194444444444445
9 0.193359375 0.06597222222222222 0.08203125 0.13194444444444445
8 0.06953125 0.40625 0.0328125 0.05138888888888889
8 0.9359375 0.4388888888888889 0.03125 0.05555555555555555
8 0.9609375 0.43680555555555556 0.0140625 0.043055555555555555
9 0.92265625 0.3645833333333333 0.0234375 0.03194444444444444
9 0.37890625 0.44513888888888886 0.0171875 0.05138888888888889
