9 0.603515625 0.35694444444444445 0.03203125 0.013888888888888888
9 0.58515625 0.3861111111111111 0.025 0.025
2 0.45234375 0.50625 0.0546875 0.14305555555555555
2 0.40234375 0.5152777777777777 0.1078125 0.14166666666666666
2 0.30234375 0.5534722222222223 0.196875 0.22361111111111112
2 0.1390625 0.64375 0.2765625 0.48194444444444445
2 0.632421875 0.6645833333333333 0.42734375 0.5180555555555556
9 0.8203125 0.48194444444444445 0.0234375 0.05277777777777778
9 0.658984375 0.38958333333333334 0.01015625 0.03194444444444444
9 0.5953125 0.3326388888888889 0.0171875 0.029166666666666667
9 0.627734375 0.38125 0.01328125 0.029166666666666667
9 0.386328125 0.42291666666666666 0.01484375 0.043055555555555555
