2 0.49375 0.28541666666666665 0.0140625 0.02361111111111111
2 0.471875 0.28958333333333336 0.009375 0.018055555555555554
2 0.4609375 0.2875 0.0140625 0.022222222222222223
2 0.433203125 0.2861111111111111 0.01640625 0.025
2 0.384375 0.29444444444444445 0.0125 0.016666666666666666
2 0.351171875 0.29375 0.01796875 0.02361111111111111
4 0.29140625 0.2798611111111111 0.0921875 0.0875
2 0.11015625 0.3173611111111111 0.0765625 0.04583333333333333
2 0.23515625 0.3611111111111111 0.1734375 0.20555555555555555
2 0.0203125 0.3277777777777778 0.0390625 0.04722222222222222
2 0.734765625 0.26458333333333334 0.02578125 0.09305555555555556
3 0.541015625 0.27569444444444446 0.04765625 0.05138888888888889
9 0.094921875 0.10833333333333334 0.03515625 0.030555555555555555
9 0.099609375 0.14930555555555555 0.02421875 0.03194444444444444
9 0.298046875 0.18888888888888888 0.01953125 0.016666666666666666
9 0.2875 0.17222222222222222 0.009375 0.013888888888888888
9 0.650390625 0.1736111111111111 0.02265625 0.016666666666666666
8 0.665234375 0.21597222222222223 0.01484375 0.029166666666666667
8 0.2890625 0.22777777777777777 0.0125 0.027777777777777776
8 0.1203125 0.23125 0.009375 0.020833333333333332
8 0.084765625 0.18541666666666667 0.02421875 0.0375
8 0.076171875 0.027777777777777776 0.02109375 0.05277777777777778
8 0.50234375 0.17083333333333334 0.0078125 0.011111111111111112
8 0.38203125 0.16527777777777777 0.009375 0.019444444444444445
9 0.13125 0.24722222222222223 0.0125 0.011111111111111112
9 0.129296875 0.25833333333333336 0.01640625 0.016666666666666666
9 0.032421875 0.18819444444444444 0.06484375 0.09583333333333334
9 0.02421875 0.2361111111111111 0.0484375 0.075
8 0.57734375 0.21875 0.0078125 0.015277777777777777
9 0.568359375 0.19791666666666666 0.01796875 0.0125
8 0.478515625 0.23402777777777778 0.00546875 0.015277777777777777
9 0.39140625 0.27152777777777776 0.0078125 0.0125
2 0.415625 0.28541666666666665 0.0171875 0.02361111111111111
4 0.690625 0.275 0.078125 0.08055555555555556
