9 0.08515625 0.05347222222222222 0.0515625 0.10694444444444444
9 0.403515625 0.31875 0.01328125 0.02638888888888889
8 0.609375 0.3638888888888889 0.00625 0.013888888888888888
2 0.61796875 0.40069444444444446 0.0078125 0.0125
2 0.637109375 0.40555555555555556 0.02734375 0.03611111111111111
2 0.66796875 0.41875 0.015625 0.03194444444444444
2 0.69375 0.41597222222222224 0.0375 0.05138888888888889
2 0.659375 0.41180555555555554 0.009375 0.0375
2 0.7609375 0.42986111111111114 0.0609375 0.06527777777777778
2 0.794921875 0.44583333333333336 0.05234375 0.05555555555555555
2 0.853515625 0.43819444444444444 0.08359375 0.09861111111111111
2 0.92421875 0.46597222222222223 0.10625 0.09861111111111111
2 0.979296875 0.5 0.03671875 0.06666666666666667
