8 0.03515625 0.3055555555555556 0.0328125 0.03333333333333333
8 0.1828125 0.19444444444444445 0.0109375 0.05
8 0.53203125 0.21944444444444444 0.0078125 0.03888888888888889
8 0.19609375 0.1986111111111111 0.0140625 0.05
8 0.54296875 0.22152777777777777 0.00625 0.034722222222222224
8 0.73125 0.32013888888888886 0.0234375 0.034722222222222224
9 0.709765625 0.2763888888888889 0.03046875 0.022222222222222223
9 0.725390625 0.2569444444444444 0.02109375 0.016666666666666666
9 0.572265625 0.3368055555555556 0.01484375 0.029166666666666667
8 0.63515625 0.3375 0.0140625 0.022222222222222223
9 0.200390625 0.2881944444444444 0.01328125 0.0125
9 0.209765625 0.3020833333333333 0.02109375 0.0125
8 0.6203125 0.27291666666666664 0.0234375 0.015277777777777777
2 0.392578125 0.375 0.01328125 0.019444444444444445
2 0.363671875 0.3770833333333333 0.00859375 0.0375
2 0.319140625 0.3840277777777778 0.02734375 0.04861111111111111
2 0.48671875 0.38263888888888886 0.025 0.05138888888888889
2 0.5125 0.39375 0.0390625 0.059722222222222225
2 0.8 0.4013888888888889 0.0640625 0.04722222222222222
2 0.871875 0.41388888888888886 0.1296875 0.08611111111111111
2 0.05859375 0.44166666666666665 0.1171875 0.14166666666666666
2 0.346484375 0.3875 0.03515625 0.05555555555555555
2 0.266796875 0.4013888888888889 0.08515625 0.09722222222222222
2 0.442578125 0.39791666666666664 0.07265625 0.11805555555555555
2 0.5609375 0.41388888888888886 0.0796875 0.1111111111111111
2 0.7453125 0.4534722222222222 0.1421875 0.12638888888888888
2 0.626171875 0.3715277777777778 0.04296875 0.02638888888888889
2 0.383203125 0.3819444444444444 0.01953125 0.03333333333333333
8 0.200390625 0.3326388888888889 0.01484375 0.020833333333333332
2 0.405859375 0.3770833333333333 0.01484375 0.02361111111111111
2 0.9609375 0.4041666666666667 0.0390625 0.06666666666666667
