2 0.06484375 0.5743055555555555 0.1296875 0.1763888888888889
2 0.206640625 0.5729166666666666 0.06328125 0.059722222222222225
2 0.14765625 0.5638888888888889 0.0328125 0.03333333333333333
2 0.176171875 0.5652777777777778 0.01796875 0.022222222222222223
2 0.239453125 0.5618055555555556 0.01484375 0.018055555555555554
2 0.253125 0.5583333333333333 0.0140625 0.019444444444444445
2 0.26875 0.5555555555555556 0.0171875 0.016666666666666666
2 0.284375 0.55625 0.0109375 0.0125
2 0.349609375 0.5576388888888889 0.02109375 0.02638888888888889
4 0.4390625 0.5458333333333333 0.015625 0.03611111111111111
2 0.420703125 0.5451388888888888 0.01015625 0.015277777777777777
2 0.395703125 0.5569444444444445 0.01171875 0.011111111111111112
2 0.40625 0.5541666666666667 0.009375 0.016666666666666666
2 0.94765625 0.5597222222222222 0.0734375 0.08611111111111111
2 0.880859375 0.5576388888888889 0.09921875 0.08194444444444444
2 0.71953125 0.5534722222222223 0.021875 0.0375
2 0.773828125 0.53125 0.08828125 0.10694444444444444
2 0.687109375 0.5520833333333334 0.03203125 0.043055555555555555
2 0.659375 0.5486111111111112 0.028125 0.044444444444444446
2 0.634375 0.5506944444444445 0.0171875 0.03194444444444444
2 0.58828125 0.55 0.0171875 0.03333333333333333
2 0.5703125 0.5493055555555556 0.015625 0.02638888888888889
8 0.452734375 0.5083333333333333 0.00546875 0.016666666666666666
8 0.391796875 0.5104166666666666 0.00546875 0.0125
