9 0.74609375 0.25833333333333336 0.06875 0.044444444444444446
9 0.701171875 0.3 0.01015625 0.03333333333333333
9 0.546875 0.4041666666666667 0.0125 0.025
9 0.476953125 0.4111111111111111 0.01015625 0.016666666666666666
9 0.415625 0.3854166666666667 0.0140625 0.02638888888888889
2 0.18203125 0.44305555555555554 0.034375 0.041666666666666664
2 0.20546875 0.44166666666666665 0.0265625 0.03611111111111111
2 0.2453125 0.45 0.059375 0.06111111111111111
2 0.321484375 0.4361111111111111 0.02890625 0.03333333333333333
2 0.348828125 0.44027777777777777 0.02890625 0.04722222222222222
2 0.4125 0.43333333333333335 0.01875 0.019444444444444445
2 0.439453125 0.4263888888888889 0.01640625 0.019444444444444445
2 0.46171875 0.42777777777777776 0.0140625 0.016666666666666666
2 0.541796875 0.4444444444444444 0.03203125 0.044444444444444446
2 0.4890625 0.4708333333333333 0.065625 0.08888888888888889
2 0.65234375 0.46111111111111114 0.0796875 0.08888888888888889
