2 0.619921875 0.4625 0.01171875 0.016666666666666666
2 0.603515625 0.4618055555555556 0.02109375 0.015277777777777777
2 0.569921875 0.4638888888888889 0.01484375 0.013888888888888888
2 0.54921875 0.4625 0.0109375 0.016666666666666666
2 0.53671875 0.4597222222222222 0.0125 0.019444444444444445
2 0.51875 0.4618055555555556 0.015625 0.018055555555555554
2 0.489453125 0.46319444444444446 0.01328125 0.015277777777777777
2 0.47578125 0.4638888888888889 0.015625 0.013888888888888888
2 0.45390625 0.46111111111111114 0.0234375 0.019444444444444445
2 0.434375 0.4652777777777778 0.015625 0.019444444444444445
2 0.419140625 0.46319444444444446 0.01953125 0.02361111111111111
2 0.37578125 0.4722222222222222 0.01875 0.03888888888888889
2 0.353515625 0.475 0.03046875 0.05277777777777778
2 0.265234375 0.47291666666666665 0.04453125 0.06527777777777778
2 0.307421875 0.4875 0.08359375 0.08611111111111111
2 0.205859375 0.5194444444444445 0.12265625 0.10833333333333334
2 0.07734375 0.5263888888888889 0.1546875 0.2
2 0.490234375 0.4791666666666667 0.01953125 0.025
2 0.5265625 0.48055555555555557 0.0171875 0.027777777777777776
2 0.540234375 0.48194444444444445 0.01015625 0.025
2 0.18515625 0.45694444444444443 0.0734375 0.027777777777777776
9 0.2359375 0.30972222222222223 0.025 0.03888888888888889
9 0.2359375 0.3541666666666667 0.025 0.03888888888888889
9 0.145703125 0.3840277777777778 0.02890625 0.04027777777777778
9 0.537890625 0.18611111111111112 0.13984375 0.15555555555555556
9 0.5578125 0.41041666666666665 0.0140625 0.029166666666666667
