9 0.778515625 0.3625 0.05234375 0.022222222222222223
2 0.1578125 0.65 0.146875 0.1361111111111111
2 0.59296875 0.6076388888888888 0.078125 0.10972222222222222
2 0.275390625 0.6090277777777777 0.08046875 0.10416666666666667
2 0.3203125 0.6027777777777777 0.034375 0.06944444444444445
2 0.35234375 0.5930555555555556 0.0375 0.05277777777777778
2 0.402734375 0.5826388888888889 0.02421875 0.03194444444444444
2 0.42421875 0.5770833333333333 0.0125 0.02638888888888889
2 0.437890625 0.5770833333333333 0.00859375 0.018055555555555554
2 0.449609375 0.5708333333333333 0.00859375 0.013888888888888888
2 0.459375 0.5701388888888889 0.0078125 0.006944444444444444
3 0.476953125 0.5659722222222222 0.00859375 0.018055555555555554
2 0.550390625 0.5979166666666667 0.03046875 0.059722222222222225
2 0.539453125 0.5909722222222222 0.03203125 0.06805555555555555
2 0.518359375 0.5868055555555556 0.01796875 0.034722222222222224
2 0.508203125 0.5777777777777777 0.01484375 0.027777777777777776
2 0.4984375 0.5756944444444444 0.0109375 0.018055555555555554
2 0.491796875 0.5680555555555555 0.00546875 0.022222222222222223
