9 0.31953125 0.3076388888888889 0.0125 0.02638888888888889
9 0.241796875 0.28680555555555554 0.02734375 0.04027777777777778
9 0.2609375 0.31805555555555554 0.0109375 0.019444444444444445
2 0.240625 0.3298611111111111 0.009375 0.018055555555555554
2 0.2265625 0.32916666666666666 0.015625 0.030555555555555555
2 0.198828125 0.3298611111111111 0.01796875 0.029166666666666667
2 0.181640625 0.3284722222222222 0.01015625 0.015277777777777777
2 0.316015625 0.3423611111111111 0.00546875 0.02638888888888889
2 0.276171875 0.33541666666666664 0.01171875 0.02638888888888889
2 0.349609375 0.3451388888888889 0.03046875 0.04027777777777778
2 0.387890625 0.3486111111111111 0.05390625 0.08888888888888889
2 0.29765625 0.3486111111111111 0.0390625 0.06111111111111111
