2 0.846875 0.70625 0.303125 0.4930555555555556
2 0.4875 0.59375 0.121875 0.1375
2 0.43125 0.5701388888888889 0.046875 0.09861111111111111
2 0.417578125 0.5520833333333334 0.05234375 0.09027777777777778
2 0.387109375 0.5479166666666667 0.03046875 0.059722222222222225
2 0.37109375 0.5291666666666667 0.0296875 0.041666666666666664
2 0.355859375 0.5215277777777778 0.01484375 0.04027777777777778
2 0.34453125 0.5201388888888889 0.015625 0.02361111111111111
2 0.322265625 0.5118055555555555 0.01484375 0.029166666666666667
2 0.023046875 0.5951388888888889 0.04609375 0.13194444444444445
2 0.065234375 0.5645833333333333 0.08828125 0.12083333333333333
2 0.12265625 0.5527777777777778 0.0515625 0.09444444444444444
2 0.156640625 0.5472222222222223 0.03359375 0.06388888888888888
2 0.16796875 0.5361111111111111 0.046875 0.06388888888888888
2 0.20703125 0.5319444444444444 0.0328125 0.05
2 0.2296875 0.5291666666666667 0.0234375 0.027777777777777776
2 0.25546875 0.51875 0.0203125 0.020833333333333332
2 0.284765625 0.5180555555555556 0.01328125 0.019444444444444445
2 0.270703125 0.5180555555555556 0.01015625 0.019444444444444445
2 0.295703125 0.5173611111111112 0.01171875 0.018055555555555554
2 0.309375 0.5152777777777777 0.0078125 0.013888888888888888
2 0.547265625 0.5298611111111111 0.04296875 0.059722222222222225
2 0.491015625 0.5125 0.05703125 0.041666666666666664
