8 0.4046875 0.3284722222222222 0.0046875 0.03194444444444444
8 0.48828125 0.32708333333333334 0.0046875 0.02638888888888889
9 0.222265625 0.36875 0.01015625 0.020833333333333332
9 0.3890625 0.38263888888888886 0.0234375 0.02638888888888889
9 0.492578125 0.38680555555555557 0.01484375 0.020833333333333332
9 0.559375 0.3638888888888889 0.0171875 0.025
9 0.573828125 0.3347222222222222 0.02578125 0.03888888888888889
2 0.26640625 0.4131944444444444 0.0140625 0.02361111111111111
2 0.248046875 0.4083333333333333 0.02578125 0.03888888888888889
2 0.23203125 0.41041666666666665 0.0140625 0.02638888888888889
2 0.201171875 0.4131944444444444 0.01953125 0.03194444444444444
2 0.18046875 0.41388888888888886 0.025 0.030555555555555555
2 0.171484375 0.40069444444444446 0.01484375 0.018055555555555554
2 0.15 0.40694444444444444 0.0296875 0.05555555555555555
2 0.099609375 0.4076388888888889 0.05546875 0.05416666666666667
2 0.4609375 0.41458333333333336 0.0125 0.018055555555555554
2 0.528515625 0.4284722222222222 0.01484375 0.02361111111111111
2 0.44296875 0.43472222222222223 0.0359375 0.06111111111111111
2 0.40703125 0.4284722222222222 0.0265625 0.0375
3 0.318359375 0.3951388888888889 0.09921875 0.18194444444444444
2 0.380078125 0.4666666666666667 0.08203125 0.10277777777777777
2 0.490625 0.4666666666666667 0.0796875 0.13055555555555556
