8 0.06484375 0.27361111111111114 0.021875 0.09166666666666666
8 0.825 0.04652777777777778 0.0265625 0.0875
8 0.50234375 0.5555555555555556 0.0078125 0.025
8 0.1109375 0.3527777777777778 0.0203125 0.09166666666666666
9 0.07578125 0.3625 0.053125 0.075
8 0.06796875 0.4576388888888889 0.025 0.05138888888888889
8 0.94609375 0.45 0.0265625 0.05277777777777778
2 0.442578125 0.65625 0.09453125 0.1597222222222222
2 0.38984375 0.64375 0.034375 0.09583333333333334
2 0.364453125 0.6659722222222222 0.06171875 0.13472222222222222
2 0.61640625 0.6423611111111112 0.0234375 0.059722222222222225
2 0.277734375 0.6770833333333334 0.16640625 0.1986111111111111
2 0.550390625 0.6541666666666667 0.13515625 0.26944444444444443
2 0.68359375 0.6520833333333333 0.096875 0.14305555555555555
2 0.980859375 0.8340277777777778 0.03359375 0.2847222222222222
