8 0.626953125 0.11736111111111111 0.01328125 0.07916666666666666
8 0.636328125 0.12013888888888889 0.01484375 0.07361111111111111
8 0.13671875 0.19652777777777777 0.053125 0.12638888888888888
8 0.15390625 0.41388888888888886 0.015625 0.03888888888888889
8 0.3875 0.4305555555555556 0.015625 0.03611111111111111
8 0.58984375 0.47847222222222224 0.0109375 0.020833333333333332
8 0.551953125 0.46875 0.01328125 0.020833333333333332
8 0.498046875 0.47152777777777777 0.01171875 0.015277777777777777
8 0.511328125 0.49375 0.01171875 0.020833333333333332
8 0.4828125 0.48819444444444443 0.0109375 0.015277777777777777
9 0.169921875 0.3597222222222222 0.03984375 0.022222222222222223
9 0.3734375 0.33402777777777776 0.034375 0.02361111111111111
9 0.924609375 0.3993055555555556 0.01328125 0.034722222222222224
9 0.446875 0.4798611111111111 0.0140625 0.0125
9 0.446875 0.49722222222222223 0.0140625 0.016666666666666666
9 0.722265625 0.42083333333333334 0.02265625 0.022222222222222223
9 0.72109375 0.4423611111111111 0.015625 0.015277777777777777
9 0.7203125 0.46041666666666664 0.0171875 0.015277777777777777
2 0.069921875 0.5722222222222222 0.13984375 0.11666666666666667
2 0.89140625 0.6763888888888889 0.209375 0.6388888888888888
2 0.216796875 0.55625 0.07734375 0.07361111111111111
2 0.21953125 0.5173611111111112 0.0578125 0.04027777777777778
2 0.336328125 0.5277777777777778 0.02734375 0.030555555555555555
2 0.567578125 0.5361111111111111 0.02265625 0.03888888888888889
2 0.516796875 0.5194444444444445 0.01796875 0.019444444444444445
2 0.5203125 0.5284722222222222 0.0234375 0.029166666666666667
2 0.5828125 0.53125 0.01875 0.02361111111111111
2 0.601953125 0.5381944444444444 0.02890625 0.043055555555555555
2 0.625390625 0.5354166666666667 0.02578125 0.04583333333333333
2 0.46953125 0.53125 0.0171875 0.02361111111111111
2 0.711328125 0.5451388888888888 0.02578125 0.04583333333333333
2 0.7375 0.5472222222222223 0.0484375 0.06111111111111111
2 0.7875 0.5555555555555556 0.071875 0.06666666666666667
2 0.859375 0.5284722222222222 0.0359375 0.05416666666666667
2 0.49296875 0.5493055555555556 0.053125 0.08194444444444444
2 0.5390625 0.5423611111111111 0.0421875 0.05416666666666667
2 0.66796875 0.5631944444444444 0.09375 0.14583333333333334
2 0.0703125 0.5076388888888889 0.140625 0.10138888888888889
9 0.324609375 0.5479166666666667 0.02265625 0.018055555555555554
9 0.5796875 0.49930555555555556 0.0125 0.0125
9 0.723828125 0.48055555555555557 0.01484375 0.027777777777777776
