2 0.096875 0.63125 0.19375 0.3875
2 0.333203125 0.5604166666666667 0.16015625 0.17916666666666667
2 0.224609375 0.5458333333333333 0.05390625 0.08055555555555556
2 0.173828125 0.5451388888888888 0.04765625 0.09861111111111111
9 0.194140625 0.3263888888888889 0.00703125 0.03611111111111111
9 0.467578125 0.44513888888888886 0.01640625 0.034722222222222224
2 0.428125 0.5222222222222223 0.090625 0.11944444444444445
2 0.487109375 0.5145833333333333 0.04140625 0.0763888888888889
2 0.5125 0.5104166666666666 0.021875 0.05138888888888889
2 0.534765625 0.5027777777777778 0.02109375 0.030555555555555555
2 0.549609375 0.5013888888888889 0.01015625 0.03611111111111111
2 0.556640625 0.5020833333333333 0.00703125 0.02638888888888889
2 0.562109375 0.4951388888888889 0.01015625 0.020833333333333332
2 0.5734375 0.49375 0.0140625 0.020833333333333332
2 0.611328125 0.5020833333333333 0.01171875 0.02638888888888889
2 0.632421875 0.5076388888888889 0.02734375 0.04027777777777778
2 0.649609375 0.5118055555555555 0.02265625 0.0625
2 0.693359375 0.5118055555555555 0.07578125 0.10694444444444444
2 0.780078125 0.5465277777777777 0.14765625 0.18194444444444444
2 0.980859375 0.7263888888888889 0.03359375 0.2388888888888889
9 0.77578125 0.45 0.0171875 0.027777777777777776
8 0.58984375 0.4597222222222222 0.00625 0.016666666666666666
8 0.559765625 0.45694444444444443 0.00859375 0.019444444444444445
2 0.601953125 0.5027777777777778 0.01171875 0.022222222222222223
2 0.5890625 0.4979166666666667 0.0125 0.020833333333333332
9 0.55078125 0.47708333333333336 0.009375 0.0125
2 0.93046875 0.5173611111111112 0.1375 0.1597222222222222
2 0.946875 0.5340277777777778 0.1015625 0.12638888888888888
