2 0.03984375 0.4625 0.025 0.022222222222222223
2 0.0828125 0.46597222222222223 0.01875 0.015277777777777777
2 0.1453125 0.46875 0.0265625 0.02638888888888889
2 0.17265625 0.4736111111111111 0.021875 0.022222222222222223
2 0.239453125 0.48194444444444445 0.04140625 0.027777777777777776
2 0.301953125 0.49236111111111114 0.02578125 0.02638888888888889
2 0.274609375 0.4888888888888889 0.01640625 0.025
2 0.34140625 0.4951388888888889 0.0359375 0.03194444444444444
3 0.381640625 0.4909722222222222 0.05078125 0.08472222222222223
2 0.421484375 0.5076388888888889 0.03359375 0.04861111111111111
2 0.604296875 0.48194444444444445 0.01484375 0.013888888888888888
2 0.741015625 0.48125 0.02734375 0.020833333333333332
2 0.855078125 0.47847222222222224 0.02734375 0.015277777777777777
9 0.19140625 0.4486111111111111 0.009375 0.016666666666666666
9 0.283984375 0.45555555555555555 0.01171875 0.022222222222222223
9 0.305078125 0.4534722222222222 0.01640625 0.015277777777777777
9 0.32421875 0.4513888888888889 0.0140625 0.022222222222222223
9 0.362109375 0.4583333333333333 0.01328125 0.025
9 0.438671875 0.4652777777777778 0.01328125 0.027777777777777776
9 0.34609375 0.5243055555555556 0.015625 0.0375
9 0.24375 0.10208333333333333 0.14375 0.1986111111111111
9 0.473046875 0.15694444444444444 0.12890625 0.19166666666666668
9 0.84921875 0.38472222222222224 0.0421875 0.058333333333333334
9 0.915625 0.4666666666666667 0.0578125 0.08611111111111111
8 0.220703125 0.42916666666666664 0.00703125 0.025
8 0.12109375 0.40069444444444446 0.0109375 0.02361111111111111
9 0.1640625 0.4125 0.0078125 0.016666666666666666
9 0.8125 0.4486111111111111 0.0109375 0.025
