8 0.38125 0.4027777777777778 0.0046875 0.011111111111111112
8 0.3921875 0.4 0.00625 0.011111111111111112
8 0.396875 0.3840277777777778 0.00625 0.0125
8 0.415625 0.38472222222222224 0.00625 0.016666666666666666
8 0.4109375 0.28888888888888886 0.0109375 0.022222222222222223
8 0.45859375 0.2881944444444444 0.0109375 0.02361111111111111
8 0.162890625 0.35555555555555557 0.01171875 0.022222222222222223
8 0.50625 0.23055555555555557 0.0109375 0.03333333333333333
2 0.374609375 0.4340277777777778 0.00859375 0.0125
2 0.362890625 0.43472222222222223 0.01171875 0.027777777777777776
2 0.351953125 0.4395833333333333 0.02265625 0.043055555555555555
2 0.3875 0.4340277777777778 0.0109375 0.0125
2 0.411328125 0.43333333333333335 0.01171875 0.019444444444444445
2 0.421875 0.4354166666666667 0.0078125 0.020833333333333332
2 0.43203125 0.4361111111111111 0.009375 0.019444444444444445
2 0.44296875 0.4409722222222222 0.0125 0.02361111111111111
2 0.45546875 0.4395833333333333 0.0109375 0.02638888888888889
2 0.461328125 0.44027777777777777 0.01171875 0.030555555555555555
2 0.47265625 0.44027777777777777 0.0171875 0.044444444444444446
2 0.4953125 0.4444444444444444 0.0421875 0.06111111111111111
2 0.604296875 0.4548611111111111 0.14453125 0.17916666666666667
2 0.06796875 0.5131944444444444 0.1359375 0.23472222222222222
9 0.2703125 0.36041666666666666 0.021875 0.020833333333333332
