2 0.0265625 0.43125 0.053125 0.10138888888888889
2 0.122265625 0.43680555555555556 0.02109375 0.02361111111111111
2 0.153515625 0.4423611111111111 0.02578125 0.018055555555555554
2 0.1921875 0.42916666666666664 0.0203125 0.030555555555555555
2 0.208984375 0.4388888888888889 0.01796875 0.03333333333333333
2 0.233203125 0.4465277777777778 0.03828125 0.04861111111111111
2 0.08359375 0.4326388888888889 0.0328125 0.02638888888888889
2 0.30078125 0.4666666666666667 0.075 0.07222222222222222
2 0.3484375 0.4888888888888889 0.065625 0.06388888888888888
2 0.402734375 0.4965277777777778 0.09609375 0.08194444444444444
2 0.807421875 0.5736111111111111 0.34296875 0.3
1 0.59609375 0.5569444444444445 0.096875 0.26666666666666666
8 0.210546875 0.3576388888888889 0.01484375 0.018055555555555554
8 0.09453125 0.34652777777777777 0.0171875 0.018055555555555554
9 0.5515625 0.25069444444444444 0.0296875 0.07916666666666666
2 0.171875 0.42569444444444443 0.0328125 0.029166666666666667
2 0.109375 0.42083333333333334 0.0265625 0.027777777777777776
2 0.141796875 0.4326388888888889 0.02265625 0.02361111111111111
