8 0.40078125 0.3701388888888889 0.0078125 0.02361111111111111
8 0.4890625 0.3993055555555556 0.0109375 0.034722222222222224
8 0.566796875 0.4618055555555556 0.01015625 0.02361111111111111
8 0.408984375 0.3701388888888889 0.00703125 0.02361111111111111
8 0.333984375 0.34305555555555556 0.00859375 0.030555555555555555
9 0.34453125 0.4 0.0125 0.013888888888888888
9 0.368359375 0.3736111111111111 0.02734375 0.025
9 0.56015625 0.4395833333333333 0.015625 0.020833333333333332
9 0.21484375 0.3861111111111111 0.01875 0.027777777777777776
2 0.222265625 0.42986111111111114 0.02109375 0.029166666666666667
2 0.198046875 0.4340277777777778 0.02265625 0.0375
2 0.179296875 0.42986111111111114 0.02109375 0.034722222222222224
2 0.16875 0.41805555555555557 0.015625 0.03888888888888889
2 0.090625 0.4826388888888889 0.0875 0.09305555555555556
2 0.48359375 0.48194444444444445 0.01875 0.030555555555555555
2 0.030859375 0.4618055555555556 0.06171875 0.14583333333333334
2 0.415625 0.4708333333333333 0.0140625 0.022222222222222223
2 0.455078125 0.4777777777777778 0.01953125 0.027777777777777776
2 0.498828125 0.4930555555555556 0.01953125 0.025
2 0.38828125 0.49236111111111114 0.040625 0.05138888888888889
8 0.35703125 0.31805555555555554 0.0078125 0.030555555555555555
