3 0.65390625 0.375 0.0421875 0.05555555555555555
2 0.70078125 0.3923611111111111 0.053125 0.029166666666666667
2 0.7734375 0.3993055555555556 0.071875 0.034722222222222224
2 0.909375 0.40347222222222223 0.115625 0.043055555555555555
2 0.351953125 0.49444444444444446 0.02265625 0.027777777777777776
2 0.320703125 0.4965277777777778 0.01796875 0.02638888888888889
2 0.290234375 0.5027777777777778 0.01328125 0.013888888888888888
2 0.273046875 0.49722222222222223 0.01484375 0.013888888888888888
2 0.410546875 0.5090277777777777 0.07421875 0.09861111111111111
2 0.11328125 0.5298611111111111 0.225 0.32083333333333336
9 0.273046875 0.42430555555555555 0.01484375 0.034722222222222224
9 0.3125 0.42569444444444443 0.015625 0.03194444444444444
9 0.351953125 0.42430555555555555 0.01640625 0.0375
9 0.38984375 0.42430555555555555 0.0140625 0.04027777777777778
9 0.4171875 0.4215277777777778 0.0140625 0.0375
9 0.54765625 0.37222222222222223 0.009375 0.019444444444444445
8 0.583984375 0.37222222222222223 0.00546875 0.016666666666666666
8 0.56875 0.3472222222222222 0.0046875 0.016666666666666666
9 0.843359375 0.29375 0.03046875 0.04861111111111111
