8 0.336328125 0.31180555555555556 0.01015625 0.0375
8 0.53984375 0.31319444444444444 0.00625 0.02361111111111111
8 0.345703125 0.3090277777777778 0.00703125 0.043055555555555555
8 0.53359375 0.31180555555555556 0.00625 0.029166666666666667
8 0.627734375 0.39861111111111114 0.00703125 0.016666666666666666
9 0.262109375 0.32430555555555557 0.02421875 0.043055555555555555
9 0.58828125 0.3375 0.021875 0.03888888888888889
9 0.62890625 0.37916666666666665 0.0125 0.019444444444444445
9 0.653125 0.3659722222222222 0.009375 0.018055555555555554
9 0.663671875 0.3701388888888889 0.01171875 0.015277777777777777
2 0.533984375 0.4652777777777778 0.01015625 0.019444444444444445
2 0.554296875 0.4652777777777778 0.01953125 0.022222222222222223
2 0.51328125 0.4534722222222222 0.0265625 0.0375
9 0.414453125 0.4125 0.02421875 0.019444444444444445
9 0.46171875 0.42569444444444443 0.00625 0.018055555555555554
9 0.450390625 0.42986111111111114 0.01015625 0.020833333333333332
2 0.42265625 0.44930555555555557 0.0359375 0.06527777777777778
2 0.38203125 0.45555555555555555 0.0625 0.09444444444444444
2 0.3140625 0.4777777777777778 0.1265625 0.13055555555555556
2 0.131640625 0.4798611111111111 0.26328125 0.29583333333333334
2 0.798046875 0.4513888888888889 0.11484375 0.11944444444444445
