8 0.307421875 0.28402777777777777 0.01328125 0.0625
8 0.476171875 0.2881944444444444 0.00859375 0.043055555555555555
8 0.433203125 0.4965277777777778 0.00703125 0.02638888888888889
1 0.85 0.6069444444444444 0.034375 0.125
8 0.055078125 0.42430555555555555 0.01796875 0.029166666666666667
9 0.051171875 0.3277777777777778 0.05234375 0.030555555555555555
9 0.08125 0.35833333333333334 0.0359375 0.022222222222222223
2 0.421875 0.5493055555555556 0.01875 0.03194444444444444
2 0.3921875 0.5604166666666667 0.046875 0.06805555555555555
2 0.19765625 0.55 0.0640625 0.08611111111111111
2 0.50078125 0.5576388888888889 0.0125 0.02361111111111111
2 0.512890625 0.5590277777777778 0.01953125 0.0375
2 0.52109375 0.5631944444444444 0.03125 0.043055555555555555
2 0.56015625 0.5673611111111111 0.0359375 0.0625
2 0.48203125 0.5513888888888889 0.0125 0.027777777777777776
2 0.453515625 0.56875 0.06484375 0.09305555555555556
2 0.291796875 0.5625 0.15859375 0.20833333333333334
9 0.8890625 0.33541666666666664 0.0484375 0.043055555555555555
