8 0.54453125 0.29791666666666666 0.0078125 0.03194444444444444
8 0.622265625 0.32916666666666666 0.00390625 0.019444444444444445
8 0.408203125 0.29444444444444445 0.00703125 0.03611111111111111
8 0.392578125 0.3388888888888889 0.00703125 0.019444444444444445
9 0.35703125 0.3388888888888889 0.0078125 0.019444444444444445
9 0.2578125 0.2361111111111111 0.025 0.03333333333333333
9 0.180859375 0.24722222222222223 0.04765625 0.019444444444444445
8 0.25625 0.28402777777777777 0.0171875 0.015277777777777777
8 0.3296875 0.29583333333333334 0.009375 0.022222222222222223
8 0.626171875 0.35 0.00703125 0.022222222222222223
4 0.13671875 0.32569444444444445 0.065625 0.07916666666666666
4 0.261328125 0.37916666666666665 0.16328125 0.18611111111111112
2 0.143359375 0.4354166666666667 0.15390625 0.15416666666666667
2 0.0359375 0.43333333333333335 0.071875 0.2638888888888889
2 0.355078125 0.3784722222222222 0.01796875 0.029166666666666667
2 0.378515625 0.3784722222222222 0.01796875 0.029166666666666667
2 0.407421875 0.3701388888888889 0.01328125 0.0375
2 0.423828125 0.3770833333333333 0.02109375 0.02638888888888889
3 0.463671875 0.375 0.03359375 0.05555555555555555
2 0.49140625 0.39791666666666664 0.03125 0.04027777777777778
2 0.74140625 0.38055555555555554 0.028125 0.03888888888888889
