2 0.175 0.4284722222222222 0.096875 0.09027777777777778
4 0.0609375 0.39305555555555555 0.121875 0.19444444444444445
8 0.360546875 0.2923611111111111 0.00703125 0.029166666666666667
2 0.38125 0.3840277777777778 0.015625 0.02638888888888889
2 0.3703125 0.3861111111111111 0.015625 0.022222222222222223
2 0.36015625 0.38680555555555557 0.0171875 0.02361111111111111
2 0.343359375 0.3861111111111111 0.01640625 0.030555555555555555
2 0.336328125 0.3861111111111111 0.02109375 0.030555555555555555
2 0.321875 0.3840277777777778 0.0234375 0.034722222222222224
2 0.305859375 0.3840277777777778 0.03515625 0.0375
2 0.4109375 0.41597222222222224 0.040625 0.07361111111111111
8 0.44609375 0.3111111111111111 0.00625 0.025
4 0.5484375 0.36041666666666666 0.2015625 0.37916666666666665
8 0.20859375 0.2875 0.00625 0.03333333333333333
4 0.671875 0.38680555555555557 0.0578125 0.07083333333333333
