9 0.38046875 0.3458333333333333 0.0453125 0.022222222222222223
8 0.059375 0.3388888888888889 0.0703125 0.058333333333333334
8 0.091015625 0.18125 0.05859375 0.12916666666666668
8 0.447265625 0.3333333333333333 0.01015625 0.030555555555555555
8 0.4625 0.31875 0.009375 0.015277777777777777
8 0.84140625 0.3701388888888889 0.0203125 0.029166666666666667
2 0.666015625 0.5298611111111111 0.04453125 0.06805555555555555
2 0.70625 0.5409722222222222 0.103125 0.0875
2 0.580859375 0.5243055555555556 0.06953125 0.0625
2 0.61796875 0.5305555555555556 0.071875 0.07222222222222222
2 0.263671875 0.6097222222222223 0.26640625 0.4166666666666667
2 0.840234375 0.6826388888888889 0.31484375 0.5430555555555555
