9 0.633984375 0.5048611111111111 0.01953125 0.020833333333333332
9 0.3453125 0.5409722222222222 0.0125 0.020833333333333332
2 0.465625 0.58125 0.0265625 0.029166666666666667
2 0.431640625 0.5861111111111111 0.02421875 0.019444444444444445
2 0.394921875 0.5986111111111111 0.05546875 0.05
2 0.34609375 0.6069444444444444 0.025 0.041666666666666664
2 0.5625 0.5576388888888889 0.0140625 0.018055555555555554
2 0.539453125 0.5645833333333333 0.01015625 0.018055555555555554
2 0.297265625 0.6236111111111111 0.08515625 0.1
2 0.548828125 0.5694444444444444 0.01953125 0.022222222222222223
2 0.5671875 0.5645833333333333 0.0140625 0.018055555555555554
8 0.542578125 0.5159722222222223 0.01640625 0.004166666666666667
9 0.021484375 0.5402777777777777 0.02890625 0.013888888888888888
2 0.983984375 0.5583333333333333 0.03046875 0.041666666666666664
