2 0.275 0.4722222222222222 0.0109375 0.013888888888888888
2 0.308203125 0.46875 0.00859375 0.0125
2 0.30078125 0.46944444444444444 0.00625 0.013888888888888888
2 0.444921875 0.46319444444444446 0.04453125 0.02638888888888889
2 0.57421875 0.45694444444444443 0.025 0.027777777777777776
2 0.602734375 0.4583333333333333 0.03203125 0.027777777777777776
2 0.64609375 0.44375 0.0328125 0.015277777777777777
2 0.625390625 0.4861111111111111 0.05546875 0.06944444444444445
2 0.48984375 0.4548611111111111 0.0109375 0.018055555555555554
2 0.505859375 0.45625 0.01484375 0.0125
2 0.470703125 0.45069444444444445 0.02109375 0.018055555555555554
2 0.400390625 0.4597222222222222 0.01171875 0.016666666666666666
2 0.290234375 0.47291666666666665 0.01796875 0.02361111111111111
2 0.3640625 0.5590277777777778 0.1234375 0.1736111111111111
9 0.18359375 0.35833333333333334 0.05 0.03611111111111111
9 0.316015625 0.4527777777777778 0.00546875 0.013888888888888888
9 0.480078125 0.3173611111111111 0.01796875 0.009722222222222222
9 0.462109375 0.31319444444444444 0.01328125 0.009722222222222222
9 0.469921875 0.3597222222222222 0.01640625 0.041666666666666664
9 0.47265625 0.38958333333333334 0.025 0.018055555555555554
2 0.53515625 0.45208333333333334 0.0453125 0.029166666666666667
