8 0.42109375 0.41458333333333336 0.009375 0.018055555555555554
8 0.485546875 0.4027777777777778 0.00859375 0.016666666666666666
9 0.74765625 0.25625 0.0359375 0.1486111111111111
9 0.41484375 0.4125 0.009375 0.019444444444444445
9 0.398046875 0.4236111111111111 0.00859375 0.019444444444444445
9 0.53671875 0.4131944444444444 0.009375 0.0125
9 0.495703125 0.40208333333333335 0.00703125 0.020833333333333332
2 0.42265625 0.46319444444444446 0.0484375 0.08194444444444444
2 0.533984375 0.4652777777777778 0.04609375 0.08055555555555556
2 0.5453125 0.4847222222222222 0.0359375 0.08333333333333333
2 0.61484375 0.4798611111111111 0.1453125 0.19027777777777777
2 0.2671875 0.45 0.0453125 0.08611111111111111
2 0.7234375 0.5298611111111111 0.20625 0.25416666666666665
2 0.46953125 0.48333333333333334 0.084375 0.1388888888888889
2 0.339453125 0.47430555555555554 0.11953125 0.17916666666666667
2 0.169921875 0.4930555555555556 0.18515625 0.175
2 0.879296875 0.5958333333333333 0.23984375 0.5
