2 0.237109375 0.5513888888888889 0.05234375 0.044444444444444446
2 0.304296875 0.5590277777777778 0.03515625 0.020833333333333332
2 0.40390625 0.5493055555555556 0.015625 0.009722222222222222
2 0.42890625 0.5513888888888889 0.015625 0.019444444444444445
2 0.460546875 0.5541666666666667 0.01328125 0.019444444444444445
2 0.49609375 0.5590277777777778 0.009375 0.020833333333333332
2 0.444140625 0.5513888888888889 0.01171875 0.019444444444444445
2 0.471875 0.5513888888888889 0.009375 0.019444444444444445
9 0.472265625 0.5097222222222222 0.00859375 0.022222222222222223
9 0.463671875 0.5111111111111111 0.00703125 0.019444444444444445
9 0.44140625 0.5069444444444444 0.0140625 0.027777777777777776
9 0.494140625 0.5125 0.01171875 0.016666666666666666
9 0.504296875 0.5111111111111111 0.00703125 0.025
9 0.971875 0.11736111111111111 0.0546875 0.12361111111111112
