2 0.039453125 0.5395833333333333 0.05546875 0.07361111111111111
2 0.17421875 0.5305555555555556 0.2484375 0.26666666666666666
2 0.284375 0.49444444444444446 0.0328125 0.06111111111111111
2 0.301953125 0.49930555555555556 0.01171875 0.05138888888888889
2 0.315625 0.4951388888888889 0.015625 0.043055555555555555
2 0.33046875 0.5083333333333333 0.009375 0.027777777777777776
2 0.339453125 0.5034722222222222 0.00859375 0.018055555555555554
2 0.34921875 0.5034722222222222 0.0125 0.018055555555555554
2 0.37578125 0.5111111111111111 0.046875 0.06388888888888888
2 0.405078125 0.49375 0.01328125 0.015277777777777777
2 0.41796875 0.4965277777777778 0.0203125 0.020833333333333332
2 0.414453125 0.48125 0.01171875 0.015277777777777777
2 0.441015625 0.49375 0.01171875 0.018055555555555554
2 0.45859375 0.49722222222222223 0.009375 0.022222222222222223
2 0.4671875 0.5 0.015625 0.027777777777777776
2 0.475390625 0.5055555555555555 0.01015625 0.03888888888888889
2 0.49453125 0.49930555555555556 0.0390625 0.06805555555555555
2 0.49921875 0.5166666666666667 0.025 0.05555555555555555
2 0.522265625 0.5236111111111111 0.05234375 0.06388888888888888
2 0.60078125 0.5409722222222222 0.0953125 0.16805555555555557
9 0.609375 0.39791666666666664 0.015625 0.043055555555555555
2 0.76171875 0.5930555555555556 0.3140625 0.325
8 0.989453125 0.21666666666666667 0.01796875 0.07222222222222222
