9 0.61640625 0.5048611111111111 0.0421875 0.0763888888888889
9 0.778125 0.38263888888888886 0.109375 0.20694444444444443
9 0.440234375 0.5722222222222222 0.00546875 0.019444444444444445
9 0.29765625 0.5826388888888889 0.0125 0.018055555555555554
9 0.359765625 0.5756944444444444 0.00859375 0.018055555555555554
2 0.346875 0.58125 0.0125 0.020833333333333332
2 0.384375 0.59375 0.0109375 0.020833333333333332
2 0.516796875 0.5902777777777778 0.01484375 0.016666666666666666
2 0.532421875 0.5902777777777778 0.01640625 0.016666666666666666
2 0.494921875 0.6006944444444444 0.06015625 0.0375
2 0.281640625 0.5965277777777778 0.04609375 0.034722222222222224
2 0.41640625 0.5798611111111112 0.0265625 0.03194444444444444
2 0.562109375 0.6048611111111111 0.09296875 0.06805555555555555
2 0.449609375 0.5944444444444444 0.01640625 0.022222222222222223
2 0.436328125 0.5944444444444444 0.00703125 0.019444444444444445
2 0.419921875 0.5979166666666667 0.02734375 0.04027777777777778
2 0.369921875 0.5979166666666667 0.02734375 0.04027777777777778
2 0.333984375 0.6048611111111111 0.02578125 0.029166666666666667
2 0.021875 0.6736111111111112 0.04375 0.18333333333333332
