8 0.58125 0.4666666666666667 0.0109375 0.04722222222222222
8 0.23125 0.4 0.0078125 0.04722222222222222
8 0.244921875 0.3993055555555556 0.01484375 0.05416666666666667
8 0.75859375 0.5833333333333334 0.0125 0.027777777777777776
8 0.49921875 0.5729166666666666 0.0078125 0.018055555555555554
9 0.744921875 0.45 0.02734375 0.05
9 0.74296875 0.5208333333333334 0.025 0.019444444444444445
2 0.467578125 0.6354166666666666 0.01328125 0.02638888888888889
2 0.48046875 0.6375 0.009375 0.03888888888888889
2 0.3890625 0.6465277777777778 0.05 0.07916666666666666
2 0.535546875 0.6423611111111112 0.02578125 0.04583333333333333
2 0.569140625 0.6520833333333333 0.04921875 0.07083333333333333
2 0.340234375 0.6701388888888888 0.06953125 0.11805555555555555
2 0.445703125 0.6416666666666667 0.04140625 0.06944444444444445
2 0.50234375 0.6479166666666667 0.0421875 0.06805555555555555
2 0.681640625 0.6930555555555555 0.17734375 0.23333333333333334
2 0.1671875 0.675 0.334375 0.625
2 0.909375 0.8722222222222222 0.1796875 0.25
