9 0.221484375 0.38263888888888886 0.02265625 0.020833333333333332
9 0.34453125 0.3923611111111111 0.0203125 0.015277777777777777
8 0.3578125 0.36736111111111114 0.0109375 0.02361111111111111
9 0.72734375 0.24166666666666667 0.0375 0.05277777777777778
9 0.728515625 0.29930555555555555 0.04765625 0.059722222222222225
9 0.819140625 0.33402777777777776 0.02578125 0.10416666666666667
2 0.3546875 0.5194444444444445 0.125 0.18333333333333332
2 0.13125 0.6145833333333334 0.2625 0.30972222222222223
2 0.755078125 0.5743055555555555 0.13984375 0.2263888888888889
2 0.8828125 0.6020833333333333 0.234375 0.4736111111111111
3 0.544921875 0.46111111111111114 0.30703125 0.5861111111111111
