2 0.41484375 0.5131944444444444 0.0234375 0.029166666666666667
2 0.447265625 0.5131944444444444 0.01640625 0.02361111111111111
2 0.462890625 0.5118055555555555 0.01796875 0.02638888888888889
2 0.48203125 0.5201388888888889 0.034375 0.04861111111111111
2 0.434765625 0.5236111111111111 0.02734375 0.041666666666666664
2 0.266796875 0.5256944444444445 0.02421875 0.029166666666666667
2 0.24375 0.5229166666666667 0.025 0.02361111111111111
3 0.040234375 0.5506944444444445 0.07890625 0.11527777777777778
2 0.345703125 0.5736111111111111 0.12578125 0.2
2 0.526953125 0.5479166666666667 0.08046875 0.11805555555555555
8 0.2953125 0.4930555555555556 0.0078125 0.03888888888888889
8 0.44765625 0.45069444444444445 0.009375 0.020833333333333332
8 0.462109375 0.4465277777777778 0.00859375 0.029166666666666667
9 0.34375 0.45208333333333334 0.0234375 0.04861111111111111
9 0.341015625 0.34930555555555554 0.03671875 0.08472222222222223
9 0.602734375 0.4618055555555556 0.01640625 0.02361111111111111
9 0.1453125 0.34791666666666665 0.065625 0.15416666666666667
