8 0.33046875 0.45416666666666666 0.00625 0.019444444444444445
8 0.34140625 0.4513888888888889 0.0078125 0.013888888888888888
2 0.319921875 0.5243055555555556 0.01328125 0.02638888888888889
2 0.285546875 0.5416666666666666 0.05703125 0.09444444444444444
2 0.203515625 0.5631944444444444 0.11640625 0.1625
2 0.12421875 0.5451388888888888 0.04375 0.05694444444444444
2 0.07734375 0.5458333333333333 0.0390625 0.041666666666666664
2 0.019140625 0.5493055555555556 0.02890625 0.0375
2 0.334375 0.5284722222222222 0.0140625 0.034722222222222224
2 0.365625 0.54375 0.0546875 0.0875
2 0.51953125 0.5590277777777778 0.1453125 0.16527777777777777
