9 0.5875 0.26944444444444443 0.0203125 0.013888888888888888
9 0.50703125 0.3326388888888889 0.009375 0.02638888888888889
9 0.5078125 0.36041666666666666 0.0125 0.018055555555555554
8 0.46640625 0.36666666666666664 0.00625 0.016666666666666666
8 0.483203125 0.38680555555555557 0.01015625 0.0125
8 0.4484375 0.3909722222222222 0.009375 0.009722222222222222
8 0.413671875 0.3729166666666667 0.00859375 0.0125
8 0.008203125 0.40069444444444446 0.01640625 0.034722222222222224
8 0.46953125 0.3597222222222222 0.0046875 0.013888888888888888
9 0.00546875 0.35833333333333334 0.0109375 0.019444444444444445
8 0.67421875 0.2611111111111111 0.0109375 0.05
8 0.31640625 0.0375 0.0296875 0.075
8 0.683203125 0.027777777777777776 0.02734375 0.05555555555555555
2 0.463671875 0.4326388888888889 0.02109375 0.02361111111111111
2 0.441796875 0.43333333333333335 0.02578125 0.027777777777777776
2 0.380078125 0.45694444444444443 0.01640625 0.03611111111111111
2 0.410546875 0.44375 0.03984375 0.05416666666666667
2 0.27421875 0.4840277777777778 0.0890625 0.0875
2 0.344921875 0.46458333333333335 0.05703125 0.06527777777777778
2 0.09609375 0.5361111111111111 0.1921875 0.16666666666666666
2 0.494140625 0.4305555555555556 0.02421875 0.027777777777777776
2 0.532421875 0.42291666666666666 0.02109375 0.020833333333333332
