2 0.533203125 0.3611111111111111 0.00703125 0.008333333333333333
2 0.5171875 0.3611111111111111 0.0078125 0.008333333333333333
2 0.43984375 0.36944444444444446 0.015625 0.022222222222222223
2 0.405078125 0.36527777777777776 0.01328125 0.013888888888888888
2 0.42421875 0.36875 0.0234375 0.020833333333333332
2 0.421875 0.38472222222222224 0.028125 0.03333333333333333
2 0.296875 0.39861111111111114 0.0234375 0.06111111111111111
2 0.325390625 0.36736111111111114 0.01640625 0.006944444444444444
2 0.35546875 0.38472222222222224 0.034375 0.044444444444444446
2 0.27578125 0.37569444444444444 0.01875 0.029166666666666667
2 0.253515625 0.3819444444444444 0.02890625 0.025
2 0.1859375 0.38472222222222224 0.05625 0.044444444444444446
2 0.089453125 0.3888888888888889 0.07734375 0.075
2 0.328515625 0.42291666666666666 0.08515625 0.10138888888888889
2 0.39140625 0.3875 0.040625 0.058333333333333334
2 0.464453125 0.4236111111111111 0.07890625 0.12222222222222222
2 0.492578125 0.36527777777777776 0.00703125 0.011111111111111112
2 0.500390625 0.36666666666666664 0.00703125 0.013888888888888888
2 0.51015625 0.36527777777777776 0.0078125 0.011111111111111112
9 0.401171875 0.33819444444444446 0.00703125 0.015277777777777777
