2 0.38125 0.3298611111111111 0.0203125 0.04583333333333333
2 0.359375 0.3215277777777778 0.0453125 0.0625
2 0.4796875 0.34305555555555556 0.046875 0.07222222222222222
2 0.517578125 0.34652777777777777 0.06484375 0.07916666666666666
2 0.584375 0.3423611111111111 0.1015625 0.12361111111111112
2 0.6421875 0.3680555555555556 0.1125 0.13333333333333333
2 0.840625 0.36527777777777776 0.315625 0.3888888888888889
3 0.430078125 0.29930555555555555 0.08984375 0.13194444444444445
2 0.09453125 0.3402777777777778 0.0609375 0.07222222222222222
9 0.416015625 0.3277777777777778 0.03828125 0.06111111111111111
9 0.567578125 0.2652777777777778 0.01328125 0.022222222222222223
9 0.505078125 0.25833333333333336 0.01171875 0.030555555555555555
