9 0.143359375 0.4 0.05859375 0.06111111111111111
9 0.6484375 0.4701388888888889 0.059375 0.034722222222222224
9 0.283984375 0.5041666666666667 0.01015625 0.013888888888888888
2 0.45390625 0.5236111111111111 0.0109375 0.019444444444444445
2 0.501171875 0.5263888888888889 0.01328125 0.027777777777777776
2 0.522265625 0.525 0.00859375 0.011111111111111112
2 0.529296875 0.5256944444444445 0.00546875 0.009722222222222222
2 0.536328125 0.5243055555555556 0.00703125 0.009722222222222222
2 0.628125 0.54375 0.05 0.06527777777777778
2 0.32421875 0.5145833333333333 0.0140625 0.009722222222222222
2 0.4421875 0.5270833333333333 0.0171875 0.02361111111111111
2 0.398828125 0.5236111111111111 0.04921875 0.07222222222222222
2 0.476953125 0.5305555555555556 0.03984375 0.06944444444444445
2 0.563671875 0.5361111111111111 0.02734375 0.041666666666666664
2 0.700390625 0.5840277777777778 0.15546875 0.15694444444444444
3 0.51171875 0.5208333333333334 0.0125 0.027777777777777776
