2 0.38359375 0.5020833333333333 0.0609375 0.05416666666666667
2 0.57734375 0.5125 0.0421875 0.06111111111111111
2 0.61015625 0.5326388888888889 0.034375 0.08194444444444444
2 0.633203125 0.5340277777777778 0.04296875 0.12638888888888888
2 0.442578125 0.5048611111111111 0.02890625 0.029166666666666667
3 0.75234375 0.4847222222222222 0.234375 0.3416666666666667
2 0.477734375 0.50625 0.03515625 0.05138888888888889
2 0.509765625 0.51875 0.02109375 0.020833333333333332
2 0.468359375 0.5180555555555556 0.03515625 0.04722222222222222
2 0.26328125 0.5506944444444445 0.1875 0.22916666666666666
2 0.882421875 0.6222222222222222 0.23359375 0.31666666666666665
