9 0.522265625 0.49722222222222223 0.03828125 0.07222222222222222
9 0.653515625 0.49930555555555556 0.03671875 0.05138888888888889
9 0.396484375 0.5479166666666667 0.01640625 0.0375
9 0.43359375 0.5375 0.0140625 0.03333333333333333
9 0.31015625 0.5027777777777778 0.021875 0.027777777777777776
9 0.29921875 0.5416666666666666 0.0140625 0.025
9 0.350390625 0.5166666666666667 0.01328125 0.019444444444444445
9 0.459375 0.5118055555555555 0.0109375 0.018055555555555554
2 0.09609375 0.5416666666666666 0.0203125 0.016666666666666666
2 0.1515625 0.5395833333333333 0.0171875 0.018055555555555554
2 0.362890625 0.5673611111111111 0.01171875 0.018055555555555554
9 0.02734375 0.525 0.0078125 0.025
2 0.221875 0.5513888888888889 0.0109375 0.027777777777777776
2 0.203515625 0.5354166666666667 0.03359375 0.07361111111111111
