9 0.71796875 0.2652777777777778 0.028125 0.041666666666666664
9 0.717578125 0.3090277777777778 0.04296875 0.029166666666666667
9 0.564453125 0.38055555555555554 0.01171875 0.025
9 0.560546875 0.39652777777777776 0.01015625 0.006944444444444444
9 0.56953125 0.4 0.009375 0.019444444444444445
8 0.753515625 0.34791666666666665 0.02109375 0.043055555555555555
8 0.4 0.4041666666666667 0.0046875 0.019444444444444445
8 0.734375 0.34930555555555554 0.0171875 0.043055555555555555
4 0.39453125 0.4701388888888889 0.03125 0.059722222222222225
2 0.41953125 0.4756944444444444 0.0125 0.020833333333333332
2 0.384375 0.4930555555555556 0.034375 0.06944444444444445
2 0.310546875 0.5 0.01484375 0.03611111111111111
2 0.562109375 0.4895833333333333 0.05390625 0.05694444444444444
2 0.184375 0.5020833333333333 0.240625 0.2986111111111111
2 0.47109375 0.5277777777777778 0.134375 0.24722222222222223
2 0.344921875 0.49722222222222223 0.05703125 0.08333333333333333
8 0.487109375 0.02361111111111111 0.01796875 0.044444444444444446
8 0.515234375 0.022222222222222223 0.02578125 0.044444444444444446
