2 0.05390625 0.49930555555555556 0.1078125 0.1625
2 0.58828125 0.47638888888888886 0.1484375 0.15833333333333333
2 0.3625 0.43680555555555556 0.0390625 0.059722222222222225
2 0.403515625 0.42430555555555555 0.02109375 0.03194444444444444
2 0.18203125 0.46875 0.09375 0.09305555555555556
2 0.307421875 0.4423611111111111 0.04921875 0.05694444444444444
2 0.485546875 0.4340277777777778 0.03984375 0.0625
2 0.242578125 0.45555555555555555 0.04609375 0.075
2 0.33828125 0.42916666666666664 0.01875 0.03611111111111111
2 0.79453125 0.43819444444444444 0.1546875 0.12638888888888888
2 0.463671875 0.43333333333333335 0.01796875 0.03888888888888889
2 0.450390625 0.42777777777777776 0.01640625 0.030555555555555555
