2 0.233984375 0.4173611111111111 0.02421875 0.0375
2 0.225 0.42777777777777776 0.0203125 0.027777777777777776
2 0.20234375 0.4305555555555556 0.0265625 0.030555555555555555
2 0.177734375 0.43125 0.02578125 0.04027777777777778
2 0.1390625 0.42777777777777776 0.0421875 0.041666666666666664
2 0.363671875 0.4166666666666667 0.00859375 0.016666666666666666
2 0.516015625 0.43819444444444444 0.02265625 0.0625
2 0.774609375 0.4222222222222222 0.05234375 0.04722222222222222
2 0.103515625 0.4375 0.04296875 0.03888888888888889
2 0.15390625 0.43472222222222223 0.0375 0.03888888888888889
2 0.441796875 0.475 0.15546875 0.25
2 0.610546875 0.4618055555555556 0.13671875 0.17083333333333334
2 0.872265625 0.5854166666666667 0.25390625 0.5013888888888889
1 0.040625 0.4125 0.009375 0.027777777777777776
1 0.05546875 0.42777777777777776 0.0140625 0.03611111111111111
8 0.318359375 0.3659722222222222 0.01328125 0.04583333333333333
8 0.233203125 0.3402777777777778 0.00859375 0.03611111111111111
8 0.328125 0.29583333333333334 0.015625 0.05277777777777778
8 0.3328125 0.36666666666666664 0.0140625 0.044444444444444446
8 0.341796875 0.30694444444444446 0.00859375 0.03333333333333333
8 0.31640625 0.3 0.0078125 0.044444444444444446
8 0.465234375 0.2972222222222222 0.00859375 0.03333333333333333
8 0.56484375 0.36527777777777776 0.00625 0.025
8 0.738671875 0.3194444444444444 0.01328125 0.05
9 0.135546875 0.3736111111111111 0.01953125 0.019444444444444445
9 0.525390625 0.32916666666666666 0.02578125 0.013888888888888888
9 0.562890625 0.3125 0.01015625 0.025
9 0.639453125 0.36875 0.01328125 0.02638888888888889
9 0.740234375 0.28194444444444444 0.01796875 0.022222222222222223
9 0.828515625 0.2847222222222222 0.03046875 0.075
9 0.900390625 0.32222222222222224 0.02734375 0.013888888888888888
9 0.87109375 0.32013888888888886 0.0125 0.02638888888888889
9 0.88359375 0.3548611111111111 0.0234375 0.02361111111111111
9 0.379296875 0.38125 0.01328125 0.015277777777777777
9 0.34453125 0.4097222222222222 0.00625 0.022222222222222223
