9 0.019140625 0.24861111111111112 0.03671875 0.1111111111111111
8 0.35546875 0.02638888888888889 0.025 0.05277777777777778
8 0.52109375 0.45694444444444443 0.009375 0.022222222222222223
8 0.407421875 0.45694444444444443 0.00703125 0.022222222222222223
3 0.4890625 0.51875 0.025 0.029166666666666667
2 0.470703125 0.5479166666666667 0.01015625 0.043055555555555555
2 0.491015625 0.5354166666666667 0.02578125 0.043055555555555555
2 0.497265625 0.5444444444444444 0.03359375 0.04722222222222222
2 0.447265625 0.5277777777777778 0.04453125 0.10833333333333334
9 0.66328125 0.41458333333333336 0.0140625 0.04583333333333333
9 0.68359375 0.4673611111111111 0.01875 0.02638888888888889
2 0.766015625 0.5513888888888889 0.13046875 0.14722222222222223
8 0.8015625 0.041666666666666664 0.025 0.08333333333333333
8 0.7734375 0.04652777777777778 0.028125 0.09305555555555556
9 0.2546875 0.47847222222222224 0.0125 0.04861111111111111
9 0.07265625 0.5118055555555555 0.01875 0.020833333333333332
2 0.375390625 0.5861111111111111 0.15390625 0.23055555555555557
2 0.6109375 0.5854166666666667 0.1984375 0.29583333333333334
