2 0.01953125 0.5555555555555556 0.0390625 0.24444444444444444
2 0.027734375 0.4708333333333333 0.05390625 0.14722222222222223
2 0.240625 0.4951388888888889 0.3890625 0.26805555555555555
3 0.344921875 0.3958333333333333 0.44453125 0.39166666666666666
2 0.605078125 0.44722222222222224 0.09296875 0.13333333333333333
2 0.656640625 0.4222222222222222 0.02421875 0.044444444444444446
2 0.76640625 0.3972222222222222 0.0390625 0.011111111111111112
2 0.76875 0.4513888888888889 0.1078125 0.1
9 0.690234375 0.36041666666666666 0.01015625 0.03194444444444444
2 0.55703125 0.46111111111111114 0.015625 0.09166666666666666
2 0.714453125 0.42916666666666664 0.02109375 0.025
2 0.7 0.43194444444444446 0.0140625 0.025
