2 0.88828125 0.5430555555555555 0.0546875 0.04722222222222222
2 0.85078125 0.5305555555555556 0.0203125 0.013888888888888888
2 0.832421875 0.5277777777777778 0.01796875 0.019444444444444445
2 0.823828125 0.525 0.01328125 0.016666666666666666
2 0.803125 0.5180555555555556 0.0078125 0.013888888888888888
2 0.794140625 0.5131944444444444 0.00859375 0.009722222222222222
2 0.7890625 0.5180555555555556 0.0125 0.013888888888888888
2 0.719140625 0.5131944444444444 0.03203125 0.018055555555555554
2 0.69609375 0.5090277777777777 0.0171875 0.020833333333333332
2 0.65703125 0.5048611111111111 0.025 0.020833333333333332
2 0.633984375 0.5006944444444444 0.02109375 0.020833333333333332
2 0.543359375 0.49027777777777776 0.01328125 0.016666666666666666
2 0.523046875 0.4861111111111111 0.01953125 0.016666666666666666
2 0.4671875 0.4722222222222222 0.0390625 0.03888888888888889
2 0.441015625 0.46875 0.01953125 0.03194444444444444
2 0.427734375 0.4708333333333333 0.01171875 0.022222222222222223
2 0.363671875 0.4597222222222222 0.02890625 0.03611111111111111
2 0.31953125 0.45555555555555555 0.0640625 0.041666666666666664
2 0.27734375 0.44722222222222224 0.0453125 0.027777777777777776
2 0.283984375 0.45208333333333334 0.02265625 0.020833333333333332
2 0.186328125 0.4354166666666667 0.03984375 0.029166666666666667
2 0.11640625 0.4305555555555556 0.0640625 0.03888888888888889
2 0.1234375 0.4215277777777778 0.065625 0.043055555555555555
2 0.003515625 0.4131944444444444 0.00703125 0.029166666666666667
9 0.22421875 0.4409722222222222 0.021875 0.05694444444444444
2 0.576171875 0.48819444444444443 0.02578125 0.034722222222222224
