8 0.830078125 0.12361111111111112 0.01953125 0.09166666666666666
8 0.651953125 0.17708333333333334 0.01640625 0.07916666666666666
8 0.50234375 0.21458333333333332 0.0140625 0.07083333333333333
8 0.405078125 0.23819444444444443 0.01328125 0.06527777777777778
8 0.3890625 0.24166666666666667 0.015625 0.06388888888888888
8 0.2421875 0.27569444444444446 0.0140625 0.0625
8 0.224609375 0.27361111111111114 0.01328125 0.058333333333333334
8 0.1390625 0.2986111111111111 0.0234375 0.058333333333333334
8 0.0234375 0.32430555555555557 0.009375 0.043055555555555555
8 0.074609375 0.31527777777777777 0.01015625 0.05
9 0.800390625 0.4354166666666667 0.02109375 0.0125
9 0.636328125 0.44027777777777777 0.01328125 0.019444444444444445
9 0.444140625 0.4361111111111111 0.01640625 0.041666666666666664
8 0.009375 0.43125 0.0125 0.03194444444444444
2 0.409375 0.4666666666666667 0.015625 0.022222222222222223
2 0.375390625 0.46597222222222223 0.00703125 0.015277777777777777
2 0.38515625 0.46875 0.0203125 0.03194444444444444
2 0.362109375 0.4756944444444444 0.02109375 0.02638888888888889
2 0.343359375 0.48541666666666666 0.02578125 0.0375
2 0.323046875 0.49027777777777776 0.02734375 0.041666666666666664
2 0.25 0.49375 0.046875 0.04861111111111111
2 0.290625 0.5006944444444444 0.0390625 0.04583333333333333
2 0.387109375 0.50625 0.12109375 0.059722222222222225
3 0.546484375 0.4534722222222222 0.02421875 0.04027777777777778
3 0.575390625 0.45694444444444443 0.03828125 0.075
2 0.945703125 0.575 0.10546875 0.28888888888888886
