2 0.584765625 0.5201388888888889 0.01328125 0.015277777777777777
2 0.571875 0.5194444444444445 0.0109375 0.016666666666666666
2 0.555078125 0.5236111111111111 0.01171875 0.016666666666666666
2 0.613671875 0.5173611111111112 0.01640625 0.0125
2 0.631640625 0.5388888888888889 0.01953125 0.022222222222222223
2 0.6125 0.5305555555555556 0.01875 0.022222222222222223
2 0.64765625 0.5409722222222222 0.028125 0.05138888888888889
2 0.59375 0.5423611111111111 0.0234375 0.029166666666666667
2 0.726953125 0.5715277777777777 0.16640625 0.22083333333333333
2 0.560546875 0.5305555555555556 0.01640625 0.027777777777777776
2 0.58359375 0.5368055555555555 0.0109375 0.02361111111111111
8 0.528515625 0.4826388888888889 0.00546875 0.02638888888888889
