2 0.892578125 0.6847222222222222 0.21328125 0.5444444444444444
2 0.71328125 0.6159722222222223 0.153125 0.16805555555555557
2 0.62890625 0.6013888888888889 0.0765625 0.11944444444444445
2 0.5953125 0.5909722222222222 0.0375 0.0875
2 0.580859375 0.5763888888888888 0.01640625 0.03888888888888889
2 0.570703125 0.5625 0.02109375 0.022222222222222223
2 0.770703125 0.5520833333333334 0.09296875 0.0875
2 0.831640625 0.5381944444444444 0.03359375 0.04027777777777778
2 0.1875 0.5541666666666667 0.0546875 0.05277777777777778
2 0.266796875 0.5694444444444444 0.04609375 0.03611111111111111
2 0.2421875 0.5631944444444444 0.0296875 0.029166666666666667
2 0.330859375 0.5625 0.02421875 0.027777777777777776
2 0.484375 0.6388888888888888 0.184375 0.3194444444444444
2 0.362890625 0.5638888888888889 0.02734375 0.030555555555555555
