2 0.49140625 0.5 0.0171875 0.027777777777777776
2 0.47890625 0.5020833333333333 0.021875 0.04583333333333333
2 0.446484375 0.5076388888888889 0.06640625 0.11527777777777778
3 0.3890625 0.5375 0.1015625 0.15555555555555556
2 0.54140625 0.5027777777777778 0.0109375 0.030555555555555555
2 0.553515625 0.50625 0.01484375 0.05138888888888889
2 0.58203125 0.5104166666666666 0.04375 0.08194444444444444
2 0.59296875 0.5284722222222222 0.0453125 0.06805555555555555
2 0.628515625 0.5416666666666666 0.06484375 0.09722222222222222
2 0.6890625 0.5777777777777777 0.125 0.15833333333333333
2 0.8375 0.64375 0.296875 0.2791666666666667
2 0.95859375 0.7625 0.08125 0.33611111111111114
3 0.18515625 0.53125 0.3703125 0.9319444444444445
2 0.51875 0.5006944444444444 0.0328125 0.05694444444444444
