9 0.7125 0.3236111111111111 0.0765625 0.15833333333333333
9 0.56328125 0.44166666666666665 0.0171875 0.019444444444444445
9 0.571484375 0.4326388888888889 0.01015625 0.015277777777777777
9 0.49765625 0.48194444444444445 0.0109375 0.019444444444444445
9 0.505859375 0.41875 0.00703125 0.018055555555555554
8 0.598828125 0.4465277777777778 0.00546875 0.009722222222222222
8 0.543359375 0.44513888888888886 0.00390625 0.009722222222222222
8 0.405078125 0.4583333333333333 0.00703125 0.013888888888888888
8 0.412890625 0.38958333333333334 0.00703125 0.015277777777777777
8 0.453515625 0.33055555555555555 0.00703125 0.03333333333333333
8 0.358984375 0.42291666666666666 0.00703125 0.018055555555555554
8 0.5390625 0.44305555555555554 0.0046875 0.008333333333333333
8 0.5328125 0.37430555555555556 0.0046875 0.020833333333333332
9 0.45390625 0.30694444444444446 0.0078125 0.016666666666666666
9 0.5390625 0.43333333333333335 0.0046875 0.011111111111111112
8 0.5046875 0.4326388888888889 0.0140625 0.020833333333333332
2 0.528125 0.4847222222222222 0.040625 0.044444444444444446
2 0.40859375 0.4840277777777778 0.0140625 0.0375
2 0.37578125 0.4951388888888889 0.0515625 0.07916666666666666
4 0.26015625 0.4340277777777778 0.175 0.29583333333333334
2 0.443359375 0.5118055555555555 0.09140625 0.14305555555555555
2 0.0953125 0.40625 0.1890625 0.6736111111111112
