2 0.85546875 0.5743055555555555 0.2859375 0.47638888888888886
2 0.33203125 0.4576388888888889 0.1046875 0.12638888888888888
2 0.423046875 0.4361111111111111 0.04609375 0.058333333333333334
2 0.472265625 0.42083333333333334 0.02265625 0.025
2 0.70078125 0.5097222222222222 0.1515625 0.18055555555555555
2 0.630859375 0.46805555555555556 0.10546875 0.15
2 0.592578125 0.4486111111111111 0.05078125 0.10833333333333334
2 0.56171875 0.4284722222222222 0.034375 0.08194444444444444
2 0.544921875 0.42916666666666664 0.01796875 0.05277777777777778
2 0.532421875 0.425 0.01640625 0.044444444444444446
2 0.4890625 0.41944444444444445 0.0125 0.027777777777777776
2 0.087890625 0.45694444444444443 0.11796875 0.1361111111111111
2 0.1796875 0.4701388888888889 0.0515625 0.05416666666666667
2 0.228125 0.46805555555555556 0.040625 0.044444444444444446
2 0.2640625 0.4666666666666667 0.03125 0.05277777777777778
