2 0.402734375 0.61875 0.01328125 0.034722222222222224
2 0.388671875 0.6229166666666667 0.01640625 0.034722222222222224
2 0.36015625 0.6381944444444444 0.025 0.043055555555555555
2 0.334765625 0.6354166666666666 0.03984375 0.07361111111111111
2 0.3296875 0.6458333333333334 0.034375 0.06944444444444445
2 0.294140625 0.6576388888888889 0.06171875 0.10416666666666667
2 0.225390625 0.6784722222222223 0.11015625 0.14027777777777778
2 0.43125 0.9888888888888889 0.0015625 0.016666666666666666
2 0.44140625 0.6215277777777778 0.0171875 0.04861111111111111
2 0.45 0.6347222222222222 0.0171875 0.044444444444444446
2 0.47265625 0.6326388888888889 0.0390625 0.0763888888888889
2 0.53671875 0.6618055555555555 0.0875 0.10694444444444444
8 0.39609375 0.5694444444444444 0.009375 0.016666666666666666
8 0.43828125 0.5736111111111111 0.009375 0.016666666666666666
2 0.416796875 0.6131944444444445 0.01328125 0.029166666666666667
