2 0.358984375 0.5222222222222223 0.02890625 0.03888888888888889
2 0.3296875 0.5201388888888889 0.0359375 0.04861111111111111
2 0.30546875 0.5236111111111111 0.0375 0.058333333333333334
2 0.2625 0.5270833333333333 0.065625 0.0875
2 0.04609375 0.5402777777777777 0.0921875 0.1361111111111111
2 0.428125 0.5145833333333333 0.0390625 0.05416666666666667
2 0.475 0.5298611111111111 0.05 0.05416666666666667
2 0.513671875 0.5236111111111111 0.02734375 0.041666666666666664
2 0.555078125 0.5368055555555555 0.01953125 0.029166666666666667
2 0.571875 0.5423611111111111 0.021875 0.034722222222222224
2 0.60078125 0.5486111111111112 0.040625 0.04722222222222222
2 0.634765625 0.5631944444444444 0.05234375 0.059722222222222225
2 0.701953125 0.5763888888888888 0.10390625 0.08333333333333333
2 0.8390625 0.6041666666666666 0.1890625 0.19166666666666668
