8 0.266015625 0.2513888888888889 0.01171875 0.058333333333333334
8 0.608203125 0.28958333333333336 0.01171875 0.04583333333333333
8 0.021484375 0.2791666666666667 0.02421875 0.075
8 0.0078125 0.45694444444444443 0.0125 0.027777777777777776
8 0.82109375 0.4361111111111111 0.0125 0.030555555555555555
8 0.833203125 0.43680555555555556 0.01328125 0.02361111111111111
8 0.50234375 0.45902777777777776 0.0078125 0.020833333333333332
8 0.38515625 0.4583333333333333 0.0046875 0.016666666666666666
8 0.396875 0.48194444444444445 0.0046875 0.016666666666666666
8 0.4109375 0.48194444444444445 0.0078125 0.016666666666666666
8 0.455859375 0.4791666666666667 0.00390625 0.013888888888888888
9 0.35859375 0.4708333333333333 0.01875 0.011111111111111112
9 0.1484375 0.2861111111111111 0.0703125 0.030555555555555555
9 0.02421875 0.3548611111111111 0.034375 0.018055555555555554
9 0.030859375 0.37916666666666665 0.01953125 0.022222222222222223
2 0.364453125 0.5256944444444445 0.03203125 0.034722222222222224
2 0.6171875 0.5444444444444444 0.1125 0.09166666666666666
2 0.712890625 0.55 0.08203125 0.08333333333333333
2 0.440234375 0.5618055555555556 0.25546875 0.15416666666666667
9 0.7515625 0.32708333333333334 0.0296875 0.0375
9 0.676171875 0.2951388888888889 0.06015625 0.029166666666666667
9 0.803125 0.2638888888888889 0.028125 0.019444444444444445
9 0.81953125 0.3451388888888889 0.0234375 0.018055555555555554
9 0.536328125 0.43472222222222223 0.03828125 0.022222222222222223
2 0.396484375 0.5152777777777777 0.02109375 0.022222222222222223
