3 0.15625 0.5159722222222223 0.3109375 0.46805555555555556
2 0.984375 0.5347222222222222 0.028125 0.1111111111111111
2 0.937890625 0.5465277777777777 0.05078125 0.0625
2 0.88203125 0.5215277777777778 0.0484375 0.06527777777777778
2 0.793359375 0.5041666666666667 0.04453125 0.06666666666666667
2 0.7 0.49444444444444446 0.0328125 0.05
2 0.626953125 0.49444444444444446 0.03671875 0.04722222222222222
2 0.55625 0.4986111111111111 0.021875 0.03888888888888889
8 0.81796875 0.2777777777777778 0.0234375 0.08333333333333333
2 0.826953125 0.5166666666666667 0.02578125 0.041666666666666664
