8 0.9640625 0.07916666666666666 0.03125 0.09722222222222222
8 0.930078125 0.07291666666666667 0.03203125 0.09583333333333334
8 0.71796875 0.41388888888888886 0.0140625 0.027777777777777776
8 0.43125 0.2375 0.0078125 0.04722222222222222
8 0.419140625 0.23402777777777778 0.01171875 0.05694444444444444
8 0.408203125 0.23472222222222222 0.00859375 0.04722222222222222
8 0.56484375 0.29375 0.009375 0.04027777777777778
8 0.30234375 0.26805555555555555 0.015625 0.058333333333333334
8 0.1859375 0.21597222222222223 0.0171875 0.06527777777777778
8 0.15625 0.31666666666666665 0.01875 0.06666666666666667
8 0.140234375 0.3590277777777778 0.01953125 0.020833333333333332
9 0.18515625 0.22083333333333333 0.0390625 0.03611111111111111
9 0.147265625 0.2902777777777778 0.01640625 0.019444444444444445
9 0.6109375 0.3798611111111111 0.015625 0.034722222222222224
9 0.86796875 0.3215277777777778 0.015625 0.05416666666666667
9 0.875390625 0.2638888888888889 0.01640625 0.05
9 0.71640625 0.3576388888888889 0.015625 0.015277777777777777
4 0.50078125 0.44513888888888886 0.0328125 0.0625
8 0.54765625 0.4361111111111111 0.00625 0.013888888888888888
2 0.521875 0.4618055555555556 0.009375 0.02638888888888889
2 0.530078125 0.4673611111111111 0.00859375 0.029166666666666667
2 0.540625 0.4666666666666667 0.0265625 0.03611111111111111
2 0.58203125 0.47152777777777777 0.034375 0.0625
3 0.633203125 0.4534722222222222 0.08359375 0.12361111111111112
2 0.704296875 0.5020833333333333 0.16015625 0.10972222222222222
2 0.401953125 0.43680555555555556 0.01640625 0.0375
2 0.388671875 0.4465277777777778 0.02265625 0.04027777777777778
2 0.3671875 0.4479166666666667 0.028125 0.04027777777777778
2 0.33984375 0.4513888888888889 0.0265625 0.06111111111111111
2 0.310546875 0.45416666666666666 0.05390625 0.06944444444444445
3 0.44609375 0.42569444444444443 0.08125 0.1597222222222222
2 0.063671875 0.46805555555555556 0.12734375 0.1361111111111111
8 0.490234375 0.38958333333333334 0.00390625 0.02638888888888889
8 0.349609375 0.4 0.00390625 0.022222222222222223
