2 0.00859375 0.4201388888888889 0.0171875 0.06527777777777778
2 0.028515625 0.4166666666666667 0.03671875 0.058333333333333334
2 0.06328125 0.4166666666666667 0.046875 0.05277777777777778
3 0.0859375 0.38263888888888886 0.0609375 0.09583333333333334
2 0.128125 0.39444444444444443 0.034375 0.044444444444444446
2 0.182421875 0.40069444444444446 0.03828125 0.04027777777777778
2 0.21015625 0.40069444444444446 0.0265625 0.03194444444444444
2 0.259375 0.39375 0.0171875 0.03194444444444444
2 0.300390625 0.39444444444444443 0.02578125 0.025
2 0.278125 0.3875 0.0203125 0.019444444444444445
2 0.280859375 0.41041666666666665 0.02890625 0.04027777777777778
2 0.331640625 0.40069444444444446 0.01796875 0.020833333333333332
2 0.346484375 0.3972222222222222 0.01796875 0.025
2 0.3625 0.40902777777777777 0.021875 0.029166666666666667
2 0.380078125 0.4152777777777778 0.01953125 0.03611111111111111
2 0.40859375 0.42986111111111114 0.0546875 0.08472222222222223
2 0.436328125 0.45069444444444445 0.06015625 0.0875
2 0.459375 0.4638888888888889 0.0734375 0.1
2 0.315234375 0.4222222222222222 0.03984375 0.06111111111111111
2 0.2515625 0.44583333333333336 0.0546875 0.07777777777777778
2 0.35078125 0.4638888888888889 0.075 0.10555555555555556
2 0.510546875 0.48541666666666666 0.10546875 0.12361111111111112
9 0.7515625 0.24583333333333332 0.0296875 0.016666666666666666
9 0.749609375 0.2673611111111111 0.05546875 0.03194444444444444
9 0.493359375 0.2611111111111111 0.02734375 0.044444444444444446
9 0.380078125 0.3625 0.01328125 0.019444444444444445
9 0.151171875 0.35347222222222224 0.01484375 0.029166666666666667
9 0.2359375 0.28402777777777777 0.0203125 0.04583333333333333
8 0.25625 0.36180555555555555 0.009375 0.020833333333333332
8 0.30703125 0.32222222222222224 0.0125 0.025
8 0.331640625 0.34930555555555554 0.01015625 0.02638888888888889
8 0.35 0.3680555555555556 0.0140625 0.019444444444444445
8 0.7453125 0.16319444444444445 0.03125 0.12361111111111112
