2 0.34140625 0.5006944444444444 0.075 0.0875
2 0.65859375 0.5034722222222222 0.0796875 0.1125
2 0.530859375 0.49930555555555556 0.05078125 0.06527777777777778
2 0.4640625 0.4888888888888889 0.0203125 0.025
2 0.4953125 0.4895833333333333 0.025 0.02361111111111111
2 0.38359375 0.5027777777777778 0.021875 0.06666666666666667
2 0.4046875 0.5034722222222222 0.0296875 0.05138888888888889
2 0.433203125 0.49236111111111114 0.01953125 0.043055555555555555
2 0.611328125 0.49722222222222223 0.03046875 0.07222222222222222
2 0.596484375 0.4951388888888889 0.02734375 0.06805555555555555
2 0.5875 0.5013888888888889 0.021875 0.04722222222222222
2 0.574609375 0.4930555555555556 0.01328125 0.03888888888888889
9 0.759375 0.33819444444444446 0.015625 0.020833333333333332
9 0.751171875 0.3013888888888889 0.01640625 0.03888888888888889
9 0.741796875 0.33402777777777776 0.01328125 0.009722222222222222
9 0.585546875 0.45416666666666666 0.01328125 0.022222222222222223
9 0.58984375 0.42430555555555555 0.0140625 0.0125
9 0.208203125 0.34305555555555556 0.01953125 0.03888888888888889
9 0.365234375 0.41805555555555557 0.01484375 0.008333333333333333
9 0.6828125 0.3909722222222222 0.0140625 0.018055555555555554
9 0.411328125 0.46319444444444446 0.01015625 0.018055555555555554
9 0.13359375 0.2916666666666667 0.021875 0.08055555555555556
