2 0.339453125 0.5145833333333333 0.29453125 0.5208333333333334
2 0.591796875 0.49930555555555556 0.02109375 0.0375
2 0.636328125 0.5090277777777777 0.03671875 0.043055555555555555
2 0.671875 0.5104166666666666 0.021875 0.04583333333333333
2 0.701953125 0.5159722222222223 0.01796875 0.04583333333333333
2 0.72109375 0.5138888888888888 0.0296875 0.05
2 0.7578125 0.5097222222222222 0.0296875 0.05
2 0.81953125 0.5395833333333333 0.10625 0.09583333333333334
2 0.896875 0.5284722222222222 0.040625 0.05694444444444444
2 0.944140625 0.5388888888888889 0.05859375 0.06944444444444445
2 0.97890625 0.5305555555555556 0.040625 0.07777777777777778
2 0.519140625 0.4798611111111111 0.02890625 0.0375
2 0.4921875 0.4791666666666667 0.025 0.03888888888888889
