9 0.216015625 0.46319444444444446 0.01171875 0.04027777777777778
9 0.212109375 0.5048611111111111 0.01171875 0.029166666666666667
8 0.462109375 0.18541666666666667 0.01484375 0.06805555555555555
8 0.75625 0.35625 0.021875 0.0763888888888889
8 0.7625 0.42916666666666664 0.0296875 0.044444444444444446
2 0.499609375 0.5798611111111112 0.01015625 0.0125
2 0.493359375 0.575 0.01171875 0.016666666666666666
2 0.48359375 0.5763888888888888 0.0109375 0.019444444444444445
2 0.47578125 0.5736111111111111 0.009375 0.016666666666666666
2 0.46171875 0.5770833333333333 0.0203125 0.02638888888888889
2 0.47421875 0.58125 0.009375 0.0125
2 0.446484375 0.5798611111111112 0.02265625 0.02361111111111111
2 0.4265625 0.5680555555555555 0.0234375 0.03888888888888889
2 0.365625 0.5548611111111111 0.0125 0.020833333333333332
2 0.30703125 0.5625 0.028125 0.05555555555555555
9 0.33984375 0.5180555555555556 0.0109375 0.019444444444444445
2 0.334375 0.5770833333333333 0.0578125 0.07361111111111111
2 0.09765625 0.5479166666666667 0.0421875 0.05694444444444444
2 0.02265625 0.5222222222222223 0.0453125 0.06944444444444445
2 0.0328125 0.6 0.065625 0.11944444444444445
2 0.25546875 0.5826388888888889 0.103125 0.11527777777777778
2 0.3890625 0.5972222222222222 0.0765625 0.125
2 0.521875 0.5791666666666667 0.040625 0.05277777777777778
2 0.51015625 0.6 0.015625 0.027777777777777776
2 0.52265625 0.6083333333333333 0.0265625 0.07777777777777778
2 0.5265625 0.6166666666666667 0.0296875 0.07222222222222222
2 0.581640625 0.6215277777777778 0.12109375 0.1625
