9 0.71640625 0.07777777777777778 0.05 0.06388888888888888
8 0.1125 0.14583333333333334 0.028125 0.10277777777777777
8 0.426171875 0.15138888888888888 0.01640625 0.08333333333333333
8 0.717578125 0.17777777777777778 0.02421875 0.08888888888888889
8 0.141015625 0.34097222222222223 0.01796875 0.034722222222222224
8 0.71953125 0.3423611111111111 0.0171875 0.034722222222222224
9 0.178515625 0.3375 0.01796875 0.025
2 0.164453125 0.5361111111111111 0.32890625 0.3972222222222222
3 0.962109375 0.5958333333333333 0.07265625 0.6027777777777777
2 0.426171875 0.47638888888888886 0.06328125 0.09166666666666666
2 0.54140625 0.49444444444444446 0.071875 0.10555555555555556
4 0.4859375 0.4527777777777778 0.071875 0.041666666666666664
