2 0.308984375 0.5736111111111111 0.01171875 0.016666666666666666
2 0.2890625 0.5805555555555556 0.009375 0.013888888888888888
2 0.275 0.5777777777777777 0.0140625 0.016666666666666666
3 0.23828125 0.5673611111111111 0.0234375 0.029166666666666667
2 0.218359375 0.5888888888888889 0.02109375 0.030555555555555555
2 0.20078125 0.5715277777777777 0.01875 0.0125
2 0.197265625 0.5819444444444445 0.02109375 0.03333333333333333
3 0.17890625 0.5548611111111111 0.03125 0.029166666666666667
2 0.173828125 0.5840277777777778 0.03046875 0.0375
2 0.152734375 0.5798611111111112 0.02578125 0.0375
2 0.131640625 0.5819444444444445 0.03984375 0.05
3 0.0921875 0.5444444444444444 0.0546875 0.03333333333333333
2 0.039453125 0.5680555555555555 0.02421875 0.027777777777777776
2 0.0125 0.5548611111111111 0.025 0.020833333333333332
2 0.018359375 0.5861111111111111 0.03671875 0.06666666666666667
2 0.08359375 0.5847222222222223 0.0890625 0.08888888888888889
2 0.344921875 0.6326388888888889 0.09921875 0.11805555555555555
2 0.3578125 0.5736111111111111 0.05 0.03333333333333333
2 0.1859375 0.5895833333333333 0.040625 0.04583333333333333
