9 0.619921875 0.21597222222222223 0.04296875 0.11527777777777778
9 0.61484375 0.48055555555555557 0.040625 0.07777777777777778
9 0.423828125 0.41944444444444445 0.01796875 0.03888888888888889
9 0.423828125 0.4576388888888889 0.01796875 0.0375
9 0.290234375 0.3576388888888889 0.01484375 0.043055555555555555
9 0.382421875 0.48333333333333334 0.01484375 0.03611111111111111
9 0.35546875 0.5645833333333333 0.0265625 0.059722222222222225
2 0.34296875 0.5729166666666666 0.021875 0.04027777777777778
2 0.28828125 0.5652777777777778 0.0171875 0.030555555555555555
2 0.271484375 0.5652777777777778 0.01796875 0.027777777777777776
2 0.244921875 0.5638888888888889 0.02578125 0.027777777777777776
2 0.201953125 0.5784722222222223 0.03046875 0.03194444444444444
2 0.16171875 0.55 0.0328125 0.041666666666666664
2 0.068359375 0.5534722222222223 0.13671875 0.15416666666666667
2 0.316015625 0.5826388888888889 0.04140625 0.08194444444444444
