2 0.524609375 0.9090277777777778 0.01328125 0.029166666666666667
2 0.4984375 0.9201388888888888 0.0515625 0.0875
2 0.433203125 0.93125 0.08984375 0.12916666666666668
2 0.551953125 0.9111111111111111 0.02421875 0.044444444444444446
2 0.565625 0.9125 0.0171875 0.05
2 0.5765625 0.9180555555555555 0.03125 0.06944444444444445
2 0.592578125 0.9166666666666666 0.02265625 0.08055555555555556
2 0.612109375 0.9145833333333333 0.07109375 0.14027777777777778
2 0.651953125 0.9284722222222223 0.05546875 0.1375
2 0.740625 0.9194444444444444 0.1828125 0.15555555555555556
2 0.20234375 0.8506944444444444 0.403125 0.29305555555555557
