2 0.67109375 0.6777777777777778 0.0453125 0.07222222222222222
2 0.501953125 0.6597222222222222 0.07265625 0.075
2 0.598046875 0.6965277777777777 0.09140625 0.1486111111111111
2 0.375 0.6541666666666667 0.090625 0.08888888888888889
2 0.16171875 0.7881944444444444 0.3234375 0.40694444444444444
8 0.7765625 0.4236111111111111 0.05 0.1527777777777778
8 0.575390625 0.37222222222222223 0.01953125 0.05
8 0.12734375 0.32013888888888886 0.0375 0.11805555555555555
8 0.48203125 0.4840277777777778 0.0203125 0.059722222222222225
9 0.1203125 0.2125 0.0859375 0.075
9 0.769921875 0.22847222222222222 0.05390625 0.0875
