2 0.30859375 0.6527777777777778 0.028125 0.044444444444444446
2 0.201953125 0.6354166666666666 0.03046875 0.0375
2 0.013671875 0.6208333333333333 0.02734375 0.04722222222222222
9 0.349609375 0.2923611111111111 0.05859375 0.1875
3 0.520703125 0.5506944444444445 0.34140625 0.7597222222222222
2 0.734765625 0.7104166666666667 0.01484375 0.020833333333333332
8 0.74375 0.5909722222222222 0.009375 0.020833333333333332
8 0.793359375 0.61875 0.00546875 0.020833333333333332
2 0.770703125 0.7076388888888889 0.01796875 0.0375
3 0.79609375 0.7020833333333333 0.0421875 0.06527777777777778
2 0.830078125 0.7256944444444444 0.02421875 0.03194444444444444
2 0.87109375 0.7340277777777777 0.0796875 0.08194444444444444
3 0.980078125 0.7166666666666667 0.03828125 0.15555555555555556
