8 0.444921875 0.3013888888888889 0.00703125 0.027777777777777776
8 0.778515625 0.27152777777777776 0.00859375 0.029166666666666667
8 0.436328125 0.29930555555555555 0.00703125 0.029166666666666667
8 0.78984375 0.26805555555555555 0.009375 0.030555555555555555
8 0.4421875 0.3333333333333333 0.015625 0.016666666666666666
8 0.311328125 0.21597222222222223 0.01171875 0.05694444444444444
8 0.306640625 0.2791666666666667 0.01953125 0.027777777777777776
2 0.630078125 0.38333333333333336 0.00703125 0.013888888888888888
2 0.617578125 0.37777777777777777 0.02109375 0.027777777777777776
2 0.635546875 0.3798611111111111 0.00703125 0.018055555555555554
2 0.6828125 0.3770833333333333 0.009375 0.020833333333333332
2 0.68984375 0.3770833333333333 0.0109375 0.018055555555555554
2 0.696484375 0.375 0.01015625 0.022222222222222223
2 0.579296875 0.36180555555555555 0.06015625 0.07361111111111111
2 0.663671875 0.3715277777777778 0.02890625 0.034722222222222224
2 0.713671875 0.3659722222222222 0.03359375 0.04027777777777778
2 0.1953125 0.5159722222222223 0.390625 0.4375
2 0.890234375 0.5069444444444444 0.21484375 0.5555555555555556
9 0.76953125 0.21180555555555555 0.040625 0.020833333333333332
9 0.7828125 0.24027777777777778 0.0203125 0.016666666666666666
9 0.98125 0.1673611111111111 0.0296875 0.05138888888888889
8 0.959375 0.17083333333333334 0.0125 0.05
8 0.976171875 0.22569444444444445 0.01796875 0.02361111111111111
8 0.959765625 0.225 0.01015625 0.022222222222222223
