9 0.262890625 0.19444444444444445 0.04140625 0.09166666666666666
9 0.67578125 0.14444444444444443 0.0203125 0.04722222222222222
9 0.673828125 0.2916666666666667 0.01171875 0.019444444444444445
9 0.676953125 0.27361111111111114 0.01171875 0.013888888888888888
9 0.376171875 0.2534722222222222 0.02421875 0.0125
8 0.488671875 0.2611111111111111 0.00703125 0.016666666666666666
8 0.40390625 0.25833333333333336 0.0046875 0.019444444444444445
2 0.080078125 0.41041666666666665 0.16015625 0.2513888888888889
2 0.173046875 0.4236111111111111 0.03671875 0.08333333333333333
2 0.14375 0.36319444444444443 0.20625 0.10972222222222222
2 0.23671875 0.35347222222222224 0.078125 0.07083333333333333
2 0.260546875 0.34652777777777777 0.07421875 0.05416666666666667
2 0.3046875 0.34791666666666665 0.025 0.02361111111111111
2 0.32421875 0.3472222222222222 0.015625 0.019444444444444445
2 0.340234375 0.3333333333333333 0.01640625 0.027777777777777776
2 0.352734375 0.32569444444444445 0.01953125 0.020833333333333332
2 0.36484375 0.31875 0.0078125 0.020833333333333332
2 0.387890625 0.3486111111111111 0.02421875 0.03333333333333333
2 0.49609375 0.375 0.078125 0.09166666666666666
2 0.43828125 0.3548611111111111 0.0390625 0.04583333333333333
2 0.60390625 0.3611111111111111 0.09375 0.1
2 0.705078125 0.34305555555555556 0.05078125 0.03333333333333333
3 0.8859375 0.32222222222222224 0.225 0.6444444444444445
2 0.54453125 0.35138888888888886 0.0375 0.03888888888888889
2 0.418359375 0.3368055555555556 0.01640625 0.020833333333333332
2 0.47109375 0.32708333333333334 0.01875 0.018055555555555554
2 0.409375 0.3236111111111111 0.0125 0.013888888888888888
2 0.385546875 0.3138888888888889 0.01015625 0.011111111111111112
2 0.425 0.32083333333333336 0.0109375 0.016666666666666666
