8 0.445703125 0.33402777777777776 0.00703125 0.018055555555555554
8 0.39375 0.3333333333333333 0.00625 0.016666666666666666
2 0.42421875 0.38958333333333334 0.0203125 0.029166666666666667
2 0.4546875 0.39375 0.0140625 0.04027777777777778
2 0.447265625 0.3902777777777778 0.01796875 0.025
2 0.46328125 0.3972222222222222 0.021875 0.04722222222222222
2 0.4828125 0.39791666666666664 0.04375 0.07083333333333333
2 0.51015625 0.4131944444444444 0.05625 0.10416666666666667
2 0.5546875 0.4270833333333333 0.096875 0.14027777777777778
2 0.5734375 0.45208333333333334 0.0765625 0.1625
2 0.705859375 0.475 0.25390625 0.2861111111111111
2 0.85390625 0.5486111111111112 0.2890625 0.5916666666666667
2 0.250390625 0.475 0.43046875 0.35833333333333334
