2 0.2265625 0.8298611111111112 0.075 0.12361111111111112
2 0.48125 0.8333333333333334 0.0765625 0.11666666666666667
2 0.9484375 0.8944444444444445 0.1015625 0.1361111111111111
8 0.772265625 0.7159722222222222 0.01640625 0.05138888888888889
8 0.803125 0.7145833333333333 0.0203125 0.05416666666666667
8 0.18203125 0.29791666666666666 0.0296875 0.12361111111111112
8 0.209375 0.31180555555555556 0.0140625 0.12083333333333333
8 0.151171875 0.3013888888888889 0.02578125 0.13333333333333333
2 0.27421875 0.8152777777777778 0.0234375 0.1
2 0.297265625 0.8111111111111111 0.02578125 0.08055555555555556
2 0.31640625 0.8034722222222223 0.0125 0.05138888888888889
2 0.329296875 0.7986111111111112 0.01640625 0.03611111111111111
2 0.44453125 0.8291666666666667 0.0296875 0.09722222222222222
2 0.423046875 0.8305555555555556 0.02578125 0.075
2 0.4046875 0.8229166666666666 0.01875 0.06527777777777778
2 0.3890625 0.8020833333333334 0.0125 0.04861111111111111
2 0.378125 0.7972222222222223 0.0125 0.03333333333333333
2 0.359375 0.8055555555555556 0.0109375 0.022222222222222223
9 0.1546875 0.6465277777777778 0.025 0.02361111111111111
8 0.7734375 0.03333333333333333 0.05 0.06666666666666667
8 0.84140625 0.029166666666666667 0.0546875 0.058333333333333334
