2 0.018359375 0.2923611111111111 0.03671875 0.05138888888888889
2 0.131640625 0.42083333333333334 0.26328125 0.3111111111111111
8 0.202734375 0.10694444444444444 0.01015625 0.03611111111111111
8 0.215625 0.10555555555555556 0.0109375 0.03888888888888889
8 0.11015625 0.17847222222222223 0.009375 0.034722222222222224
9 0.496484375 0.11944444444444445 0.02265625 0.03333333333333333
9 0.691015625 0.13541666666666666 0.01796875 0.12638888888888888
9 0.659765625 0.07361111111111111 0.02890625 0.013888888888888888
9 0.640625 0.11736111111111111 0.0359375 0.020833333333333332
8 0.66015625 0.16458333333333333 0.0265625 0.0375
9 0.489453125 0.22083333333333333 0.00859375 0.019444444444444445
9 0.540625 0.18541666666666667 0.0203125 0.0125
8 0.416796875 0.09722222222222222 0.00703125 0.027777777777777776
2 0.32734375 0.2722222222222222 0.0140625 0.027777777777777776
2 0.8296875 0.2548611111111111 0.03125 0.06527777777777778
3 0.42109375 0.25833333333333336 0.034375 0.06666666666666667
2 0.398046875 0.25555555555555554 0.00859375 0.019444444444444445
2 0.391015625 0.26319444444444445 0.00859375 0.015277777777777777
2 0.34765625 0.2722222222222222 0.03125 0.03888888888888889
2 0.4578125 0.29375 0.053125 0.07916666666666666
2 0.38046875 0.2638888888888889 0.015625 0.025
2 0.803125 0.24861111111111112 0.08125 0.08055555555555556
