2 0.00859375 0.6041666666666666 0.0171875 0.075
2 0.00625 0.66875 0.0125 0.043055555555555555
2 0.126171875 0.5965277777777778 0.05703125 0.05694444444444444
2 0.17265625 0.6 0.06875 0.07777777777777778
2 0.246484375 0.5888888888888889 0.06328125 0.041666666666666664
2 0.22578125 0.5708333333333333 0.04375 0.044444444444444446
2 0.26484375 0.5729166666666666 0.0453125 0.03194444444444444
2 0.323828125 0.5715277777777777 0.01640625 0.029166666666666667
2 0.578515625 0.5673611111111111 0.03828125 0.05694444444444444
2 0.5140625 0.5694444444444444 0.0296875 0.05555555555555555
2 0.49609375 0.5631944444444444 0.01875 0.04861111111111111
2 0.533984375 0.54375 0.01796875 0.009722222222222222
9 0.20234375 0.5055555555555555 0.0328125 0.03333333333333333
9 0.5234375 0.5034722222222222 0.021875 0.009722222222222222
2 0.41015625 0.6513888888888889 0.19375 0.3055555555555556
2 0.726953125 0.6555555555555556 0.26328125 0.28888888888888886
