9 0.548828125 0.5055555555555555 0.01015625 0.027777777777777776
8 0.412890625 0.5423611111111111 0.00703125 0.015277777777777777
2 0.42421875 0.5645833333333333 0.0171875 0.018055555555555554
2 0.409765625 0.5666666666666667 0.01171875 0.016666666666666666
2 0.397265625 0.5680555555555555 0.01328125 0.019444444444444445
2 0.376953125 0.5694444444444444 0.01328125 0.019444444444444445
2 0.36484375 0.56875 0.0125 0.020833333333333332
2 0.35390625 0.5729166666666666 0.0140625 0.02361111111111111
2 0.335546875 0.5784722222222223 0.02578125 0.029166666666666667
2 0.323828125 0.5763888888888888 0.01796875 0.027777777777777776
2 0.312890625 0.5791666666666667 0.02265625 0.03333333333333333
2 0.288671875 0.5819444444444445 0.03828125 0.04722222222222222
2 0.255078125 0.5798611111111112 0.03671875 0.05694444444444444
2 0.219921875 0.5916666666666667 0.04453125 0.05
2 0.175390625 0.5944444444444444 0.05234375 0.058333333333333334
2 0.11640625 0.5944444444444444 0.08125 0.10277777777777777
2 0.046875 0.6256944444444444 0.0921875 0.12083333333333333
2 0.56015625 0.5888888888888889 0.025 0.044444444444444446
2 0.580078125 0.5881944444444445 0.02109375 0.04861111111111111
2 0.596484375 0.5909722222222222 0.01796875 0.04861111111111111
2 0.61328125 0.5888888888888889 0.025 0.05277777777777778
2 0.644140625 0.5916666666666667 0.05234375 0.07777777777777778
2 0.677734375 0.60625 0.03203125 0.07083333333333333
2 0.74765625 0.5798611111111112 0.121875 0.18472222222222223
2 0.4796875 0.5944444444444444 0.1046875 0.16944444444444445
1 0.746484375 0.6069444444444444 0.04453125 0.12777777777777777
8 0.3953125 0.5284722222222222 0.0125 0.018055555555555554
8 0.44140625 0.5305555555555556 0.0125 0.022222222222222223
9 0.566796875 0.5243055555555556 0.01484375 0.018055555555555554
