8 0.22265625 0.28541666666666665 0.0171875 0.059722222222222225
8 0.536328125 0.15416666666666667 0.02265625 0.08888888888888889
8 0.242578125 0.28680555555555554 0.01171875 0.0625
8 0.21171875 0.29097222222222224 0.0109375 0.0625
8 0.516796875 0.15833333333333333 0.01796875 0.09166666666666666
8 0.558203125 0.16319444444444445 0.01171875 0.07083333333333333
8 0.095703125 0.45694444444444443 0.02109375 0.041666666666666664
8 0.712109375 0.4826388888888889 0.02109375 0.0375
2 0.29140625 0.5631944444444444 0.065625 0.09583333333333334
2 0.53203125 0.5819444444444445 0.0546875 0.07777777777777778
2 0.33515625 0.5680555555555555 0.0234375 0.06944444444444445
2 0.355859375 0.5659722222222222 0.01640625 0.04861111111111111
2 0.370703125 0.5652777777777778 0.02734375 0.03888888888888889
2 0.382421875 0.5631944444444444 0.02265625 0.02638888888888889
2 0.5 0.5729166666666666 0.0234375 0.04861111111111111
2 0.48203125 0.5673611111111111 0.0171875 0.04861111111111111
2 0.465625 0.5625 0.015625 0.03888888888888889
2 0.45 0.5555555555555556 0.015625 0.016666666666666666
8 0.44296875 0.5284722222222222 0.009375 0.015277777777777777
9 0.743359375 0.37083333333333335 0.02109375 0.019444444444444445
8 0.422265625 0.5291666666666667 0.00703125 0.013888888888888888
