2 0.357421875 0.4395833333333333 0.01171875 0.02361111111111111
2 0.351171875 0.44027777777777777 0.01171875 0.03333333333333333
2 0.341015625 0.44375 0.01640625 0.04027777777777778
2 0.330078125 0.4479166666666667 0.01953125 0.034722222222222224
2 0.30859375 0.45416666666666666 0.0328125 0.041666666666666664
2 0.248828125 0.4798611111111111 0.02109375 0.04583333333333333
2 0.2046875 0.475 0.078125 0.08888888888888889
2 0.177734375 0.4979166666666667 0.04765625 0.06805555555555555
2 0.125390625 0.5159722222222223 0.08828125 0.09027777777777778
2 0.392578125 0.4423611111111111 0.01328125 0.02361111111111111
2 0.425390625 0.44722222222222224 0.01640625 0.027777777777777776
2 0.436328125 0.4618055555555556 0.02109375 0.02638888888888889
2 0.434765625 0.4798611111111111 0.02421875 0.043055555555555555
2 0.40703125 0.44375 0.015625 0.02638888888888889
2 0.3859375 0.44930555555555557 0.01875 0.029166666666666667
2 0.453125 0.4986111111111111 0.0421875 0.06944444444444445
9 0.555859375 0.24930555555555556 0.07109375 0.04027777777777778
9 0.531640625 0.43472222222222223 0.01484375 0.04722222222222222
9 0.56796875 0.4444444444444444 0.0265625 0.041666666666666664
8 0.564453125 0.34375 0.01171875 0.02361111111111111
2 0.61640625 0.5125 0.1109375 0.08888888888888889
2 0.780078125 0.4847222222222222 0.06484375 0.075
2 0.836328125 0.4875 0.03671875 0.05555555555555555
9 0.224609375 0.34097222222222223 0.03828125 0.04027777777777778
