9 0.326953125 0.3923611111111111 0.01953125 0.03194444444444444
9 0.44453125 0.41875 0.0125 0.020833333333333332
9 0.544140625 0.38819444444444445 0.01953125 0.04027777777777778
9 0.622265625 0.3368055555555556 0.02421875 0.020833333333333332
9 0.6234375 0.35833333333333334 0.0171875 0.013888888888888888
2 0.41875 0.44027777777777777 0.0171875 0.025
2 0.4625 0.4444444444444444 0.0125 0.025
2 0.471484375 0.4479166666666667 0.01953125 0.034722222222222224
2 0.50234375 0.45902777777777776 0.0609375 0.07361111111111111
2 0.60703125 0.5041666666666667 0.1015625 0.12222222222222222
2 0.255859375 0.4895833333333333 0.13203125 0.14305555555555555
2 0.402734375 0.4486111111111111 0.02265625 0.03333333333333333
2 0.378515625 0.4583333333333333 0.04140625 0.04722222222222222
2 0.1078125 0.5972222222222222 0.215625 0.30277777777777776
2 0.75 0.5826388888888889 0.259375 0.2652777777777778
2 0.477734375 0.6506944444444445 0.00390625 0.009722222222222222
