2 0.4421875 0.5923611111111111 0.0109375 0.029166666666666667
2 0.4328125 0.5909722222222222 0.0109375 0.03194444444444444
2 0.4203125 0.59375 0.0140625 0.0375
2 0.398046875 0.5951388888888889 0.03046875 0.04027777777777778
2 0.332421875 0.6236111111111111 0.08671875 0.11666666666666667
2 0.574609375 0.6305555555555555 0.04453125 0.06388888888888888
2 0.60546875 0.6513888888888889 0.0609375 0.10277777777777777
2 0.691796875 0.6784722222222223 0.16640625 0.2263888888888889
3 0.868359375 0.44166666666666665 0.25703125 0.8833333333333333
2 0.1265625 0.69375 0.2515625 0.5986111111111111
2 0.52421875 0.6 0.03125 0.025
2 0.50078125 0.5902777777777778 0.03125 0.03333333333333333
2 0.46015625 0.7875 0.2875 0.41944444444444445
