8 0.36171875 0.4125 0.00625 0.027777777777777776
8 0.35546875 0.41041666666666665 0.0078125 0.02361111111111111
8 0.508203125 0.46597222222222223 0.01484375 0.018055555555555554
8 0.3203125 0.48055555555555557 0.0078125 0.019444444444444445
9 0.31953125 0.46111111111111114 0.0125 0.013888888888888888
9 0.44140625 0.2833333333333333 0.103125 0.06666666666666667
2 0.31875 0.5236111111111111 0.0234375 0.05277777777777778
2 0.26484375 0.5256944444444445 0.1078125 0.15694444444444444
2 0.507421875 0.4861111111111111 0.01015625 0.022222222222222223
2 0.51796875 0.48819444444444443 0.0234375 0.034722222222222224
2 0.565234375 0.5319444444444444 0.09765625 0.15555555555555556
2 0.42421875 0.5722222222222222 0.1953125 0.3138888888888889
2 0.124609375 0.6263888888888889 0.24921875 0.3111111111111111
