2 0.14609375 0.43819444444444444 0.2921875 0.30694444444444446
2 0.31484375 0.40902777777777777 0.0984375 0.18472222222222223
2 0.372265625 0.4041666666666667 0.04296875 0.12222222222222222
2 0.3984375 0.3923611111111111 0.0296875 0.08472222222222223
2 0.42578125 0.3909722222222222 0.03125 0.06805555555555555
2 0.622265625 0.425 0.06015625 0.13055555555555556
2 0.59921875 0.4 0.06875 0.11944444444444445
2 0.565625 0.40347222222222223 0.0265625 0.07083333333333333
2 0.55 0.39861111111111114 0.0296875 0.06111111111111111
2 0.44453125 0.3784722222222222 0.0265625 0.029166666666666667
2 0.45859375 0.37083333333333335 0.0140625 0.027777777777777776
2 0.51328125 0.36944444444444446 0.0171875 0.030555555555555555
2 0.5015625 0.3638888888888889 0.0140625 0.022222222222222223
2 0.48671875 0.37083333333333335 0.01875 0.027777777777777776
2 0.521875 0.37777777777777777 0.0265625 0.03611111111111111
2 0.737109375 0.4395833333333333 0.21796875 0.24305555555555555
9 0.126171875 0.14583333333333334 0.04296875 0.11666666666666667
9 0.732421875 0.2222222222222222 0.01953125 0.05555555555555555
9 0.58515625 0.27569444444444446 0.01875 0.018055555555555554
