2 0.417578125 0.6708333333333333 0.01328125 0.019444444444444445
2 0.38828125 0.6597222222222222 0.0140625 0.03333333333333333
2 0.39921875 0.6701388888888888 0.025 0.02638888888888889
2 0.375390625 0.6541666666666667 0.02421875 0.05277777777777778
2 0.375 0.6583333333333333 0.01875 0.05555555555555555
2 0.3734375 0.6583333333333333 0.0171875 0.05
2 0.369921875 0.6583333333333333 0.01640625 0.05277777777777778
2 0.466796875 0.6625 0.01484375 0.044444444444444446
2 0.613671875 0.7138888888888889 0.11953125 0.15
2 0.7515625 0.7625 0.275 0.26666666666666666
2 0.928125 0.8444444444444444 0.140625 0.30277777777777776
2 0.338671875 0.6625 0.05703125 0.075
2 0.442578125 0.65625 0.03515625 0.059722222222222225
9 0.984375 0.35 0.0265625 0.125
9 0.24375 0.46319444444444446 0.0390625 0.07083333333333333
