1 0.4078125 0.46111111111111114 0.0203125 0.06111111111111111
9 0.394921875 0.4041666666666667 0.01171875 0.025
2 0.48359375 0.46875 0.03125 0.05138888888888889
3 0.365234375 0.45902777777777776 0.07109375 0.12083333333333333
3 0.4890625 0.43333333333333335 0.01875 0.041666666666666664
3 0.687109375 0.47430555555555554 0.05390625 0.07361111111111111
9 0.71171875 0.4125 0.015625 0.027777777777777776
2 0.34375 0.4895833333333333 0.065625 0.14027777777777778
2 0.173828125 0.47638888888888886 0.30390625 0.40555555555555556
2 0.448828125 0.4826388888888889 0.05390625 0.07916666666666666
3 0.58984375 0.3854166666666667 0.196875 0.3680555555555556
4 0.883984375 0.3909722222222222 0.23046875 0.20694444444444443
2 0.840234375 0.63125 0.31796875 0.4152777777777778
