2 0.4609375 0.5972222222222222 0.025 0.025
2 0.44609375 0.6034722222222222 0.0203125 0.029166666666666667
2 0.43515625 0.6097222222222223 0.01875 0.03888888888888889
2 0.4265625 0.6159722222222223 0.01875 0.05416666666666667
2 0.404296875 0.6173611111111111 0.03671875 0.059722222222222225
2 0.35234375 0.6444444444444445 0.05 0.09444444444444444
2 0.28046875 0.6597222222222222 0.0984375 0.1638888888888889
2 0.14921875 0.6881944444444444 0.234375 0.24583333333333332
2 0.05625 0.7875 0.1125 0.25
2 0.50625 0.5979166666666667 0.01875 0.02361111111111111
2 0.513671875 0.6104166666666667 0.01640625 0.034722222222222224
2 0.52578125 0.6125 0.028125 0.044444444444444446
2 0.539453125 0.6229166666666667 0.03203125 0.05416666666666667
2 0.583984375 0.6465277777777778 0.05390625 0.09027777777777778
2 0.669921875 0.6319444444444444 0.04765625 0.05277777777777778
2 0.737890625 0.6263888888888889 0.10546875 0.08055555555555556
2 0.75234375 0.6402777777777777 0.0546875 0.05555555555555555
2 0.616015625 0.6666666666666666 0.08671875 0.1111111111111111
2 0.85078125 0.7770833333333333 0.296875 0.37916666666666665
9 0.306640625 0.5618055555555556 0.02421875 0.034722222222222224
9 0.30625 0.5361111111111111 0.0125 0.011111111111111112
9 0.29921875 0.47708333333333336 0.009375 0.029166666666666667
9 0.21640625 0.5513888888888889 0.0125 0.013888888888888888
9 0.623046875 0.5520833333333334 0.02578125 0.04583333333333333
9 0.651171875 0.5361111111111111 0.02109375 0.044444444444444446
