8 0.2890625 0.43125 0.009375 0.03194444444444444
8 0.389453125 0.4 0.00703125 0.027777777777777776
8 0.38203125 0.4 0.00625 0.025
4 0.603515625 0.46875 0.12578125 0.0875
8 0.538671875 0.4131944444444444 0.00546875 0.02638888888888889
8 0.57578125 0.49722222222222223 0.009375 0.005555555555555556
8 0.31640625 0.4548611111111111 0.0078125 0.0125
3 0.413671875 0.48055555555555557 0.01953125 0.03888888888888889
2 0.41953125 0.5027777777777778 0.0203125 0.027777777777777776
3 0.392578125 0.48541666666666666 0.01796875 0.03194444444444444
2 0.3859375 0.5131944444444444 0.0203125 0.07083333333333333
2 0.35078125 0.5277777777777778 0.0609375 0.1
2 0.32578125 0.5708333333333333 0.1 0.15833333333333333
2 0.204296875 0.6361111111111111 0.25390625 0.30277777777777776
2 0.48984375 0.5069444444444444 0.078125 0.025
2 0.557421875 0.5076388888888889 0.06328125 0.059722222222222225
2 0.624609375 0.5555555555555556 0.09453125 0.11944444444444445
4 0.815234375 0.49375 0.22734375 0.14027777777777778
2 0.4921875 0.6833333333333333 0.2953125 0.3472222222222222
2 0.78125 0.6159722222222223 0.30625 0.28194444444444444
2 0.115625 0.7486111111111111 0.23125 0.4222222222222222
8 0.533203125 0.4152777777777778 0.00546875 0.025
