2 0.24921875 0.4798611111111111 0.096875 0.09583333333333334
2 0.615625 0.47708333333333336 0.1046875 0.1375
2 0.542578125 0.4597222222222222 0.02109375 0.03611111111111111
2 0.490234375 0.45902777777777776 0.01171875 0.020833333333333332
2 0.469921875 0.46458333333333335 0.01484375 0.02638888888888889
2 0.416796875 0.4625 0.01796875 0.027777777777777776
2 0.43203125 0.45625 0.0125 0.015277777777777777
2 0.444140625 0.4583333333333333 0.01171875 0.011111111111111112
2 0.526171875 0.46319444444444446 0.01171875 0.029166666666666667
2 0.515234375 0.46111111111111114 0.01171875 0.025
2 0.45859375 0.4597222222222222 0.009375 0.027777777777777776
8 0.477734375 0.41458333333333336 0.00546875 0.015277777777777777
8 0.432421875 0.41597222222222224 0.00703125 0.015277777777777777
8 0.408984375 0.43125 0.01015625 0.015277777777777777
9 0.787890625 0.3347222222222222 0.02734375 0.025
