9 0.855078125 0.3819444444444444 0.13515625 0.11666666666666667
9 0.471875 0.3590277777777778 0.0515625 0.06527777777777778
9 0.38515625 0.3402777777777778 0.05625 0.06388888888888888
9 0.33984375 0.3368055555555556 0.0390625 0.059722222222222225
9 0.347265625 0.29305555555555557 0.01953125 0.027777777777777776
9 0.249609375 0.4361111111111111 0.02578125 0.027777777777777776
9 0.223046875 0.43472222222222223 0.02734375 0.019444444444444445
4 0.063671875 0.46319444444444446 0.02578125 0.02638888888888889
2 0.08203125 0.4638888888888889 0.0109375 0.013888888888888888
2 0.09375 0.4652777777777778 0.0125 0.016666666666666666
2 0.132421875 0.46805555555555556 0.01484375 0.016666666666666666
2 0.15703125 0.46805555555555556 0.0234375 0.016666666666666666
2 0.194140625 0.46041666666666664 0.01640625 0.018055555555555554
2 0.21015625 0.46875 0.015625 0.015277777777777777
2 0.22890625 0.46319444444444446 0.021875 0.02638888888888889
2 0.262109375 0.4708333333333333 0.01171875 0.019444444444444445
2 0.321875 0.4736111111111111 0.0125 0.019444444444444445
2 0.31171875 0.47847222222222224 0.0109375 0.02361111111111111
2 0.369140625 0.4777777777777778 0.01328125 0.022222222222222223
2 0.358984375 0.4798611111111111 0.01484375 0.02638888888888889
3 0.390625 0.46875 0.03125 0.043055555555555555
2 0.34921875 0.4895833333333333 0.0234375 0.05694444444444444
2 0.32890625 0.5041666666666667 0.0453125 0.06111111111111111
2 0.3953125 0.5041666666666667 0.040625 0.06666666666666667
2 0.54609375 0.5270833333333333 0.1140625 0.17083333333333334
2 0.93203125 0.4875 0.046875 0.041666666666666664
2 0.98125 0.45625 0.0328125 0.029166666666666667
2 0.97109375 0.48819444444444443 0.053125 0.04861111111111111
2 0.8046875 0.4875 0.04375 0.022222222222222223
2 0.69765625 0.49583333333333335 0.0390625 0.03333333333333333
2 0.64765625 0.48680555555555555 0.01875 0.02638888888888889
2 0.6328125 0.4861111111111111 0.021875 0.025
2 0.6125 0.4840277777777778 0.01875 0.029166666666666667
9 0.628125 0.46111111111111114 0.0125 0.019444444444444445
9 0.101171875 0.42569444444444443 0.01640625 0.029166666666666667
