8 0.737890625 0.06180555555555556 0.02109375 0.09027777777777778
8 0.8796875 0.16180555555555556 0.021875 0.07916666666666666
8 0.898828125 0.33055555555555555 0.02109375 0.041666666666666664
8 0.87109375 0.3375 0.0234375 0.041666666666666664
8 0.76953125 0.05763888888888889 0.0265625 0.08194444444444444
8 0.320703125 0.29930555555555555 0.01953125 0.06527777777777778
8 0.332421875 0.22847222222222222 0.01640625 0.05416666666666667
8 0.317578125 0.3680555555555556 0.01796875 0.03333333333333333
8 0.299609375 0.3680555555555556 0.01484375 0.03333333333333333
8 0.56796875 0.3993055555555556 0.0078125 0.020833333333333332
8 0.603125 0.40555555555555556 0.009375 0.019444444444444445
9 0.355859375 0.3638888888888889 0.02109375 0.044444444444444446
9 0.810546875 0.10486111111111111 0.10234375 0.05138888888888889
9 0.8734375 0.2375 0.040625 0.030555555555555555
9 0.584375 0.3993055555555556 0.0140625 0.015277777777777777
2 0.558203125 0.4395833333333333 0.01484375 0.02638888888888889
2 0.59375 0.43194444444444446 0.0125 0.030555555555555555
2 0.61015625 0.4375 0.01875 0.030555555555555555
2 0.544140625 0.4423611111111111 0.01328125 0.02361111111111111
2 0.62734375 0.44027777777777777 0.0265625 0.03333333333333333
2 0.6859375 0.4875 0.1125 0.13333333333333333
