8 0.29140625 0.06041666666666667 0.009375 0.029166666666666667
8 0.296875 0.059027777777777776 0.0046875 0.02638888888888889
8 0.14609375 0.07569444444444444 0.0078125 0.03194444444444444
8 0.219140625 0.11597222222222223 0.00859375 0.02361111111111111
9 0.648046875 0.01597222222222222 0.02734375 0.03194444444444444
9 0.751171875 0.03333333333333333 0.04921875 0.06388888888888888
9 0.444140625 0.06805555555555555 0.01328125 0.041666666666666664
9 0.47109375 0.10694444444444444 0.01875 0.008333333333333333
9 0.4515625 0.10694444444444444 0.0125 0.008333333333333333
2 0.284765625 0.17916666666666667 0.02109375 0.027777777777777776
2 0.305078125 0.1638888888888889 0.04140625 0.06111111111111111
2 0.394921875 0.16805555555555557 0.01953125 0.05277777777777778
2 0.413671875 0.1798611111111111 0.02890625 0.04583333333333333
2 0.45390625 0.1875 0.0609375 0.08333333333333333
2 0.501171875 0.21736111111111112 0.08203125 0.10416666666666667
2 0.57421875 0.23541666666666666 0.128125 0.1375
2 0.73359375 0.28402777777777777 0.265625 0.2763888888888889
2 0.265234375 0.17916666666666667 0.02109375 0.058333333333333334
2 0.041796875 0.21736111111111112 0.08359375 0.2375
2 0.357421875 0.17777777777777778 0.06015625 0.11388888888888889
