9 0.198046875 0.5229166666666667 0.03828125 0.06527777777777778
9 0.485546875 0.4673611111111111 0.01171875 0.0375
9 0.487109375 0.5131944444444444 0.01484375 0.0375
8 0.734375 0.42986111111111114 0.0234375 0.08194444444444444
8 0.67265625 0.46041666666666664 0.021875 0.02361111111111111
8 0.583203125 0.4465277777777778 0.02421875 0.05138888888888889
8 0.33125 0.12291666666666666 0.0375 0.12361111111111112
9 0.334765625 0.04236111111111111 0.02421875 0.03194444444444444
9 0.672265625 0.42777777777777776 0.01640625 0.027777777777777776
9 0.726953125 0.37083333333333335 0.01953125 0.030555555555555555
9 0.765234375 0.4513888888888889 0.01640625 0.013888888888888888
1 0.813671875 0.6048611111111111 0.08046875 0.23194444444444445
1 0.573046875 0.5763888888888888 0.03828125 0.11944444444444445
1 0.465234375 0.5659722222222222 0.01484375 0.04861111111111111
1 0.421484375 0.5715277777777777 0.01484375 0.043055555555555555
2 0.74453125 0.575 0.0390625 0.04722222222222222
2 0.70078125 0.5694444444444444 0.0609375 0.06388888888888888
2 0.642578125 0.5694444444444444 0.05078125 0.05
2 0.612890625 0.5673611111111111 0.02109375 0.04583333333333333
2 0.5265625 0.5638888888888889 0.034375 0.05277777777777778
2 0.54921875 0.5638888888888889 0.0375 0.05277777777777778
2 0.488671875 0.5680555555555555 0.05703125 0.044444444444444446
2 0.452734375 0.5680555555555555 0.03359375 0.044444444444444446
2 0.287890625 0.5729166666666666 0.01640625 0.02638888888888889
2 0.26875 0.5763888888888888 0.0140625 0.019444444444444445
2 0.25703125 0.575 0.01875 0.030555555555555555
2 0.3078125 0.5756944444444444 0.0203125 0.034722222222222224
8 0.21796875 0.425 0.03125 0.07777777777777778
8 0.18359375 0.42291666666666666 0.03125 0.0875
4 0.91328125 0.425 0.171875 0.8444444444444444
9 0.431640625 0.5131944444444444 0.05390625 0.04027777777777778
4 0.22890625 0.5680555555555555 0.0359375 0.06111111111111111
