2 0.087890625 0.4965277777777778 0.17578125 0.1875
2 0.197265625 0.4465277777777778 0.11015625 0.1375
2 0.27109375 0.42569444444444443 0.0734375 0.09861111111111111
2 0.319140625 0.43333333333333335 0.03828125 0.06388888888888888
2 0.340234375 0.4270833333333333 0.02890625 0.059722222222222225
2 0.35703125 0.4236111111111111 0.0234375 0.05277777777777778
2 0.36875 0.4173611111111111 0.0328125 0.05416666666666667
2 0.397265625 0.41875 0.02578125 0.04027777777777778
2 0.417578125 0.4152777777777778 0.01953125 0.03333333333333333
2 0.43359375 0.4125 0.0140625 0.022222222222222223
2 0.946875 0.5402777777777777 0.103125 0.21944444444444444
2 0.96875 0.37916666666666665 0.059375 0.08888888888888889
2 0.936328125 0.3729166666666667 0.03984375 0.06805555555555555
2 0.836328125 0.40069444444444446 0.11796875 0.07916666666666666
2 0.775 0.40208333333333335 0.0296875 0.059722222222222225
2 0.74921875 0.39444444444444443 0.071875 0.06666666666666667
2 0.671484375 0.4361111111111111 0.10703125 0.10833333333333334
2 0.5703125 0.4173611111111111 0.0421875 0.0625
2 0.544921875 0.4166666666666667 0.01953125 0.05277777777777778
2 0.526171875 0.41041666666666665 0.02890625 0.04861111111111111
2 0.5109375 0.4083333333333333 0.0125 0.044444444444444446
2 0.5046875 0.4125 0.009375 0.027777777777777776
4 0.481640625 0.3958333333333333 0.03984375 0.08055555555555556
2 0.45078125 0.4111111111111111 0.01875 0.03333333333333333
8 0.418359375 0.3506944444444444 0.00703125 0.020833333333333332
9 0.687109375 0.25625 0.03046875 0.018055555555555554
