2 0.66796875 0.42291666666666666 0.0234375 0.029166666666666667
2 0.63515625 0.42430555555555555 0.0421875 0.04583333333333333
4 0.5453125 0.40902777777777777 0.0609375 0.07361111111111111
2 0.4984375 0.4375 0.06875 0.07222222222222222
2 0.401953125 0.44027777777777777 0.13203125 0.17777777777777778
2 0.26171875 0.49236111111111114 0.225 0.2013888888888889
2 0.214453125 0.4270833333333333 0.12578125 0.12083333333333333
2 0.733203125 0.41597222222222224 0.03515625 0.04861111111111111
2 0.696484375 0.4409722222222222 0.04140625 0.06527777777777778
2 0.578515625 0.44027777777777777 0.07109375 0.10277777777777777
2 0.048046875 0.4013888888888889 0.09609375 0.06944444444444445
2 0.082421875 0.5631944444444444 0.16328125 0.34305555555555556
2 0.855078125 0.5333333333333333 0.28828125 0.43333333333333335
