2 0.880078125 0.5638888888888889 0.07578125 0.08055555555555556
2 0.4421875 0.5027777777777778 0.025 0.07777777777777778
2 0.420703125 0.5069444444444444 0.04296875 0.09166666666666666
2 0.39375 0.5152777777777777 0.059375 0.10277777777777777
2 0.35625 0.5465277777777777 0.1234375 0.13472222222222222
2 0.60703125 0.5194444444444445 0.0328125 0.044444444444444446
2 0.56796875 0.5104166666666666 0.025 0.02638888888888889
2 0.525 0.5118055555555555 0.0328125 0.029166666666666667
2 0.46484375 0.5048611111111111 0.0453125 0.043055555555555555
2 0.6375 0.5138888888888888 0.028125 0.041666666666666664
2 0.645703125 0.5284722222222222 0.02421875 0.02638888888888889
2 0.67734375 0.5180555555555556 0.0546875 0.06111111111111111
2 0.68984375 0.5333333333333333 0.0390625 0.05
2 0.152734375 0.6951388888888889 0.30390625 0.4152777777777778
9 0.853125 0.49375 0.0171875 0.029166666666666667
8 0.73828125 0.4527777777777778 0.0125 0.022222222222222223
8 0.66328125 0.41875 0.01875 0.04027777777777778
8 0.5640625 0.46597222222222223 0.0125 0.02638888888888889
8 0.5109375 0.4131944444444444 0.0140625 0.034722222222222224
8 0.50234375 0.4597222222222222 0.0125 0.025
9 0.62578125 0.45694444444444443 0.034375 0.030555555555555555
9 0.70859375 0.4375 0.01875 0.025
9 0.688671875 0.42083333333333334 0.02578125 0.027777777777777776
9 0.472265625 0.4076388888888889 0.02734375 0.02638888888888889
9 0.833203125 0.43125 0.01484375 0.029166666666666667
9 0.7359375 0.4798611111111111 0.0171875 0.015277777777777777
9 0.97421875 0.4826388888888889 0.025 0.02361111111111111
9 0.975 0.5083333333333333 0.0296875 0.022222222222222223
9 0.1203125 0.24375 0.0421875 0.10138888888888889
