8 0.041796875 0.3701388888888889 0.01015625 0.0375
8 0.258203125 0.26875 0.01640625 0.05138888888888889
8 0.27265625 0.3548611111111111 0.015625 0.04583333333333333
8 0.2421875 0.26875 0.015625 0.05138888888888889
9 0.383984375 0.42986111111111114 0.01484375 0.034722222222222224
9 0.376171875 0.33819444444444446 0.01171875 0.04861111111111111
9 0.355859375 0.44305555555555554 0.02109375 0.013888888888888888
9 0.557421875 0.2361111111111111 0.03203125 0.03333333333333333
9 0.529296875 0.21319444444444444 0.02265625 0.04583333333333333
9 0.525390625 0.10277777777777777 0.02265625 0.10277777777777777
8 0.5640625 0.38333333333333336 0.0265625 0.06388888888888888
2 0.10625 0.5645833333333333 0.0171875 0.03194444444444444
2 0.090234375 0.5548611111111111 0.01484375 0.02361111111111111
2 0.069921875 0.5527777777777778 0.02890625 0.013888888888888888
2 0.200390625 0.5576388888888889 0.17421875 0.1125
2 0.6734375 0.5 0.034375 0.06388888888888888
2 0.6609375 0.5597222222222222 0.0671875 0.09444444444444444
2 0.57890625 0.5375 0.09375 0.07777777777777778
2 0.055078125 0.5597222222222222 0.11015625 0.08055555555555556
2 0.056640625 0.6173611111111111 0.11328125 0.12361111111111112
2 0.36953125 0.5645833333333333 0.1625 0.13194444444444445
3 0.6625 0.4652777777777778 0.05 0.125
3 0.876953125 0.4486111111111111 0.17421875 0.11666666666666667
