2 0.678125 0.5618055555555556 0.015625 0.015277777777777777
2 0.648046875 0.5680555555555555 0.02421875 0.03333333333333333
2 0.623046875 0.5756944444444444 0.02578125 0.0625
2 0.51953125 0.5770833333333333 0.0171875 0.04583333333333333
2 0.46875 0.5833333333333334 0.0296875 0.07222222222222222
2 0.328515625 0.5791666666666667 0.06796875 0.075
2 0.415625 0.6048611111111111 0.125 0.1486111111111111
2 0.569140625 0.6104166666666667 0.11953125 0.2125
2 0.658203125 0.5902777777777778 0.04609375 0.06388888888888888
2 0.16640625 0.6263888888888889 0.33125 0.35555555555555557
