2 0.501953125 0.475 0.01328125 0.022222222222222223
2 0.484765625 0.47638888888888886 0.01484375 0.019444444444444445
2 0.465234375 0.47152777777777777 0.01328125 0.015277777777777777
2 0.458984375 0.4736111111111111 0.01328125 0.019444444444444445
2 0.444140625 0.47291666666666665 0.01640625 0.020833333333333332
2 0.429296875 0.475 0.01796875 0.030555555555555555
2 0.4046875 0.48125 0.03125 0.0375
2 0.367578125 0.4673611111111111 0.01953125 0.018055555555555554
2 0.465625 0.4548611111111111 0.009375 0.015277777777777777
9 0.609375 0.3798611111111111 0.0546875 0.10416666666666667
9 0.58359375 0.44583333333333336 0.015625 0.027777777777777776
2 0.649609375 0.5444444444444444 0.08046875 0.12777777777777777
2 0.686328125 0.5486111111111112 0.06328125 0.15
2 0.73359375 0.5736111111111111 0.1046875 0.19166666666666668
2 0.783984375 0.5881944444444445 0.13203125 0.22083333333333333
2 0.91171875 0.5222222222222223 0.1734375 0.6444444444444445
8 0.488671875 0.4270833333333333 0.01171875 0.0125
8 0.47734375 0.44027777777777777 0.00625 0.019444444444444445
9 0.053125 0.2875 0.0421875 0.06111111111111111
8 0.533203125 0.4583333333333333 0.01015625 0.022222222222222223
8 0.440625 0.44930555555555557 0.0109375 0.02361111111111111
