8 0.463671875 0.2590277777777778 0.00859375 0.029166666666666667
8 0.35390625 0.31180555555555556 0.00625 0.02638888888888889
8 0.2765625 0.29097222222222224 0.0078125 0.03194444444444444
8 0.577734375 0.23333333333333334 0.01015625 0.03611111111111111
8 0.534765625 0.32013888888888886 0.00546875 0.018055555555555554
8 0.499609375 0.31805555555555554 0.00703125 0.022222222222222223
8 0.526171875 0.3388888888888889 0.00390625 0.016666666666666666
8 0.504296875 0.3388888888888889 0.00390625 0.016666666666666666
8 0.649609375 0.3229166666666667 0.00859375 0.018055555555555554
8 0.662890625 0.22847222222222222 0.01015625 0.034722222222222224
2 0.490625 0.3701388888888889 0.0171875 0.020833333333333332
2 0.5109375 0.3715277777777778 0.0265625 0.029166666666666667
2 0.532421875 0.36875 0.01640625 0.02361111111111111
2 0.5484375 0.3659722222222222 0.0140625 0.029166666666666667
3 0.578515625 0.34305555555555556 0.05234375 0.1111111111111111
2 0.32421875 0.3840277777777778 0.059375 0.09305555555555556
2 0.2703125 0.3972222222222222 0.1046875 0.10555555555555556
2 0.166015625 0.42083333333333334 0.16171875 0.1527777777777778
2 0.071484375 0.47638888888888886 0.13984375 0.22777777777777777
2 0.39765625 0.39652777777777776 0.121875 0.20694444444444443
2 0.7875 0.3729166666666667 0.04375 0.0625
9 0.696875 0.28125 0.0234375 0.015277777777777777
9 0.609375 0.24791666666666667 0.0171875 0.029166666666666667
9 0.444140625 0.26805555555555555 0.00859375 0.013888888888888888
9 0.557421875 0.2777777777777778 0.01015625 0.008333333333333333
9 0.278125 0.2604166666666667 0.0234375 0.018055555555555554
9 0.267578125 0.2263888888888889 0.01796875 0.013888888888888888
