9 0.590234375 0.4930555555555556 0.01484375 0.030555555555555555
9 0.5171875 0.5534722222222223 0.0046875 0.015277777777777777
2 0.43828125 0.5763888888888888 0.0265625 0.03611111111111111
2 0.41640625 0.5875 0.0265625 0.03888888888888889
2 0.395703125 0.5930555555555556 0.02578125 0.044444444444444446
2 0.380859375 0.6006944444444444 0.02578125 0.0625
2 0.340625 0.6055555555555555 0.0734375 0.10277777777777777
2 0.25546875 0.6166666666666667 0.1359375 0.17777777777777778
2 0.131640625 0.6972222222222222 0.26328125 0.24166666666666667
2 0.496484375 0.5763888888888888 0.01015625 0.013888888888888888
2 0.550390625 0.5798611111111112 0.01796875 0.020833333333333332
2 0.571484375 0.5770833333333333 0.00859375 0.0375
2 0.579296875 0.5784722222222223 0.01640625 0.04583333333333333
2 0.596875 0.575 0.03125 0.058333333333333334
2 0.622265625 0.5868055555555556 0.04921875 0.0625
2 0.677734375 0.6048611111111111 0.11484375 0.10138888888888889
2 0.803125 0.6506944444444445 0.2453125 0.1763888888888889
2 0.483984375 0.5770833333333333 0.01171875 0.015277777777777777
8 0.521875 0.5027777777777778 0.009375 0.022222222222222223
8 0.448046875 0.5131944444444444 0.01171875 0.02361111111111111
