2 0.220703125 0.48055555555555557 0.02578125 0.03611111111111111
2 0.274609375 0.47847222222222224 0.01328125 0.02361111111111111
2 0.2484375 0.47708333333333336 0.034375 0.043055555555555555
2 0.3625 0.4756944444444444 0.0171875 0.034722222222222224
2 0.3828125 0.4875 0.0328125 0.041666666666666664
2 0.424609375 0.5076388888888889 0.05859375 0.06527777777777778
2 0.333984375 0.5111111111111111 0.06640625 0.09166666666666666
3 0.0765625 0.43472222222222223 0.153125 0.18888888888888888
3 0.06328125 0.5097222222222222 0.121875 0.16666666666666666
2 0.59609375 0.5909722222222222 0.21875 0.2375
