9 0.187109375 0.46597222222222223 0.03984375 0.059722222222222225
9 0.2328125 0.46597222222222223 0.046875 0.0625
2 0.083203125 0.6069444444444444 0.09609375 0.14444444444444443
2 0.13203125 0.5944444444444444 0.0328125 0.1111111111111111
2 0.262109375 0.5881944444444445 0.03359375 0.0875
2 0.28984375 0.5548611111111111 0.0125 0.029166666666666667
2 0.3125 0.55 0.0296875 0.041666666666666664
2 0.359375 0.5430555555555555 0.021875 0.027777777777777776
9 0.284375 0.48194444444444445 0.0203125 0.027777777777777776
9 0.262109375 0.48125 0.01640625 0.029166666666666667
9 0.33203125 0.5291666666666667 0.0203125 0.019444444444444445
9 0.319921875 0.5347222222222222 0.01015625 0.013888888888888888
2 0.40625 0.5375 0.0265625 0.019444444444444445
2 0.804296875 0.5090277777777777 0.10390625 0.020833333333333332
4 0.941796875 0.4479166666666667 0.11328125 0.14583333333333334
8 0.203515625 0.5180555555555556 0.01328125 0.025
2 0.593359375 0.5201388888888889 0.03671875 0.03194444444444444
2 0.44140625 0.5298611111111111 0.028125 0.018055555555555554
2 0.201171875 0.6340277777777777 0.14921875 0.19583333333333333
