8 0.17734375 0.23819444444444443 0.0171875 0.0375
8 0.32265625 0.33125 0.01875 0.04583333333333333
8 0.31015625 0.41944444444444445 0.0171875 0.03888888888888889
8 0.573046875 0.3472222222222222 0.01953125 0.03611111111111111
9 0.609765625 0.4048611111111111 0.03671875 0.020833333333333332
9 0.6703125 0.3763888888888889 0.034375 0.06666666666666667
8 0.7890625 0.31319444444444444 0.015625 0.06527777777777778
8 0.820703125 0.4152777777777778 0.02578125 0.03333333333333333
9 0.251171875 0.3125 0.02265625 0.025
9 0.193359375 0.3347222222222222 0.05390625 0.025
9 0.111328125 0.39652777777777776 0.02578125 0.015277777777777777
9 0.696875 0.18194444444444444 0.040625 0.07222222222222222
9 0.695703125 0.25069444444444444 0.04453125 0.07083333333333333
9 0.714453125 0.30625 0.02890625 0.02361111111111111
2 0.651953125 0.5708333333333333 0.12421875 0.175
2 0.4609375 0.6388888888888888 0.31875 0.4111111111111111
9 0.101171875 0.37083333333333335 0.01171875 0.013888888888888888
9 0.91953125 0.3159722222222222 0.015625 0.08194444444444444
8 0.8125 0.3055555555555556 0.0140625 0.025
8 0.08984375 0.4236111111111111 0.0109375 0.019444444444444445
9 0.19453125 0.44583333333333336 0.0140625 0.008333333333333333
8 0.183984375 0.4388888888888889 0.00703125 0.030555555555555555
2 0.051953125 0.5256944444444445 0.05234375 0.04583333333333333
