9 0.397265625 0.4215277777777778 0.01484375 0.020833333333333332
9 0.411328125 0.4201388888888889 0.01171875 0.02361111111111111
9 0.422265625 0.44166666666666665 0.00703125 0.019444444444444445
2 0.498046875 0.45 0.01328125 0.019444444444444445
2 0.60703125 0.4618055555555556 0.0078125 0.020833333333333332
2 0.60234375 0.46458333333333335 0.0078125 0.02361111111111111
2 0.59296875 0.46597222222222223 0.0109375 0.020833333333333332
2 0.467578125 0.4673611111111111 0.01640625 0.02361111111111111
9 0.448828125 0.47152777777777777 0.02890625 0.04027777777777778
2 0.421484375 0.46319444444444446 0.01640625 0.020833333333333332
2 0.35390625 0.46458333333333335 0.0140625 0.02638888888888889
2 0.326953125 0.4666666666666667 0.01484375 0.030555555555555555
2 0.30546875 0.4756944444444444 0.0265625 0.0375
2 0.260546875 0.47291666666666665 0.04765625 0.03194444444444444
2 0.373828125 0.4597222222222222 0.01328125 0.016666666666666666
2 0.402734375 0.4625 0.01328125 0.016666666666666666
9 0.3828125 0.4423611111111111 0.0109375 0.020833333333333332
