2 0.4015625 0.37083333333333335 0.0359375 0.044444444444444446
2 0.340625 0.36666666666666664 0.04375 0.04722222222222222
9 0.280078125 0.3263888888888889 0.00859375 0.016666666666666666
9 0.2234375 0.33055555555555555 0.009375 0.019444444444444445
9 0.306640625 0.33958333333333335 0.01015625 0.018055555555555554
2 0.15234375 0.3736111111111111 0.021875 0.022222222222222223
2 0.1203125 0.36041666666666666 0.0546875 0.04861111111111111
2 0.1046875 0.36180555555555555 0.05 0.04583333333333333
2 0.072265625 0.35625 0.03515625 0.043055555555555555
2 0.0890625 0.36041666666666666 0.0484375 0.04583333333333333
2 0.053515625 0.3576388888888889 0.03515625 0.04861111111111111
2 0.042578125 0.3625 0.04609375 0.044444444444444446
2 0.01484375 0.36180555555555555 0.0296875 0.04583333333333333
