9 0.054296875 0.15069444444444444 0.03984375 0.1763888888888889
9 0.04609375 0.4444444444444444 0.0109375 0.027777777777777776
9 0.34765625 0.22083333333333333 0.015625 0.025
9 0.35 0.24861111111111112 0.0140625 0.019444444444444445
9 0.338671875 0.2722222222222222 0.01953125 0.016666666666666666
9 0.35078125 0.29097222222222224 0.015625 0.029166666666666667
9 0.352734375 0.32708333333333334 0.01953125 0.018055555555555554
9 0.3421875 0.33055555555555555 0.015625 0.044444444444444446
9 0.38671875 0.33125 0.0125 0.0125
9 0.42578125 0.3326388888888889 0.0140625 0.015277777777777777
8 0.3796875 0.36180555555555555 0.0125 0.018055555555555554
8 0.35 0.3458333333333333 0.0109375 0.019444444444444445
8 0.441015625 0.2763888888888889 0.00703125 0.022222222222222223
8 0.587890625 0.26805555555555555 0.00703125 0.030555555555555555
8 0.581640625 0.26875 0.00703125 0.0375
8 0.709375 0.3347222222222222 0.009375 0.025
2 0.42421875 0.3951388888888889 0.021875 0.04027777777777778
2 0.37109375 0.42291666666666666 0.05625 0.08472222222222223
2 0.27890625 0.40694444444444444 0.0796875 0.04722222222222222
2 0.26796875 0.40902777777777777 0.0546875 0.05138888888888889
2 0.5671875 0.37777777777777777 0.0140625 0.013888888888888888
2 0.59296875 0.3840277777777778 0.0484375 0.02638888888888889
2 0.6046875 0.44027777777777777 0.0640625 0.11388888888888889
2 0.63203125 0.37777777777777777 0.0296875 0.030555555555555555
2 0.80390625 0.41944444444444445 0.05 0.07222222222222222
2 0.869921875 0.4409722222222222 0.13671875 0.10416666666666667
2 0.511328125 0.5090277777777777 0.18203125 0.2708333333333333
2 0.41875 0.40625 0.028125 0.043055555555555555
2 0.3484375 0.4423611111111111 0.0734375 0.10416666666666667
2 0.705859375 0.45416666666666666 0.18828125 0.2111111111111111
2 0.907421875 0.6020833333333333 0.18046875 0.3819444444444444
4 0.494140625 0.36041666666666666 0.12265625 0.1597222222222222
4 0.55703125 0.35555555555555557 0.0140625 0.030555555555555555
9 0.589453125 0.3506944444444444 0.01171875 0.015277777777777777
9 0.629296875 0.3388888888888889 0.01015625 0.022222222222222223
9 0.603515625 0.27361111111111114 0.01640625 0.025
9 0.653125 0.3145833333333333 0.015625 0.0125
9 0.6546875 0.3368055555555556 0.009375 0.02361111111111111
9 0.71015625 0.28194444444444444 0.0140625 0.016666666666666666
9 0.710546875 0.29583333333333334 0.01484375 0.013888888888888888
9 0.8765625 0.26180555555555557 0.0203125 0.018055555555555554
9 0.88359375 0.2777777777777778 0.01875 0.025
9 0.88125 0.29930555555555555 0.0109375 0.018055555555555554
9 0.86875 0.2861111111111111 0.0140625 0.019444444444444445
9 0.8671875 0.3020833333333333 0.0140625 0.018055555555555554
