2 0.4 0.5729166666666666 0.0109375 0.02361111111111111
2 0.4078125 0.5791666666666667 0.009375 0.022222222222222223
2 0.38828125 0.5743055555555555 0.01875 0.02638888888888889
2 0.375390625 0.5854166666666667 0.01640625 0.034722222222222224
2 0.3609375 0.5840277777777778 0.021875 0.04583333333333333
2 0.4578125 0.5701388888888889 0.01875 0.034722222222222224
2 0.4609375 0.5784722222222223 0.0203125 0.043055555555555555
2 0.473828125 0.5819444444444445 0.02421875 0.041666666666666664
3 0.421875 0.5673611111111111 0.028125 0.05694444444444444
2 0.342578125 0.5895833333333333 0.03671875 0.043055555555555555
2 0.430859375 0.5861111111111111 0.03828125 0.05555555555555555
2 0.492578125 0.5895833333333333 0.04296875 0.05138888888888889
9 0.1375 0.3819444444444444 0.0296875 0.013888888888888888
9 0.159375 0.40555555555555556 0.009375 0.025
9 0.199609375 0.4354166666666667 0.01015625 0.02361111111111111
9 0.20078125 0.4576388888888889 0.015625 0.018055555555555554
9 0.196875 0.5638888888888889 0.0125 0.025
9 0.3125 0.5263888888888889 0.0140625 0.030555555555555555
9 0.32421875 0.5270833333333333 0.009375 0.0375
2 0.895703125 0.7944444444444444 0.20390625 0.40555555555555556
2 0.953515625 0.6166666666666667 0.05546875 0.08611111111111111
