9 0.23828125 0.30833333333333335 0.0515625 0.027777777777777776
9 0.723046875 0.4013888888888889 0.02109375 0.022222222222222223
9 0.7515625 0.4284722222222222 0.0203125 0.015277777777777777
9 0.1265625 0.4465277777777778 0.00625 0.015277777777777777
8 0.45234375 0.34375 0.00625 0.03194444444444444
8 0.305078125 0.325 0.01015625 0.05555555555555555
8 0.654296875 0.36041666666666666 0.00859375 0.04027777777777778
8 0.755078125 0.36736111111111114 0.01328125 0.0625
8 0.646875 0.3611111111111111 0.009375 0.041666666666666664
9 0.29609375 0.33194444444444443 0.01875 0.011111111111111112
8 0.223828125 0.3701388888888889 0.01640625 0.05416666666666667
2 0.479296875 0.5319444444444444 0.01328125 0.044444444444444446
2 0.50546875 0.5333333333333333 0.025 0.03888888888888889
2 0.6671875 0.5326388888888889 0.0234375 0.06805555555555555
2 0.9640625 0.5430555555555555 0.06875 0.06111111111111111
2 0.919140625 0.6006944444444444 0.15546875 0.1375
2 0.944140625 0.5576388888888889 0.08515625 0.04027777777777778
2 0.608984375 0.5423611111111111 0.09609375 0.12638888888888888
2 0.313671875 0.6263888888888889 0.36796875 0.4888888888888889
2 0.75234375 0.6138888888888889 0.240625 0.21944444444444444
2 0.884765625 0.7659722222222223 0.22734375 0.3541666666666667
8 0.205078125 0.3763888888888889 0.02890625 0.05555555555555555
2 0.537890625 0.5375 0.04765625 0.075
