2 0.371875 0.48194444444444445 0.025 0.030555555555555555
8 0.3015625 0.4097222222222222 0.0109375 0.013888888888888888
8 0.3265625 0.4125 0.0078125 0.019444444444444445
8 0.35 0.44930555555555557 0.009375 0.02361111111111111
8 0.3984375 0.4513888888888889 0.0109375 0.019444444444444445
8 0.3453125 0.4215277777777778 0.009375 0.015277777777777777
8 0.355859375 0.4222222222222222 0.01015625 0.016666666666666666
8 0.44296875 0.42291666666666666 0.0109375 0.015277777777777777
8 0.451953125 0.425 0.01015625 0.022222222222222223
9 0.37578125 0.45694444444444443 0.0078125 0.016666666666666666
2 0.517578125 0.49930555555555556 0.06484375 0.0763888888888889
2 0.447265625 0.47708333333333336 0.03828125 0.029166666666666667
2 0.463671875 0.47152777777777777 0.02890625 0.04027777777777778
2 0.56328125 0.5090277777777777 0.0484375 0.059722222222222225
2 0.62265625 0.5319444444444444 0.096875 0.2
2 0.24453125 0.4701388888888889 0.071875 0.03194444444444444
2 0.223828125 0.5729166666666666 0.17734375 0.19027777777777777
2 0.484375 0.5895833333333333 0.1390625 0.1986111111111111
2 0.621875 0.525 0.0953125 0.19722222222222222
9 0.819140625 0.33055555555555555 0.02890625 0.04722222222222222
9 0.7609375 0.3284722222222222 0.0203125 0.034722222222222224
9 0.812890625 0.3840277777777778 0.01640625 0.043055555555555555
2 0.804296875 0.6791666666666667 0.38359375 0.525
