8 0.637109375 0.6145833333333334 0.00859375 0.043055555555555555
8 0.70078125 0.5631944444444444 0.0078125 0.0375
8 0.778515625 0.5083333333333333 0.01015625 0.03888888888888889
9 0.77890625 0.48125 0.0078125 0.0125
9 0.70703125 0.6347222222222222 0.01875 0.022222222222222223
9 0.68984375 0.63125 0.0125 0.018055555555555554
2 0.71796875 0.6756944444444445 0.0109375 0.020833333333333332
2 0.707421875 0.6833333333333333 0.01796875 0.030555555555555555
2 0.69375 0.6805555555555556 0.015625 0.027777777777777776
2 0.47578125 0.6763888888888889 0.0515625 0.04722222222222222
2 0.040625 0.6881944444444444 0.0796875 0.13472222222222222
4 0.057421875 0.6548611111111111 0.11484375 0.2013888888888889
4 0.263671875 0.6493055555555556 0.33984375 0.20972222222222223
2 0.92578125 0.6791666666666667 0.028125 0.03611111111111111
2 0.95625 0.6798611111111111 0.03125 0.05416666666666667
2 0.987109375 0.7097222222222223 0.02421875 0.03888888888888889
2 0.904296875 0.7222222222222222 0.04296875 0.09444444444444444
2 0.79609375 0.6993055555555555 0.025 0.04027777777777778
2 0.667578125 0.7125 0.06171875 0.09444444444444444
2 0.7484375 0.6930555555555555 0.03125 0.044444444444444446
2 0.847265625 0.7493055555555556 0.12890625 0.1736111111111111
9 0.83203125 0.6423611111111112 0.0078125 0.015277777777777777
