9 0.452734375 0.30694444444444446 0.01484375 0.025
8 0.376171875 0.31180555555555556 0.00703125 0.018055555555555554
8 0.443359375 0.28680555555555554 0.00859375 0.02638888888888889
8 0.47734375 0.3020833333333333 0.00625 0.020833333333333332
8 0.53046875 0.28958333333333336 0.0046875 0.015277777777777777
8 0.588671875 0.2965277777777778 0.00390625 0.018055555555555554
8 0.42109375 0.33055555555555555 0.00625 0.013888888888888888
8 0.413671875 0.32222222222222224 0.00703125 0.011111111111111112
2 0.515234375 0.36875 0.01015625 0.02638888888888889
2 0.576171875 0.3701388888888889 0.00703125 0.02638888888888889
2 0.587890625 0.37083333333333335 0.02109375 0.030555555555555555
2 0.622265625 0.3770833333333333 0.04453125 0.0625
2 0.546484375 0.38333333333333336 0.06484375 0.09166666666666666
2 0.421875 0.37083333333333335 0.028125 0.04722222222222222
2 0.3890625 0.38055555555555554 0.0375 0.05277777777777778
2 0.690625 0.38333333333333336 0.0359375 0.05555555555555555
2 0.726953125 0.38333333333333336 0.05703125 0.07222222222222222
2 0.328515625 0.3798611111111111 0.08984375 0.11805555555555555
2 0.21171875 0.3951388888888889 0.1984375 0.18194444444444444
2 0.858203125 0.44027777777777777 0.27578125 0.2833333333333333
2 0.4390625 0.37569444444444444 0.0421875 0.04861111111111111
