9 0.38203125 0.43472222222222223 0.009375 0.019444444444444445
9 0.36171875 0.4395833333333333 0.0265625 0.018055555555555554
9 0.523828125 0.46458333333333335 0.01640625 0.04027777777777778
8 0.43828125 0.45555555555555555 0.00625 0.025
8 0.44453125 0.45694444444444443 0.00625 0.022222222222222223
8 0.39296875 0.43680555555555556 0.009375 0.02638888888888889
9 0.2921875 0.4215277777777778 0.009375 0.018055555555555554
9 0.326171875 0.48055555555555557 0.01328125 0.013888888888888888
2 0.2671875 0.5083333333333333 0.015625 0.05
2 0.284765625 0.50625 0.02265625 0.015277777777777777
2 0.294140625 0.5173611111111112 0.03828125 0.03194444444444444
3 0.346484375 0.5125 0.06640625 0.058333333333333334
2 0.382421875 0.5284722222222222 0.03046875 0.043055555555555555
2 0.437109375 0.49583333333333335 0.02578125 0.019444444444444445
2 0.404296875 0.5145833333333333 0.02109375 0.02361111111111111
2 0.58671875 0.5326388888888889 0.046875 0.0375
2 0.543359375 0.54375 0.06796875 0.029166666666666667
3 0.624609375 0.53125 0.03671875 0.06805555555555555
2 0.118359375 0.5194444444444445 0.05390625 0.05555555555555555
2 0.081640625 0.5208333333333334 0.06484375 0.058333333333333334
2 0.03515625 0.5208333333333334 0.053125 0.06388888888888888
2 0.87578125 0.6138888888888889 0.2453125 0.425
9 0.48359375 0.47847222222222224 0.015625 0.015277777777777777
9 0.489453125 0.5020833333333333 0.01171875 0.018055555555555554
2 0.44609375 0.5909722222222222 0.1328125 0.19305555555555556
