8 0.317578125 0.3784722222222222 0.01015625 0.04861111111111111
8 0.84296875 0.2013888888888889 0.0171875 0.08888888888888889
8 0.82578125 0.21180555555555555 0.0171875 0.0875
9 0.141015625 0.45416666666666666 0.02890625 0.027777777777777776
9 0.933984375 0.45208333333333334 0.02734375 0.02361111111111111
9 0.94375 0.4263888888888889 0.0375 0.022222222222222223
9 0.9609375 0.4027777777777778 0.034375 0.027777777777777776
9 0.884375 0.2847222222222222 0.0953125 0.03888888888888889
2 0.4328125 0.6173611111111111 0.021875 0.04861111111111111
2 0.473046875 0.6201388888888889 0.01796875 0.04027777777777778
2 0.733984375 0.6444444444444445 0.08203125 0.11666666666666667
2 0.4015625 0.6173611111111111 0.034375 0.0625
2 0.449609375 0.6222222222222222 0.03671875 0.058333333333333334
2 0.642578125 0.6444444444444445 0.12578125 0.1361111111111111
3 0.808984375 0.6527777777777778 0.14765625 0.16111111111111112
3 0.5203125 0.5902777777777778 0.084375 0.14444444444444443
2 0.038671875 0.6152777777777778 0.07578125 0.07777777777777778
