8 0.06875 0.35555555555555557 0.0109375 0.030555555555555555
8 0.41640625 0.32430555555555557 0.0140625 0.02361111111111111
8 0.4578125 0.375 0.009375 0.025
8 0.5375 0.3798611111111111 0.0078125 0.018055555555555554
2 0.234375 0.4791666666666667 0.0390625 0.03888888888888889
2 0.195703125 0.4861111111111111 0.06171875 0.075
2 0.08359375 0.49166666666666664 0.1625 0.17222222222222222
2 0.88828125 0.5041666666666667 0.2203125 0.4861111111111111
8 0.591796875 0.32083333333333336 0.01015625 0.030555555555555555
8 0.453125 0.40555555555555556 0.0078125 0.016666666666666666
8 0.471875 0.41041666666666665 0.009375 0.018055555555555554
2 0.56875 0.425 0.021875 0.03888888888888889
3 0.657421875 0.40347222222222223 0.13671875 0.22916666666666666
2 0.48984375 0.43680555555555556 0.0265625 0.043055555555555555
2 0.5234375 0.44375 0.0484375 0.08194444444444444
8 0.412890625 0.3923611111111111 0.01484375 0.018055555555555554
2 0.421484375 0.4409722222222222 0.05546875 0.0875
2 0.336328125 0.46597222222222223 0.16171875 0.23472222222222222
8 0.71015625 0.2673611111111111 0.0125 0.043055555555555555
9 0.744921875 0.2520833333333333 0.03203125 0.0375
2 0.76953125 0.42430555555555555 0.0734375 0.09583333333333334
