3 0.406640625 0.5090277777777777 0.02578125 0.0625
2 0.384765625 0.5166666666666667 0.01953125 0.03333333333333333
2 0.357421875 0.5201388888888889 0.01796875 0.018055555555555554
2 0.34453125 0.51875 0.0078125 0.020833333333333332
2 0.336328125 0.5159722222222223 0.01171875 0.020833333333333332
2 0.32265625 0.5173611111111112 0.0140625 0.020833333333333332
2 0.301953125 0.5180555555555556 0.02265625 0.022222222222222223
2 0.27578125 0.5208333333333334 0.0296875 0.03888888888888889
2 0.191796875 0.5069444444444444 0.04921875 0.05
2 0.1421875 0.5145833333333333 0.0390625 0.04027777777777778
3 0.5296875 0.4826388888888889 0.234375 0.3819444444444444
2 0.79765625 0.6027777777777777 0.228125 0.225
2 0.925390625 0.61875 0.14765625 0.24583333333333332
2 0.0328125 0.5152777777777777 0.065625 0.06944444444444445
9 0.38984375 0.48055555555555557 0.0171875 0.008333333333333333
8 0.37109375 0.4798611111111111 0.0078125 0.009722222222222222
8 0.360546875 0.49583333333333335 0.00703125 0.013888888888888888
8 0.32578125 0.49583333333333335 0.0078125 0.016666666666666666
2 0.255078125 0.5111111111111111 0.02734375 0.03888888888888889
