8 0.494140625 0.33541666666666664 0.00859375 0.02361111111111111
8 0.432421875 0.33194444444444443 0.00546875 0.016666666666666666
8 0.42890625 0.33194444444444443 0.00625 0.019444444444444445
8 0.4078125 0.34930555555555554 0.0078125 0.015277777777777777
9 0.520703125 0.3284722222222222 0.01015625 0.020833333333333332
2 0.18046875 0.41041666666666665 0.0578125 0.07361111111111111
2 0.126953125 0.4125 0.08203125 0.09166666666666666
2 0.361328125 0.3763888888888889 0.01328125 0.016666666666666666
2 0.353125 0.38958333333333334 0.0171875 0.02638888888888889
2 0.332421875 0.38958333333333334 0.01953125 0.043055555555555555
2 0.310546875 0.38958333333333334 0.03046875 0.043055555555555555
2 0.483203125 0.3902777777777778 0.01484375 0.025
9 0.5015625 0.37222222222222223 0.0078125 0.022222222222222223
9 0.534765625 0.36180555555555555 0.00859375 0.020833333333333332
9 0.521484375 0.35208333333333336 0.01015625 0.02638888888888889
2 0.498828125 0.3972222222222222 0.01328125 0.027777777777777776
2 0.509375 0.3958333333333333 0.0234375 0.03611111111111111
2 0.049609375 0.4083333333333333 0.09921875 0.14166666666666666
2 0.371484375 0.39166666666666666 0.01953125 0.027777777777777776
2 0.4453125 0.41875 0.0859375 0.14583333333333334
2 0.53203125 0.40555555555555556 0.0296875 0.04722222222222222
9 0.258984375 0.2513888888888889 0.01640625 0.05
3 0.7703125 0.34791666666666665 0.4546875 0.6958333333333333
