8 0.421484375 0.45625 0.00703125 0.02361111111111111
8 0.490234375 0.4479166666666667 0.00546875 0.020833333333333332
2 0.2765625 0.5305555555555556 0.0671875 0.15
2 0.133203125 0.5375 0.26484375 0.25277777777777777
2 0.50390625 0.5090277777777777 0.0171875 0.034722222222222224
2 0.515625 0.5111111111111111 0.0171875 0.044444444444444446
2 0.53984375 0.5208333333333334 0.0390625 0.06944444444444445
2 0.60078125 0.5222222222222223 0.0921875 0.12777777777777777
9 0.5265625 0.45902777777777776 0.0140625 0.03194444444444444
9 0.5171875 0.4152777777777778 0.0109375 0.019444444444444445
2 0.3375 0.5270833333333333 0.0640625 0.09305555555555556
2 0.37578125 0.5201388888888889 0.0296875 0.06805555555555555
2 0.398828125 0.5083333333333333 0.01796875 0.041666666666666664
2 0.419140625 0.5020833333333333 0.02109375 0.034722222222222224
2 0.43203125 0.5027777777777778 0.009375 0.022222222222222223
2 0.444140625 0.49375 0.00859375 0.034722222222222224
2 0.454296875 0.5013888888888889 0.01171875 0.022222222222222223
