8 0.341015625 0.05763888888888889 0.02109375 0.09583333333333334
8 0.560546875 0.22013888888888888 0.01640625 0.07083333333333333
8 0.4328125 0.48055555555555557 0.009375 0.016666666666666666
8 0.4953125 0.47291666666666665 0.0125 0.015277777777777777
8 0.36953125 0.5097222222222222 0.0140625 0.016666666666666666
8 0.34609375 0.5145833333333333 0.0109375 0.020833333333333332
8 0.14765625 0.2263888888888889 0.0265625 0.03333333333333333
8 0.18046875 0.44722222222222224 0.0171875 0.041666666666666664
8 0.83671875 0.21944444444444444 0.0265625 0.1
8 0.85625 0.4027777777777778 0.015625 0.027777777777777776
8 0.72265625 0.40555555555555556 0.0171875 0.03333333333333333
8 0.431640625 0.5027777777777778 0.01015625 0.019444444444444445
8 0.87421875 0.39791666666666664 0.0203125 0.043055555555555555
2 0.4296875 0.53125 0.0140625 0.020833333333333332
2 0.416015625 0.5548611111111111 0.03984375 0.059722222222222225
2 0.391796875 0.5534722222222223 0.01328125 0.04027777777777778
2 0.353515625 0.58125 0.08046875 0.10416666666666667
2 0.28671875 0.5798611111111112 0.059375 0.08472222222222223
2 0.234765625 0.5972222222222222 0.09765625 0.09444444444444444
2 0.46484375 0.5555555555555556 0.0640625 0.125
2 0.578515625 0.6402777777777777 0.23984375 0.3416666666666667
8 0.374609375 0.05416666666666667 0.03359375 0.1
