2 0.9125 0.6069444444444444 0.1734375 0.4083333333333333
2 0.42890625 0.46875 0.0203125 0.043055555555555555
2 0.44296875 0.46597222222222223 0.0109375 0.043055555555555555
2 0.572265625 0.4638888888888889 0.02890625 0.06666666666666667
2 0.587109375 0.4756944444444444 0.04453125 0.0763888888888889
2 0.606640625 0.4861111111111111 0.03671875 0.10833333333333334
2 0.45859375 0.4513888888888889 0.015625 0.025
2 0.486328125 0.4527777777777778 0.00859375 0.022222222222222223
3 0.520703125 0.44305555555555554 0.05859375 0.1388888888888889
3 0.571484375 0.40069444444444446 0.04921875 0.06805555555555555
3 0.251171875 0.4215277777777778 0.21171875 0.3541666666666667
2 0.410546875 0.47847222222222224 0.03046875 0.04861111111111111
2 0.66796875 0.48125 0.1234375 0.18472222222222223
9 0.882421875 0.2423611111111111 0.03515625 0.07916666666666666
