2 0.5171875 0.44166666666666665 0.0140625 0.016666666666666666
2 0.438671875 0.4673611111111111 0.06640625 0.09861111111111111
2 0.18203125 0.35 0.3640625 0.5805555555555556
1 0.676171875 0.4479166666666667 0.01953125 0.034722222222222224
1 0.594140625 0.46458333333333335 0.08203125 0.22916666666666666
1 0.59296875 0.5451388888888888 0.06875 0.22361111111111112
2 0.751171875 0.4895833333333333 0.03359375 0.0763888888888889
8 0.489453125 0.36180555555555555 0.01015625 0.02638888888888889
8 0.438671875 0.37916666666666665 0.00859375 0.016666666666666666
8 0.4875 0.40555555555555556 0.0078125 0.016666666666666666
