2 0.515234375 0.2701388888888889 0.02890625 0.05416666666666667
2 0.472265625 0.26458333333333334 0.01953125 0.02361111111111111
8 0.533203125 0.29930555555555555 0.00390625 0.018055555555555554
2 0.510546875 0.31805555555555554 0.01171875 0.019444444444444445
2 0.496875 0.3173611111111111 0.0078125 0.020833333333333332
2 0.4890625 0.3194444444444444 0.0078125 0.025
2 0.451953125 0.3229166666666667 0.00859375 0.018055555555555554
2 0.438671875 0.325 0.02421875 0.027777777777777776
2 0.473046875 0.33402777777777776 0.04453125 0.07916666666666666
2 0.524609375 0.3194444444444444 0.01015625 0.025
2 0.533203125 0.3263888888888889 0.02265625 0.030555555555555555
2 0.687890625 0.4 0.17109375 0.16944444444444445
2 0.4125 0.3145833333333333 0.0109375 0.020833333333333332
2 0.303515625 0.3215277777777778 0.01953125 0.029166666666666667
2 0.321484375 0.33125 0.03359375 0.04027777777777778
2 0.233203125 0.33819444444444446 0.06015625 0.08194444444444444
9 0.325 0.13055555555555556 0.0390625 0.08333333333333333
