2 0.136328125 0.5277777777777778 0.27265625 0.5666666666666667
2 0.2453125 0.37222222222222223 0.2453125 0.3194444444444444
2 0.3765625 0.37916666666666665 0.0703125 0.15555555555555556
2 0.3765625 0.3416666666666667 0.084375 0.14722222222222223
2 0.432421875 0.3416666666666667 0.02578125 0.04722222222222222
2 0.47109375 0.3173611111111111 0.0390625 0.029166666666666667
2 0.47265625 0.32083333333333336 0.040625 0.019444444444444445
2 0.548828125 0.3451388888888889 0.05859375 0.0763888888888889
2 0.587109375 0.3111111111111111 0.05078125 0.002777777777777778
2 0.650390625 0.3909722222222222 0.12578125 0.1597222222222222
2 0.84453125 0.5256944444444445 0.309375 0.37083333333333335
2 0.4828125 0.38958333333333334 0.0875 0.12361111111111112
9 0.725 0.19375 0.0375 0.059722222222222225
9 0.725390625 0.2388888888888889 0.03359375 0.025
8 0.441796875 0.26944444444444443 0.00703125 0.013888888888888888
8 0.5046875 0.2722222222222222 0.0046875 0.013888888888888888
2 0.56484375 0.36041666666666666 0.0296875 0.06805555555555555
2 0.5890625 0.36736111111111114 0.05 0.09305555555555556
