9 0.373046875 0.36041666666666666 0.05390625 0.0375
9 0.423828125 0.35694444444444445 0.03359375 0.044444444444444446
9 0.447265625 0.4097222222222222 0.01796875 0.022222222222222223
9 0.5109375 0.40208333333333335 0.0171875 0.04027777777777778
9 0.30390625 0.4215277777777778 0.0203125 0.03194444444444444
9 0.52734375 0.4048611111111111 0.01875 0.03194444444444444
9 0.7859375 0.3958333333333333 0.0671875 0.06111111111111111
2 0.4265625 0.43472222222222223 0.0203125 0.025
2 0.458203125 0.43125 0.02265625 0.029166666666666667
2 0.40234375 0.43125 0.021875 0.029166666666666667
2 0.380859375 0.42430555555555555 0.01640625 0.020833333333333332
2 0.3734375 0.44027777777777777 0.0203125 0.019444444444444445
2 0.366015625 0.42777777777777776 0.01328125 0.013888888888888888
9 0.561328125 0.4201388888888889 0.02265625 0.020833333333333332
2 0.348046875 0.42777777777777776 0.01953125 0.019444444444444445
2 0.41640625 0.39791666666666664 0.0125 0.0125
