9 0.66171875 0.35347222222222224 0.0296875 0.05694444444444444
9 0.474609375 0.38125 0.01484375 0.018055555555555554
8 0.5140625 0.36527777777777776 0.009375 0.022222222222222223
2 0.483203125 0.41597222222222224 0.03203125 0.05416666666666667
2 0.453125 0.425 0.0625 0.07777777777777778
2 0.3953125 0.4395833333333333 0.0703125 0.1375
2 0.341796875 0.45625 0.11328125 0.20972222222222223
2 0.171875 0.46458333333333335 0.3421875 0.5347222222222222
2 0.563671875 0.41805555555555557 0.01484375 0.027777777777777776
2 0.573046875 0.42291666666666666 0.01640625 0.0375
2 0.589453125 0.42291666666666666 0.02421875 0.0625
2 0.614453125 0.43125 0.04765625 0.08194444444444444
2 0.6484375 0.44513888888888886 0.0796875 0.09861111111111111
2 0.547265625 0.41805555555555557 0.01640625 0.013888888888888888
2 0.515234375 0.4173611111111111 0.02578125 0.03194444444444444
2 0.738671875 0.46597222222222223 0.16171875 0.1986111111111111
