9 0.707421875 0.6069444444444444 0.01796875 0.04722222222222222
9 0.826953125 0.6090277777777777 0.01484375 0.06527777777777778
9 0.705078125 0.6465277777777778 0.01171875 0.02361111111111111
9 0.7015625 0.6729166666666667 0.0078125 0.020833333333333332
9 0.70078125 0.6944444444444444 0.0109375 0.016666666666666666
2 0.501953125 0.7208333333333333 0.01171875 0.013888888888888888
2 0.489453125 0.7222222222222222 0.01484375 0.011111111111111112
2 0.476953125 0.7229166666666667 0.01015625 0.009722222222222222
2 0.46875 0.7229166666666667 0.0109375 0.018055555555555554
2 0.460546875 0.7236111111111111 0.01171875 0.013888888888888888
2 0.45 0.7256944444444444 0.009375 0.018055555555555554
2 0.439453125 0.7263888888888889 0.01171875 0.025
2 0.42734375 0.7263888888888889 0.0125 0.025
2 0.419921875 0.7277777777777777 0.01328125 0.027777777777777776
2 0.40625 0.7277777777777777 0.025 0.027777777777777776
2 0.38515625 0.73125 0.0140625 0.034722222222222224
2 0.370703125 0.7333333333333333 0.01640625 0.030555555555555555
2 0.35546875 0.7361111111111112 0.01875 0.03611111111111111
2 0.32265625 0.73125 0.046875 0.0625
2 0.2671875 0.7416666666666667 0.06875 0.08333333333333333
2 0.123046875 0.7618055555555555 0.13046875 0.11527777777777778
2 0.53203125 0.7229166666666667 0.0265625 0.02361111111111111
2 0.55 0.7291666666666666 0.009375 0.025
2 0.561328125 0.73125 0.01328125 0.029166666666666667
2 0.575 0.7298611111111111 0.0171875 0.0375
2 0.586328125 0.7395833333333334 0.01640625 0.0375
2 0.60078125 0.7381944444444445 0.0234375 0.04861111111111111
2 0.62578125 0.7493055555555556 0.046875 0.05138888888888889
2 0.665234375 0.7618055555555555 0.03984375 0.0763888888888889
2 0.71484375 0.75625 0.0859375 0.10694444444444444
2 0.923046875 0.8347222222222223 0.15234375 0.1527777777777778
8 0.55859375 0.6972222222222222 0.0109375 0.013888888888888888
