8 0.278515625 0.34930555555555554 0.01328125 0.04861111111111111
8 0.64375 0.23194444444444445 0.015625 0.06388888888888888
8 0.7609375 0.42569444444444443 0.021875 0.029166666666666667
8 0.45390625 0.5006944444444444 0.0078125 0.020833333333333332
8 0.623828125 0.23402777777777778 0.01953125 0.06805555555555555
9 0.74609375 0.35555555555555557 0.028125 0.019444444444444445
9 0.753515625 0.3333333333333333 0.03046875 0.022222222222222223
9 0.739453125 0.2659722222222222 0.03359375 0.0375
9 0.736328125 0.14097222222222222 0.03828125 0.04027777777777778
9 0.093359375 0.3861111111111111 0.03515625 0.022222222222222223
9 0.564453125 0.4701388888888889 0.04609375 0.043055555555555555
9 0.028125 0.1527777777777778 0.0546875 0.05277777777777778
9 0.028515625 0.03194444444444444 0.05546875 0.06388888888888888
2 0.065234375 0.6256944444444444 0.13046875 0.1125
2 0.562890625 0.5680555555555555 0.23515625 0.16111111111111112
2 0.29375 0.6604166666666667 0.3140625 0.43194444444444446
2 0.9703125 0.5034722222222222 0.0578125 0.13194444444444445
