8 0.309765625 0.18819444444444444 0.01015625 0.05416666666666667
8 0.510546875 0.24722222222222223 0.01015625 0.03888888888888889
8 0.29609375 0.19236111111111112 0.0140625 0.05138888888888889
8 0.080859375 0.3263888888888889 0.02421875 0.03888888888888889
8 0.500390625 0.24861111111111112 0.01015625 0.03611111111111111
8 0.270703125 0.36944444444444446 0.01640625 0.025
8 0.71796875 0.33125 0.0171875 0.03194444444444444
8 0.699609375 0.3326388888888889 0.01171875 0.0375
8 0.59375 0.3645833333333333 0.0109375 0.018055555555555554
9 0.084765625 0.22013888888888888 0.02578125 0.018055555555555554
9 0.094140625 0.19930555555555557 0.01640625 0.02638888888888889
9 0.22109375 0.175 0.0734375 0.030555555555555555
9 0.2828125 0.35208333333333336 0.0234375 0.015277777777777777
9 0.580078125 0.3347222222222222 0.01953125 0.013888888888888888
9 0.546875 0.27291666666666664 0.0078125 0.029166666666666667
9 0.56171875 0.36527777777777776 0.009375 0.016666666666666666
9 0.51875 0.3909722222222222 0.0078125 0.018055555555555554
9 0.108203125 0.2569444444444444 0.04296875 0.03333333333333333
2 0.433203125 0.42430555555555555 0.00859375 0.029166666666666667
2 0.419921875 0.4236111111111111 0.01640625 0.022222222222222223
2 0.394140625 0.42986111111111114 0.01015625 0.029166666666666667
2 0.387890625 0.42777777777777776 0.01328125 0.03888888888888889
2 0.382421875 0.4305555555555556 0.01171875 0.041666666666666664
2 0.51640625 0.41388888888888886 0.0171875 0.019444444444444445
2 0.5234375 0.4354166666666667 0.025 0.043055555555555555
2 0.47265625 0.4486111111111111 0.0859375 0.15
2 0.649609375 0.4826388888888889 0.11015625 0.1375
2 0.777734375 0.5208333333333334 0.23359375 0.225
2 0.35703125 0.4222222222222222 0.04375 0.08333333333333333
2 0.055078125 0.44166666666666665 0.06328125 0.041666666666666664
2 0.130859375 0.48819444444444443 0.14296875 0.14583333333333334
2 0.0375 0.5090277777777777 0.075 0.1875
8 0.435546875 0.3576388888888889 0.00390625 0.018055555555555554
8 0.439453125 0.35694444444444445 0.00546875 0.013888888888888888
