8 0.5796875 0.36736111111111114 0.0046875 0.018055555555555554
8 0.537109375 0.36944444444444446 0.01015625 0.011111111111111112
8 0.499609375 0.3729166666666667 0.01171875 0.0125
8 0.476953125 0.38819444444444445 0.00546875 0.02361111111111111
8 0.46875 0.4027777777777778 0.00625 0.019444444444444445
8 0.53359375 0.4041666666666667 0.0078125 0.016666666666666666
9 0.226171875 0.42916666666666664 0.01171875 0.030555555555555555
9 0.719921875 0.30069444444444443 0.01796875 0.04861111111111111
9 0.6625 0.34791666666666665 0.015625 0.0375
9 0.64140625 0.3680555555555556 0.009375 0.030555555555555555
9 0.63359375 0.3875 0.0203125 0.025
9 0.5953125 0.3013888888888889 0.0203125 0.030555555555555555
9 0.57265625 0.3 0.01875 0.030555555555555555
9 0.0703125 0.4409722222222222 0.009375 0.029166666666666667
2 0.169140625 0.46041666666666664 0.02421875 0.020833333333333332
2 0.218359375 0.4673611111111111 0.01640625 0.029166666666666667
4 0.258984375 0.45694444444444443 0.03046875 0.06111111111111111
2 0.50078125 0.45625 0.0234375 0.034722222222222224
2 0.3890625 0.4638888888888889 0.0484375 0.05277777777777778
2 0.54765625 0.46041666666666664 0.075 0.15416666666666667
2 0.453515625 0.4840277777777778 0.11015625 0.16805555555555557
2 0.279296875 0.48541666666666666 0.06796875 0.07361111111111111
9 0.572265625 0.40208333333333335 0.01015625 0.018055555555555554
