8 0.433984375 0.4125 0.00390625 0.019444444444444445
9 0.566015625 0.3972222222222222 0.01328125 0.027777777777777776
8 0.51953125 0.39861111111111114 0.0109375 0.019444444444444445
2 0.49375 0.45069444444444445 0.0109375 0.018055555555555554
2 0.505078125 0.4486111111111111 0.01484375 0.022222222222222223
2 0.5140625 0.4409722222222222 0.0140625 0.018055555555555554
2 0.516015625 0.45555555555555555 0.01484375 0.022222222222222223
2 0.526171875 0.45208333333333334 0.01640625 0.034722222222222224
2 0.53515625 0.4534722222222222 0.0171875 0.03194444444444444
2 0.558984375 0.4486111111111111 0.03828125 0.05555555555555555
2 0.576953125 0.4527777777777778 0.03046875 0.075
2 0.619921875 0.44930555555555557 0.08359375 0.10694444444444444
2 0.730859375 0.46319444444444446 0.15859375 0.20694444444444443
2 0.477734375 0.44722222222222224 0.01484375 0.013888888888888888
2 0.459765625 0.4513888888888889 0.00703125 0.019444444444444445
2 0.45234375 0.45208333333333334 0.0109375 0.015277777777777777
2 0.445703125 0.45208333333333334 0.01328125 0.015277777777777777
2 0.434765625 0.45555555555555555 0.01328125 0.022222222222222223
2 0.370703125 0.45555555555555555 0.01640625 0.030555555555555555
2 0.391015625 0.4534722222222222 0.00859375 0.02638888888888889
2 0.34453125 0.45208333333333334 0.0296875 0.043055555555555555
2 0.331640625 0.4576388888888889 0.01796875 0.03194444444444444
2 0.312890625 0.4548611111111111 0.02734375 0.04861111111111111
2 0.29140625 0.45694444444444443 0.025 0.05277777777777778
2 0.266796875 0.46041666666666664 0.04296875 0.059722222222222225
2 0.191796875 0.44722222222222224 0.02421875 0.03333333333333333
2 0.147265625 0.44722222222222224 0.03984375 0.03888888888888889
2 0.101953125 0.45694444444444443 0.02578125 0.03333333333333333
2 0.06875 0.45 0.04375 0.03888888888888889
2 0.04609375 0.49236111111111114 0.0921875 0.10972222222222222
2 0.869921875 0.4930555555555556 0.25859375 0.3055555555555556
2 0.218359375 0.4673611111111111 0.06484375 0.06527777777777778
2 0.467578125 0.45416666666666666 0.01640625 0.019444444444444445
2 0.484375 0.45555555555555555 0.009375 0.022222222222222223
