9 0.59140625 0.3486111111111111 0.0140625 0.04722222222222222
9 0.928515625 0.1798611111111111 0.03515625 0.0625
9 0.909765625 0.11736111111111111 0.03046875 0.059722222222222225
9 0.8953125 0.1736111111111111 0.025 0.04722222222222222
9 0.49140625 0.37430555555555556 0.0421875 0.04861111111111111
9 0.455859375 0.3854166666666667 0.01171875 0.02638888888888889
9 0.50703125 0.43472222222222223 0.00625 0.013888888888888888
9 0.50703125 0.4152777777777778 0.009375 0.011111111111111112
9 0.48125 0.4354166666666667 0.0078125 0.0125
9 0.48046875 0.4152777777777778 0.0078125 0.013888888888888888
8 0.039453125 0.29305555555555557 0.01796875 0.08888888888888889
8 0.47578125 0.21319444444444444 0.0140625 0.0625
8 0.30546875 0.37222222222222223 0.0078125 0.030555555555555555
8 0.387890625 0.3763888888888889 0.00703125 0.025
8 0.028515625 0.3819444444444444 0.01640625 0.03333333333333333
8 0.7859375 0.3055555555555556 0.015625 0.03611111111111111
8 0.4296875 0.4131944444444444 0.0078125 0.0125
2 0.2640625 0.48194444444444445 0.0984375 0.1388888888888889
2 0.188671875 0.44375 0.06171875 0.09861111111111111
2 0.08359375 0.47152777777777777 0.1671875 0.1736111111111111
2 0.36171875 0.48680555555555555 0.1375 0.17083333333333334
2 0.978125 0.5104166666666666 0.040625 0.29583333333333334
9 0.819140625 0.36319444444444443 0.01640625 0.029166666666666667
9 0.818359375 0.41180555555555554 0.01484375 0.034722222222222224
