9 0.08359375 0.33541666666666664 0.0203125 0.0375
9 0.57578125 0.4527777777777778 0.0234375 0.044444444444444446
9 0.5796875 0.48194444444444445 0.015625 0.022222222222222223
2 0.45 0.5506944444444445 0.0109375 0.015277777777777777
2 0.44296875 0.5506944444444445 0.0140625 0.020833333333333332
2 0.431640625 0.5527777777777778 0.02109375 0.030555555555555555
2 0.416015625 0.5590277777777778 0.02578125 0.043055555555555555
2 0.39609375 0.5645833333333333 0.0390625 0.05416666666666667
2 0.375 0.575 0.0375 0.075
2 0.475390625 0.5520833333333334 0.01328125 0.02361111111111111
2 0.487109375 0.5541666666666667 0.02109375 0.03333333333333333
2 0.51328125 0.5659722222222222 0.03125 0.05694444444444444
2 0.54765625 0.5715277777777777 0.0625 0.09583333333333334
2 0.602734375 0.575 0.10078125 0.17777777777777778
2 0.45859375 0.5548611111111111 0.0171875 0.020833333333333332
2 0.334765625 0.5902777777777778 0.07109375 0.09166666666666666
2 0.68515625 0.6243055555555556 0.184375 0.2013888888888889
9 0.87734375 0.3055555555555556 0.04375 0.1
