2 0.33046875 0.3993055555555556 0.021875 0.04027777777777778
2 0.2734375 0.3993055555555556 0.0140625 0.03194444444444444
2 0.501953125 0.39861111111111114 0.02265625 0.03888888888888889
2 0.466015625 0.3993055555555556 0.04609375 0.06527777777777778
2 0.541015625 0.42916666666666664 0.09453125 0.10555555555555556
2 0.39609375 0.42430555555555555 0.0953125 0.14027777777777778
2 0.193359375 0.40625 0.03671875 0.03194444444444444
2 0.129296875 0.41458333333333336 0.04296875 0.043055555555555555
2 0.232421875 0.3972222222222222 0.01953125 0.030555555555555555
2 0.00703125 0.4284722222222222 0.0140625 0.06527777777777778
8 0.615625 0.33125 0.015625 0.02361111111111111
2 0.83984375 0.4027777777777778 0.06875 0.09722222222222222
2 0.96953125 0.4270833333333333 0.0546875 0.08472222222222223
2 0.894921875 0.43125 0.11953125 0.10694444444444444
8 0.899609375 0.2604166666666667 0.03203125 0.05138888888888889
8 0.476171875 0.11597222222222223 0.01328125 0.05416666666666667
8 0.49140625 0.12013888888888889 0.009375 0.05138888888888889
8 0.30859375 0.2076388888888889 0.0109375 0.04861111111111111
9 0.312890625 0.2923611111111111 0.02890625 0.020833333333333332
9 0.302734375 0.2548611111111111 0.01484375 0.018055555555555554
2 0.296484375 0.40208333333333335 0.02734375 0.029166666666666667
