9 0.740234375 0.5666666666666667 0.02265625 0.06388888888888888
2 0.4640625 0.6131944444444445 0.20625 0.15416666666666667
2 0.330859375 0.6111111111111112 0.14609375 0.1361111111111111
2 0.3171875 0.5625 0.10625 0.07222222222222222
2 0.23984375 0.5763888888888888 0.040625 0.058333333333333334
2 0.1953125 0.5680555555555555 0.0640625 0.05
2 0.034375 0.5638888888888889 0.04375 0.044444444444444446
2 0.066796875 0.5701388888888889 0.01796875 0.06805555555555555
2 0.08984375 0.5659722222222222 0.034375 0.0375
2 0.1234375 0.5625 0.03125 0.027777777777777776
