9 0.5734375 0.1951388888888889 0.0125 0.018055555555555554
9 0.546875 0.1909722222222222 0.0265625 0.015277777777777777
8 0.58359375 0.2263888888888889 0.021875 0.030555555555555555
8 0.554296875 0.22708333333333333 0.01015625 0.03194444444444444
8 0.025 0.22569444444444445 0.0171875 0.029166666666666667
8 0.008203125 0.22152777777777777 0.01640625 0.04027777777777778
9 0.09609375 0.25763888888888886 0.034375 0.0625
2 0.19765625 0.29305555555555557 0.009375 0.011111111111111112
2 0.221484375 0.28888888888888886 0.00390625 0.013888888888888888
2 0.230078125 0.2861111111111111 0.00703125 0.016666666666666666
2 0.24140625 0.2826388888888889 0.009375 0.018055555555555554
2 0.2484375 0.28958333333333336 0.0078125 0.018055555555555554
2 0.258203125 0.2847222222222222 0.01484375 0.03333333333333333
2 0.337890625 0.2798611111111111 0.04453125 0.02361111111111111
2 0.280859375 0.28541666666666665 0.02890625 0.0375
2 0.212109375 0.29097222222222224 0.01015625 0.020833333333333332
2 0.23125 0.32222222222222224 0.0453125 0.027777777777777776
2 0.227734375 0.37222222222222223 0.06953125 0.1111111111111111
