3 0.490625 0.3 0.021875 0.03888888888888889
3 0.53203125 0.2604166666666667 0.05625 0.1125
2 0.484375 0.32083333333333336 0.021875 0.03611111111111111
2 0.44921875 0.34097222222222223 0.0515625 0.07916666666666666
2 0.591015625 0.45902777777777776 0.24765625 0.3736111111111111
2 0.6609375 0.29375 0.009375 0.015277777777777777
2 0.68984375 0.29444444444444445 0.0125 0.013888888888888888
2 0.696875 0.2923611111111111 0.009375 0.0125
2 0.66875 0.2923611111111111 0.0109375 0.0125
2 0.807421875 0.26666666666666666 0.02109375 0.027777777777777776
2 0.167578125 0.5069444444444444 0.33515625 0.49444444444444446
9 0.394140625 0.26458333333333334 0.01484375 0.029166666666666667
9 0.41328125 0.28055555555555556 0.009375 0.030555555555555555
9 0.39375 0.2861111111111111 0.0125 0.011111111111111112
8 0.48984375 0.2611111111111111 0.0078125 0.016666666666666666
8 0.440234375 0.27708333333333335 0.00703125 0.015277777777777777
8 0.434375 0.29444444444444445 0.00625 0.016666666666666666
