9 0.609375 0.525 0.0265625 0.04722222222222222
9 0.716015625 0.44027777777777777 0.02890625 0.019444444444444445
9 0.530859375 0.5659722222222222 0.01015625 0.018055555555555554
9 0.323828125 0.5583333333333333 0.01484375 0.025
2 0.1234375 0.6805555555555556 0.246875 0.26666666666666666
2 0.601171875 0.6263888888888889 0.08046875 0.1
2 0.551953125 0.6083333333333333 0.03203125 0.06111111111111111
2 0.5296875 0.6027777777777777 0.0234375 0.04722222222222222
2 0.51171875 0.5944444444444444 0.0125 0.030555555555555555
2 0.50078125 0.5902777777777778 0.009375 0.025
2 0.25859375 0.6305555555555555 0.03125 0.075
2 0.296484375 0.6145833333333334 0.04453125 0.06527777777777778
2 0.331640625 0.6111111111111112 0.02578125 0.044444444444444446
2 0.356640625 0.6048611111111111 0.02734375 0.05138888888888889
2 0.384765625 0.6006944444444444 0.02890625 0.0375
2 0.412890625 0.59375 0.02109375 0.03194444444444444
2 0.4296875 0.5861111111111111 0.0125 0.025
2 0.47578125 0.5819444444444445 0.0125 0.016666666666666666
