2 0.431640625 0.3798611111111111 0.00859375 0.0125
2 0.44140625 0.38055555555555554 0.0109375 0.013888888888888888
2 0.4515625 0.38055555555555554 0.0078125 0.011111111111111112
2 0.463671875 0.38055555555555554 0.01015625 0.011111111111111112
2 0.478515625 0.38125 0.00859375 0.015277777777777777
2 0.488671875 0.3840277777777778 0.00859375 0.018055555555555554
2 0.498828125 0.3840277777777778 0.01015625 0.018055555555555554
2 0.507421875 0.38819444444444445 0.01015625 0.018055555555555554
2 0.516015625 0.38819444444444445 0.00859375 0.018055555555555554
2 0.526171875 0.39305555555555555 0.01015625 0.016666666666666666
2 0.53671875 0.3923611111111111 0.0140625 0.02361111111111111
2 0.55703125 0.3958333333333333 0.0296875 0.030555555555555555
2 0.4140625 0.3798611111111111 0.0234375 0.018055555555555554
2 0.396484375 0.37916666666666665 0.01171875 0.016666666666666666
2 0.38359375 0.38055555555555554 0.00625 0.013888888888888888
2 0.37109375 0.3798611111111111 0.009375 0.015277777777777777
2 0.3453125 0.37222222222222223 0.01875 0.025
2 0.324609375 0.37222222222222223 0.02421875 0.027777777777777776
2 0.278125 0.3819444444444444 0.0671875 0.06944444444444445
2 0.207421875 0.3736111111111111 0.07109375 0.058333333333333334
2 0.115625 0.3659722222222222 0.1109375 0.09861111111111111
2 0.0328125 0.38263888888888886 0.065625 0.0763888888888889
2 0.9390625 0.7597222222222222 0.115625 0.35
2 0.8484375 0.4423611111111111 0.0515625 0.04583333333333333
2 0.91015625 0.4409722222222222 0.0703125 0.06805555555555555
2 0.971875 0.4375 0.053125 0.075
9 0.34375 0.1527777777777778 0.025 0.058333333333333334
9 0.341796875 0.25625 0.02890625 0.05416666666666667
9 0.38828125 0.3055555555555556 0.015625 0.03333333333333333
9 0.342578125 0.3076388888888889 0.01953125 0.0375
9 0.341015625 0.3375 0.00859375 0.016666666666666666
9 0.4515625 0.3236111111111111 0.0125 0.027777777777777776
9 0.7 0.3034722222222222 0.025 0.03194444444444444
8 0.53671875 0.14166666666666666 0.015625 0.05555555555555555
8 0.566796875 0.2111111111111111 0.01171875 0.03611111111111111
8 0.524609375 0.14166666666666666 0.01015625 0.05555555555555555
8 0.708203125 0.3402777777777778 0.01328125 0.022222222222222223
8 0.450390625 0.3611111111111111 0.01015625 0.013888888888888888
8 0.43203125 0.3611111111111111 0.009375 0.019444444444444445
