9 0.06796875 0.32222222222222224 0.0625 0.05555555555555555
9 0.053125 0.3854166666666667 0.0234375 0.0375
9 0.026953125 0.40625 0.02578125 0.034722222222222224
9 0.530078125 0.40694444444444444 0.05859375 0.06111111111111111
9 0.616015625 0.41041666666666665 0.03515625 0.05694444444444444
9 0.651171875 0.4166666666666667 0.03203125 0.05555555555555555
2 0.6109375 0.5027777777777778 0.0296875 0.044444444444444446
2 0.33203125 0.45555555555555555 0.0390625 0.04722222222222222
2 0.36640625 0.45208333333333334 0.0265625 0.034722222222222224
2 0.407421875 0.45625 0.03203125 0.04027777777777778
2 0.46328125 0.4513888888888889 0.0125 0.013888888888888888
9 0.509765625 0.36736111111111114 0.01484375 0.0125
