2 0.5484375 0.4965277777777778 0.015625 0.02638888888888889
2 0.533203125 0.4986111111111111 0.01953125 0.03611111111111111
2 0.516796875 0.5006944444444444 0.02421875 0.04027777777777778
2 0.496484375 0.5048611111111111 0.03046875 0.04861111111111111
2 0.47734375 0.5097222222222222 0.0359375 0.05555555555555555
2 0.44296875 0.5111111111111111 0.0625 0.08611111111111111
2 0.409765625 0.5256944444444445 0.06171875 0.09861111111111111
2 0.338671875 0.5368055555555555 0.13046875 0.1597222222222222
2 0.15 0.58125 0.2640625 0.3263888888888889
2 0.019140625 0.7229166666666667 0.03828125 0.22361111111111112
2 0.60703125 0.5034722222222222 0.0140625 0.0375
2 0.6171875 0.5 0.0203125 0.041666666666666664
2 0.658203125 0.4909722222222222 0.06953125 0.10138888888888889
2 0.737109375 0.5506944444444445 0.14609375 0.22361111111111112
2 0.869921875 0.5590277777777778 0.25703125 0.5597222222222222
2 0.577734375 0.49722222222222223 0.03671875 0.05
9 0.45 0.42777777777777776 0.021875 0.03611111111111111
9 0.61328125 0.45 0.0125 0.022222222222222223
