8 0.2609375 0.2013888888888889 0.0171875 0.075
8 0.1125 0.40902777777777777 0.0203125 0.03194444444444444
8 0.90859375 0.37777777777777777 0.0171875 0.030555555555555555
8 0.88203125 0.3798611111111111 0.0171875 0.034722222222222224
8 0.248046875 0.2013888888888889 0.01328125 0.058333333333333334
8 0.278515625 0.2048611111111111 0.01171875 0.059722222222222225
8 0.546875 0.45625 0.0078125 0.020833333333333332
8 0.23671875 0.42083333333333334 0.0140625 0.027777777777777776
9 0.088671875 0.36944444444444446 0.03203125 0.05555555555555555
2 0.43203125 0.48055555555555557 0.0265625 0.05277777777777778
2 0.39765625 0.49930555555555556 0.0484375 0.08472222222222223
2 0.348828125 0.5069444444444444 0.07265625 0.1
2 0.462890625 0.5013888888888889 0.06171875 0.08611111111111111
2 0.5390625 0.4875 0.01875 0.019444444444444445
2 0.5546875 0.4875 0.0125 0.013888888888888888
2 0.564453125 0.4861111111111111 0.01171875 0.025
2 0.57265625 0.48541666666666666 0.0140625 0.03194444444444444
2 0.583984375 0.48819444444444443 0.01796875 0.02638888888888889
2 0.591015625 0.49375 0.02265625 0.0375
2 0.6046875 0.5041666666666667 0.0203125 0.03611111111111111
2 0.61640625 0.5083333333333333 0.0296875 0.05277777777777778
2 0.63828125 0.5222222222222223 0.0609375 0.07222222222222222
9 0.19765625 0.22777777777777777 0.0828125 0.027777777777777776
2 0.0140625 0.5444444444444444 0.028125 0.11388888888888889
