8 0.02421875 0.4340277777777778 0.0078125 0.0625
8 0.0328125 0.23125 0.0453125 0.020833333333333332
8 0.665234375 0.30486111111111114 0.00859375 0.05694444444444444
8 0.564453125 0.30069444444444443 0.00859375 0.04861111111111111
8 0.402734375 0.27569444444444446 0.00703125 0.0763888888888889
8 0.890234375 0.2548611111111111 0.01640625 0.09027777777777778
9 0.203515625 0.37430555555555556 0.04296875 0.07361111111111111
9 0.19609375 0.42916666666666664 0.0140625 0.03333333333333333
9 0.40859375 0.3701388888888889 0.0296875 0.06527777777777778
9 0.401953125 0.4236111111111111 0.02109375 0.022222222222222223
9 0.887890625 0.36875 0.05078125 0.0875
9 0.889453125 0.43194444444444446 0.03046875 0.027777777777777776
9 0.77265625 0.4597222222222222 0.0203125 0.019444444444444445
9 0.65 0.4847222222222222 0.0390625 0.03333333333333333
9 0.212890625 0.09583333333333334 0.03515625 0.05
9 0.21484375 0.17916666666666667 0.034375 0.11388888888888889
2 0.565625 0.6986111111111111 0.28125 0.4222222222222222
2 0.829296875 0.6305555555555555 0.28984375 0.26666666666666666
4 0.697265625 0.4986111111111111 0.04140625 0.05
2 0.68671875 0.55625 0.0484375 0.05694444444444444
9 0.917578125 0.46875 0.03515625 0.0375
8 0.87265625 0.40208333333333335 0.0109375 0.02638888888888889
8 0.77265625 0.43472222222222223 0.0109375 0.022222222222222223
