2 0.351171875 0.37777777777777777 0.03203125 0.06111111111111111
2 0.38203125 0.38819444444444445 0.0515625 0.0763888888888889
2 0.22578125 0.3625 0.040625 0.025
2 0.163671875 0.3541666666666667 0.06796875 0.022222222222222223
2 0.203515625 0.41388888888888886 0.07734375 0.11944444444444445
2 0.142578125 0.4395833333333333 0.14140625 0.15694444444444444
2 0.537890625 0.39305555555555555 0.03515625 0.1
2 0.591015625 0.4173611111111111 0.11796875 0.16805555555555557
2 0.2875 0.44513888888888886 0.1296875 0.19583333333333333
3 0.463671875 0.3486111111111111 0.12265625 0.2388888888888889
2 0.05859375 0.43333333333333335 0.1171875 0.2611111111111111
2 0.804296875 0.48680555555555555 0.38828125 0.5263888888888889
2 0.951953125 0.68125 0.09296875 0.3236111111111111
8 0.34453125 0.26666666666666666 0.0078125 0.030555555555555555
8 0.30390625 0.2659722222222222 0.0078125 0.02361111111111111
9 0.317578125 0.3090277777777778 0.00859375 0.020833333333333332
9 0.55703125 0.21319444444444444 0.0234375 0.034722222222222224
9 0.814453125 0.08055555555555556 0.04140625 0.058333333333333334
9 0.346484375 0.29583333333333334 0.00859375 0.022222222222222223
