2 0.15625 0.40902777777777777 0.0515625 0.04583333333333333
2 0.29453125 0.47152777777777777 0.1453125 0.18472222222222223
2 0.485546875 0.4125 0.04609375 0.06388888888888888
2 0.420703125 0.38958333333333334 0.02734375 0.043055555555555555
2 0.3390625 0.36180555555555555 0.01875 0.020833333333333332
2 0.345703125 0.34652777777777777 0.01328125 0.020833333333333332
2 0.384375 0.34305555555555556 0.0125 0.027777777777777776
2 0.39375 0.3840277777777778 0.0265625 0.04027777777777778
2 0.411328125 0.3611111111111111 0.01640625 0.022222222222222223
2 0.430859375 0.3548611111111111 0.01484375 0.018055555555555554
2 0.504296875 0.37916666666666665 0.01953125 0.027777777777777776
2 0.512890625 0.36041666666666666 0.01484375 0.020833333333333332
3 0.211328125 0.37916666666666665 0.02421875 0.041666666666666664
3 0.453515625 0.36041666666666666 0.02734375 0.05694444444444444
2 0.4375 0.3347222222222222 0.0078125 0.008333333333333333
2 0.421484375 0.3368055555555556 0.00859375 0.0125
3 0.277734375 0.3840277777777778 0.09296875 0.09583333333333334
9 0.463671875 0.2965277777777778 0.03515625 0.018055555555555554
9 0.50859375 0.2986111111111111 0.03125 0.022222222222222223
9 0.397265625 0.3347222222222222 0.01171875 0.019444444444444445
