9 0.608984375 0.39444444444444443 0.03984375 0.06388888888888888
9 0.608984375 0.44305555555555554 0.03359375 0.025
9 0.523828125 0.3701388888888889 0.01328125 0.0125
9 0.551171875 0.41944444444444445 0.08203125 0.07222222222222222
9 0.6640625 0.46944444444444444 0.015625 0.019444444444444445
9 0.27421875 0.3625 0.03125 0.06388888888888888
2 0.612890625 0.5166666666666667 0.01171875 0.019444444444444445
2 0.600390625 0.5208333333333334 0.01796875 0.027777777777777776
2 0.585546875 0.5173611111111112 0.01484375 0.018055555555555554
2 0.572265625 0.5152777777777777 0.01171875 0.016666666666666666
2 0.546484375 0.5118055555555555 0.01015625 0.015277777777777777
2 0.533203125 0.5194444444444445 0.02265625 0.025
2 0.495703125 0.5069444444444444 0.01640625 0.016666666666666666
2 0.42890625 0.5013888888888889 0.0109375 0.013888888888888888
2 0.4046875 0.4951388888888889 0.0359375 0.02638888888888889
2 0.26484375 0.4888888888888889 0.0421875 0.027777777777777776
2 0.103125 0.4875 0.0765625 0.03888888888888889
2 0.329296875 0.5152777777777777 0.09609375 0.1111111111111111
2 0.709765625 0.42291666666666666 0.04140625 0.018055555555555554
