2 0.115234375 0.5534722222222223 0.07890625 0.07083333333333333
2 0.0953125 0.5666666666666667 0.1015625 0.06388888888888888
2 0.488671875 0.5361111111111111 0.00546875 0.011111111111111112
2 0.49609375 0.5388888888888889 0.0078125 0.011111111111111112
2 0.5109375 0.5409722222222222 0.00625 0.0125
2 0.514453125 0.5416666666666666 0.00703125 0.016666666666666666
2 0.5171875 0.54375 0.0078125 0.020833333333333332
2 0.53046875 0.5479166666666667 0.0171875 0.02638888888888889
2 0.485546875 0.5430555555555555 0.00859375 0.016666666666666666
2 0.478125 0.5430555555555555 0.0078125 0.019444444444444445
2 0.432421875 0.55 0.03671875 0.058333333333333334
2 0.6140625 0.5666666666666667 0.04375 0.10277777777777777
2 0.686328125 0.5770833333333333 0.14765625 0.18194444444444444
2 0.8609375 0.6840277777777778 0.2734375 0.27361111111111114
2 0.391796875 0.5555555555555556 0.05859375 0.08333333333333333
2 0.55 0.5548611111111111 0.034375 0.04027777777777778
2 0.471484375 0.5472222222222223 0.01640625 0.022222222222222223
2 0.503125 0.5423611111111111 0.009375 0.015277777777777777
2 0.010546875 0.5555555555555556 0.02109375 0.14722222222222223
