9 0.593359375 0.4479166666666667 0.01171875 0.020833333333333332
9 0.5671875 0.4076388888888889 0.015625 0.015277777777777777
9 0.548046875 0.4097222222222222 0.01640625 0.016666666666666666
9 0.534765625 0.4097222222222222 0.01328125 0.016666666666666666
9 0.494921875 0.43194444444444446 0.01484375 0.013888888888888888
9 0.48046875 0.4305555555555556 0.0140625 0.016666666666666666
9 0.444921875 0.44722222222222224 0.00703125 0.013888888888888888
9 0.43359375 0.4340277777777778 0.0078125 0.015277777777777777
9 0.42421875 0.4354166666666667 0.0140625 0.015277777777777777
2 0.396875 0.4583333333333333 0.0078125 0.013888888888888888
2 0.41171875 0.4638888888888889 0.0078125 0.013888888888888888
2 0.43828125 0.46319444444444446 0.0109375 0.015277777777777777
2 0.48046875 0.45 0.009375 0.013888888888888888
2 0.4953125 0.4479166666666667 0.0078125 0.009722222222222222
2 0.50078125 0.45694444444444443 0.0078125 0.013888888888888888
2 0.33046875 0.47430555555555554 0.0109375 0.018055555555555554
2 0.339453125 0.4666666666666667 0.00703125 0.013888888888888888
2 0.3046875 0.4736111111111111 0.009375 0.013888888888888888
2 0.290234375 0.4756944444444444 0.01640625 0.018055555555555554
2 0.27265625 0.47847222222222224 0.015625 0.015277777777777777
2 0.25234375 0.4826388888888889 0.025 0.018055555555555554
2 0.232421875 0.4847222222222222 0.01640625 0.016666666666666666
2 0.162890625 0.4930555555555556 0.01171875 0.025
2 0.14453125 0.49930555555555556 0.0265625 0.015277777777777777
2 0.0734375 0.5013888888888889 0.04375 0.03888888888888889
2 0.1984375 0.5027777777777778 0.0671875 0.075
2 0.320703125 0.4826388888888889 0.02109375 0.02361111111111111
2 0.366015625 0.47152777777777777 0.00859375 0.015277777777777777
2 0.4203125 0.4673611111111111 0.015625 0.020833333333333332
2 0.4546875 0.4701388888888889 0.0328125 0.04027777777777778
2 0.520703125 0.4534722222222222 0.01171875 0.020833333333333332
2 0.5109375 0.44513888888888886 0.0078125 0.0125
3 0.552734375 0.44027777777777777 0.03359375 0.044444444444444446
3 0.37890625 0.45625 0.0203125 0.034722222222222224
2 0.03203125 0.5131944444444444 0.01875 0.018055555555555554
3 0.355078125 0.4576388888888889 0.01328125 0.02361111111111111
2 0.80234375 0.5569444444444445 0.278125 0.2916666666666667
