8 0.330859375 0.049305555555555554 0.01796875 0.08194444444444444
8 0.716015625 0.04513888888888889 0.02109375 0.09027777777777778
8 0.448046875 0.27569444444444446 0.01484375 0.05138888888888889
8 0.47421875 0.28055555555555556 0.0125 0.05277777777777778
9 0.4125 0.1951388888888889 0.025 0.03194444444444444
9 0.532421875 0.3326388888888889 0.02578125 0.034722222222222224
9 0.530078125 0.3645833333333333 0.01328125 0.02638888888888889
9 0.530078125 0.38680555555555557 0.01015625 0.015277777777777777
9 0.678515625 0.3854166666666667 0.01328125 0.03194444444444444
9 0.925390625 0.3472222222222222 0.03359375 0.03888888888888889
9 0.921875 0.3784722222222222 0.0171875 0.02361111111111111
9 0.921875 0.4097222222222222 0.0171875 0.025
