8 0.50234375 0.5034722222222222 0.009375 0.02361111111111111
8 0.573828125 0.5048611111111111 0.00703125 0.018055555555555554
9 0.597265625 0.4986111111111111 0.00703125 0.016666666666666666
2 0.516796875 0.5361111111111111 0.01171875 0.011111111111111112
2 0.5078125 0.5451388888888888 0.0125 0.015277777777777777
2 0.492578125 0.5486111111111112 0.01640625 0.019444444444444445
2 0.474609375 0.55 0.01484375 0.016666666666666666
2 0.464453125 0.5493055555555556 0.01484375 0.018055555555555554
2 0.454296875 0.5513888888888889 0.02109375 0.027777777777777776
2 0.444921875 0.5555555555555556 0.02890625 0.027777777777777776
2 0.4328125 0.5576388888888889 0.0203125 0.02638888888888889
2 0.4078125 0.5604166666666667 0.0328125 0.04027777777777778
2 0.376171875 0.5652777777777778 0.02578125 0.05
2 0.340625 0.56875 0.0453125 0.06805555555555555
2 0.30625 0.5763888888888888 0.05625 0.07777777777777778
2 0.268359375 0.5979166666666667 0.03984375 0.0763888888888889
2 0.216796875 0.625 0.11171875 0.125
2 0.09375 0.69375 0.1875 0.31527777777777777
2 0.59140625 0.5375 0.0203125 0.041666666666666664
2 0.609765625 0.5423611111111111 0.02265625 0.043055555555555555
2 0.63203125 0.5548611111111111 0.034375 0.059722222222222225
2 0.66953125 0.5673611111111111 0.0640625 0.07916666666666666
2 0.84609375 0.6319444444444444 0.178125 0.19444444444444445
2 0.554296875 0.525 0.00859375 0.013888888888888888
2 0.56953125 0.5444444444444444 0.0234375 0.025
9 0.0875 0.4534722222222222 0.0421875 0.0763888888888889
2 0.976171875 0.5604166666666667 0.04296875 0.1375
9 0.70546875 0.47152777777777777 0.0109375 0.03194444444444444
