2 0.0640625 0.4465277777777778 0.0921875 0.07083333333333333
2 0.129296875 0.44166666666666665 0.05390625 0.058333333333333334
2 0.22421875 0.43125 0.0359375 0.04861111111111111
2 0.1890625 0.4409722222222222 0.0578125 0.059722222222222225
2 0.2515625 0.43680555555555556 0.009375 0.029166666666666667
2 0.34609375 0.41388888888888886 0.0390625 0.03888888888888889
2 0.47109375 0.4097222222222222 0.0125 0.013888888888888888
2 0.477734375 0.4166666666666667 0.01171875 0.013888888888888888
2 0.4890625 0.4166666666666667 0.0125 0.019444444444444445
2 0.5015625 0.43125 0.0296875 0.04583333333333333
2 0.51796875 0.4173611111111111 0.015625 0.018055555555555554
2 0.580078125 0.4152777777777778 0.02421875 0.011111111111111112
2 0.56640625 0.42916666666666664 0.015625 0.027777777777777776
2 0.57421875 0.43125 0.0171875 0.03194444444444444
2 0.584765625 0.43333333333333335 0.01640625 0.03611111111111111
2 0.59375 0.43680555555555556 0.015625 0.0375
2 0.603125 0.4409722222222222 0.015625 0.0375
2 0.619140625 0.4388888888888889 0.03359375 0.05277777777777778
2 0.63671875 0.44375 0.034375 0.059722222222222225
2 0.653515625 0.45069444444444445 0.04296875 0.05416666666666667
2 0.649609375 0.41805555555555557 0.02109375 0.011111111111111112
2 0.6765625 0.4166666666666667 0.0265625 0.013888888888888888
2 0.722265625 0.4173611111111111 0.05234375 0.018055555555555554
2 0.771484375 0.4201388888888889 0.02109375 0.018055555555555554
2 0.6984375 0.4534722222222222 0.065625 0.07361111111111111
2 0.53359375 0.4548611111111111 0.053125 0.06805555555555555
2 0.8921875 0.4284722222222222 0.028125 0.034722222222222224
2 0.928125 0.43194444444444446 0.040625 0.03888888888888889
2 0.016015625 0.41805555555555557 0.03203125 0.06111111111111111
9 0.080859375 0.3590277777777778 0.01953125 0.043055555555555555
9 0.75625 0.3506944444444444 0.01875 0.05694444444444444
3 0.29140625 0.40694444444444444 0.0703125 0.1
9 0.5828125 0.37777777777777777 0.00625 0.019444444444444445
9 0.61328125 0.3951388888888889 0.0109375 0.02361111111111111
8 0.569140625 0.40347222222222223 0.00859375 0.0125
8 0.5125 0.3680555555555556 0.00625 0.013888888888888888
8 0.472265625 0.3840277777777778 0.00703125 0.0125
