2 0.460546875 0.4340277777777778 0.01796875 0.02638888888888889
2 0.478125 0.4284722222222222 0.0140625 0.020833333333333332
2 0.501171875 0.42430555555555555 0.01328125 0.02638888888888889
2 0.533984375 0.43125 0.02265625 0.029166666666666667
9 0.567578125 0.4097222222222222 0.01796875 0.025
2 0.569140625 0.4388888888888889 0.01484375 0.027777777777777776
2 0.4328125 0.4222222222222222 0.01875 0.022222222222222223
9 0.450390625 0.39652777777777776 0.00703125 0.034722222222222224
8 0.461328125 0.38819444444444445 0.01015625 0.020833333333333332
8 0.509765625 0.39444444444444443 0.00859375 0.016666666666666666
8 0.4421875 0.4111111111111111 0.009375 0.019444444444444445
