9 0.02578125 0.3368055555555556 0.028125 0.04583333333333333
9 0.119921875 0.3451388888888889 0.01796875 0.0375
9 0.026953125 0.3736111111111111 0.01796875 0.019444444444444445
9 0.119140625 0.3729166666666667 0.01640625 0.0125
9 0.8265625 0.1423611111111111 0.0765625 0.04027777777777778
9 0.09921875 0.3486111111111111 0.0234375 0.041666666666666664
9 0.197265625 0.3736111111111111 0.01640625 0.019444444444444445
9 0.136328125 0.3680555555555556 0.01171875 0.022222222222222223
9 0.13671875 0.3861111111111111 0.0109375 0.013888888888888888
4 0.629296875 0.39861111111111114 0.22578125 0.09722222222222222
4 0.2171875 0.40069444444444446 0.0421875 0.04583333333333333
2 0.194921875 0.41180555555555554 0.01640625 0.034722222222222224
2 0.57265625 0.44375 0.11875 0.15138888888888888
2 0.018359375 0.47430555555555554 0.03671875 0.16805555555555557
2 0.364453125 0.46875 0.30859375 0.5069444444444444
9 0.1125 0.2881944444444444 0.009375 0.029166666666666667
9 0.544921875 0.29930555555555555 0.15859375 0.1375
