2 0.397265625 0.5743055555555555 0.16015625 0.22916666666666666
2 0.5125 0.5604166666666667 0.075 0.0875
2 0.47734375 0.54375 0.0234375 0.04583333333333333
2 0.856640625 0.5798611111111112 0.18359375 0.13194444444444445
2 0.96796875 0.6048611111111111 0.0625 0.14027777777777778
2 0.959765625 0.83125 0.07734375 0.31527777777777777
9 0.2375 0.42430555555555555 0.0296875 0.05416666666666667
9 0.327734375 0.4986111111111111 0.01796875 0.025
9 0.065234375 0.3909722222222222 0.02109375 0.02638888888888889
9 0.03828125 0.3145833333333333 0.0234375 0.020833333333333332
