2 0.497265625 0.4479166666666667 0.12265625 0.18472222222222223
2 0.760546875 0.49722222222222223 0.47734375 0.5888888888888889
2 0.324609375 0.47638888888888886 0.25703125 0.41944444444444445
2 0.1859375 0.4236111111111111 0.09375 0.14166666666666666
9 0.1078125 0.2722222222222222 0.053125 0.022222222222222223
9 0.528515625 0.19305555555555556 0.07890625 0.030555555555555555
9 0.465625 0.20833333333333334 0.0171875 0.04722222222222222
9 0.0890625 0.24583333333333332 0.015625 0.027777777777777776
9 0.084765625 0.27847222222222223 0.01171875 0.0375
8 0.15234375 0.25069444444444444 0.0109375 0.04583333333333333
8 0.168359375 0.25416666666666665 0.01015625 0.044444444444444446
8 0.139453125 0.24791666666666667 0.01015625 0.0375
8 0.41484375 0.2125 0.0125 0.05555555555555555
8 0.449609375 0.21458333333333332 0.01171875 0.06527777777777778
8 0.43671875 0.21388888888888888 0.0171875 0.06388888888888888
8 0.069140625 0.36736111111111114 0.01328125 0.029166666666666667
8 0.55625 0.3194444444444444 0.0078125 0.03333333333333333
8 0.548828125 0.3076388888888889 0.01171875 0.06527777777777778
