8 0.21953125 0.07430555555555556 0.0203125 0.07083333333333333
8 0.978125 0.16180555555555556 0.0390625 0.06805555555555555
8 0.317578125 0.18611111111111112 0.01484375 0.06111111111111111
8 0.24140625 0.075 0.021875 0.07222222222222222
8 0.953515625 0.16875 0.02421875 0.08194444444444444
9 0.32421875 0.25833333333333336 0.0265625 0.016666666666666666
9 0.294921875 0.24305555555555555 0.01796875 0.019444444444444445
9 0.305078125 0.2777777777777778 0.02265625 0.013888888888888888
8 0.32890625 0.3138888888888889 0.01875 0.03888888888888889
9 0.92890625 0.08194444444444444 0.08125 0.058333333333333334
9 0.91953125 0.19444444444444445 0.059375 0.11666666666666667
2 0.68359375 0.4076388888888889 0.08125 0.09027777777777778
2 0.880078125 0.3993055555555556 0.05703125 0.05138888888888889
2 0.944140625 0.4111111111111111 0.10234375 0.10277777777777777
2 0.984375 0.3854166666666667 0.028125 0.06805555555555555
2 0.223046875 0.4888888888888889 0.30078125 0.22777777777777777
2 0.06328125 0.43125 0.125 0.09583333333333334
2 0.58671875 0.41388888888888886 0.121875 0.09722222222222222
2 0.81875 0.4048611111111111 0.0765625 0.07083333333333333
1 0.480078125 0.41805555555555557 0.03671875 0.1388888888888889
