2 0.338671875 0.41944444444444445 0.16328125 0.2
2 0.58125 0.35208333333333336 0.040625 0.09305555555555556
2 0.672265625 0.3715277777777778 0.04921875 0.07083333333333333
2 0.512890625 0.3625 0.02109375 0.03888888888888889
2 0.528125 0.3625 0.009375 0.030555555555555555
2 0.498828125 0.3680555555555556 0.01640625 0.03333333333333333
2 0.483203125 0.375 0.01484375 0.03611111111111111
2 0.4671875 0.37222222222222223 0.0140625 0.03333333333333333
2 0.652734375 0.36319444444444443 0.03828125 0.07083333333333333
2 0.63359375 0.3597222222222222 0.01875 0.05
2 0.617578125 0.3451388888888889 0.02890625 0.04583333333333333
8 0.575390625 0.041666666666666664 0.01015625 0.07777777777777778
8 0.305078125 0.03819444444444445 0.01796875 0.0763888888888889
8 0.281640625 0.04375 0.01328125 0.07361111111111111
8 0.89609375 0.19583333333333333 0.0453125 0.05555555555555555
8 0.749609375 0.26875 0.01640625 0.03194444444444444
8 0.54609375 0.28680555555555554 0.00625 0.020833333333333332
8 0.16796875 0.30625 0.028125 0.043055555555555555
9 0.730078125 0.2076388888888889 0.02734375 0.020833333333333332
2 0.98984375 0.3625 0.0171875 0.08888888888888889
2 0.424609375 0.38958333333333334 0.03203125 0.059722222222222225
2 0.5515625 0.3527777777777778 0.0140625 0.03333333333333333
2 0.53984375 0.34791666666666665 0.0140625 0.02638888888888889
8 0.590234375 0.28541666666666665 0.00703125 0.02638888888888889
9 0.744140625 0.16944444444444445 0.01953125 0.016666666666666666
9 0.850390625 0.27291666666666664 0.01015625 0.018055555555555554
9 0.11640625 0.19375 0.065625 0.03194444444444444
9 0.23203125 0.10486111111111111 0.071875 0.029166666666666667
2 0.448828125 0.36944444444444446 0.02109375 0.041666666666666664
8 0.194140625 0.30625 0.01015625 0.04861111111111111
8 0.494140625 0.3298611111111111 0.01171875 0.020833333333333332
