9 0.446484375 0.44930555555555557 0.01015625 0.0125
2 0.423828125 0.44722222222222224 0.01015625 0.016666666666666666
2 0.419140625 0.4673611111111111 0.01171875 0.015277777777777777
2 0.32265625 0.4875 0.03125 0.04722222222222222
2 0.294140625 0.49236111111111114 0.04140625 0.06527777777777778
2 0.2703125 0.5 0.040625 0.07777777777777778
2 0.443359375 0.46597222222222223 0.02421875 0.02638888888888889
2 0.475390625 0.47430555555555554 0.05078125 0.059722222222222225
2 0.52734375 0.49722222222222223 0.0578125 0.08055555555555556
9 0.57734375 0.3854166666666667 0.009375 0.020833333333333332
2 0.384375 0.5173611111111112 0.090625 0.13194444444444445
2 0.20546875 0.5104166666666666 0.1234375 0.1486111111111111
2 0.639453125 0.5041666666666667 0.16796875 0.19444444444444445
