2 0.473828125 0.6597222222222222 0.23671875 0.36666666666666664
2 0.648828125 0.5979166666666667 0.12265625 0.14305555555555555
2 0.20546875 0.5638888888888889 0.1109375 0.11666666666666667
3 0.81171875 0.55625 0.171875 0.1597222222222222
2 0.916796875 0.5756944444444444 0.04921875 0.09861111111111111
2 0.600390625 0.5451388888888888 0.03046875 0.0375
2 0.707421875 0.5652777777777778 0.04453125 0.058333333333333334
2 0.27734375 0.5604166666666667 0.053125 0.08194444444444444
2 0.311328125 0.5479166666666667 0.03828125 0.07083333333333333
2 0.34140625 0.5305555555555556 0.0140625 0.022222222222222223
2 0.37265625 0.5291666666666667 0.0125 0.025
8 0.397265625 0.3909722222222222 0.00546875 0.03194444444444444
8 0.57578125 0.4201388888888889 0.0078125 0.02638888888888889
8 0.5484375 0.43125 0.00625 0.02361111111111111
8 0.56484375 0.41944444444444445 0.00625 0.027777777777777776
8 0.581640625 0.4875 0.01171875 0.022222222222222223
9 0.337890625 0.4618055555555556 0.01328125 0.0125
9 0.34296875 0.47152777777777777 0.015625 0.009722222222222222
8 0.49375 0.43680555555555556 0.003125 0.02361111111111111
8 0.479296875 0.4840277777777778 0.00703125 0.015277777777777777
