2 0.222265625 0.64375 0.44453125 0.44305555555555554
2 0.4703125 0.5138888888888888 0.1484375 0.20555555555555555
2 0.56328125 0.4979166666666667 0.0546875 0.07361111111111111
2 0.585546875 0.4909722222222222 0.02109375 0.05138888888888889
2 0.594921875 0.48125 0.02265625 0.05138888888888889
2 0.60859375 0.4777777777777778 0.015625 0.03333333333333333
2 0.63359375 0.4736111111111111 0.0109375 0.019444444444444445
2 0.64375 0.4756944444444444 0.0140625 0.020833333333333332
2 0.65390625 0.475 0.0171875 0.027777777777777776
2 0.66171875 0.4777777777777778 0.015625 0.027777777777777776
2 0.675 0.4798611111111111 0.0203125 0.043055555555555555
2 0.690234375 0.48125 0.02421875 0.05694444444444444
2 0.715234375 0.4875 0.04609375 0.06388888888888888
2 0.7453125 0.49930555555555556 0.0625 0.0763888888888889
2 0.810546875 0.5180555555555556 0.09609375 0.10555555555555556
2 0.92578125 0.5388888888888889 0.146875 0.25277777777777777
