8 0.491015625 0.34097222222222223 0.01015625 0.02638888888888889
8 0.534375 0.3715277777777778 0.009375 0.020833333333333332
2 0.459765625 0.39861111111111114 0.01640625 0.022222222222222223
2 0.434375 0.4 0.025 0.027777777777777776
2 0.41015625 0.39652777777777776 0.0203125 0.02638888888888889
2 0.372265625 0.39861111111111114 0.01640625 0.030555555555555555
2 0.319140625 0.4041666666666667 0.01796875 0.022222222222222223
2 0.30234375 0.4027777777777778 0.025 0.03888888888888889
2 0.283984375 0.4083333333333333 0.03203125 0.03611111111111111
2 0.24453125 0.4097222222222222 0.025 0.03333333333333333
2 0.21796875 0.41944444444444445 0.0203125 0.027777777777777776
2 0.199609375 0.4097222222222222 0.01640625 0.025
2 0.17421875 0.41041666666666665 0.0359375 0.04583333333333333
2 0.1046875 0.42777777777777776 0.053125 0.058333333333333334
2 0.0421875 0.42986111111111114 0.084375 0.07361111111111111
2 0.49609375 0.39375 0.0140625 0.015277777777777777
2 0.52578125 0.39861111111111114 0.0125 0.022222222222222223
2 0.541796875 0.40069444444444446 0.02265625 0.034722222222222224
2 0.558203125 0.4027777777777778 0.02109375 0.03888888888888889
2 0.569140625 0.4048611111111111 0.02109375 0.043055555555555555
2 0.587109375 0.4111111111111111 0.03828125 0.05555555555555555
2 0.62421875 0.425 0.0703125 0.08333333333333333
2 0.711328125 0.44375 0.12890625 0.1375
