2 0.52421875 0.42777777777777776 0.0390625 0.041666666666666664
9 0.466796875 0.26875 0.03515625 0.04583333333333333
9 0.871875 0.2423611111111111 0.05625 0.0625
9 0.72734375 0.3125 0.034375 0.06388888888888888
9 0.535546875 0.34305555555555556 0.00859375 0.019444444444444445
9 0.538671875 0.3819444444444444 0.00859375 0.016666666666666666
9 0.626953125 0.3888888888888889 0.01015625 0.027777777777777776
9 0.51640625 0.3972222222222222 0.0140625 0.011111111111111112
9 0.658984375 0.3701388888888889 0.00859375 0.018055555555555554
8 0.506640625 0.34097222222222223 0.00703125 0.009722222222222222
8 0.509765625 0.35555555555555557 0.00703125 0.011111111111111112
