2 0.42109375 0.4861111111111111 0.0234375 0.03333333333333333
2 0.40859375 0.48819444444444443 0.015625 0.03194444444444444
2 0.397265625 0.48680555555555555 0.01953125 0.04861111111111111
2 0.387890625 0.4875 0.02109375 0.05
2 0.36484375 0.4930555555555556 0.0484375 0.06111111111111111
2 0.46953125 0.49027777777777776 0.009375 0.030555555555555555
2 0.483984375 0.4791666666666667 0.02578125 0.04722222222222222
2 0.483984375 0.49236111111111114 0.02421875 0.05138888888888889
2 0.3 0.5131944444444444 0.0578125 0.1597222222222222
2 0.183203125 0.5333333333333333 0.22890625 0.25277777777777777
2 0.521484375 0.4951388888888889 0.07734375 0.10138888888888889
2 0.46328125 0.4895833333333333 0.009375 0.029166666666666667
