2 0.4984375 0.7861111111111111 0.0375 0.05277777777777778
2 0.55078125 0.7861111111111111 0.025 0.06666666666666667
2 0.580859375 0.7916666666666666 0.06640625 0.08611111111111111
2 0.6578125 0.8173611111111111 0.1125 0.15138888888888888
2 0.387109375 0.7868055555555555 0.01796875 0.05694444444444444
2 0.37109375 0.7923611111111111 0.0234375 0.0625
2 0.34765625 0.7923611111111111 0.0390625 0.08472222222222223
2 0.269140625 0.8548611111111111 0.17734375 0.20416666666666666
2 0.07421875 0.8805555555555555 0.1484375 0.20555555555555555
2 0.95546875 0.8847222222222222 0.0875 0.225
