2 0.511328125 0.43819444444444444 0.00546875 0.018055555555555554
2 0.508984375 0.43819444444444444 0.00859375 0.02361111111111111
2 0.49921875 0.4409722222222222 0.0125 0.02638888888888889
2 0.49609375 0.44513888888888886 0.0109375 0.02638888888888889
2 0.48828125 0.44513888888888886 0.0125 0.034722222222222224
2 0.47890625 0.4486111111111111 0.0203125 0.03888888888888889
2 0.475 0.45416666666666666 0.0140625 0.041666666666666664
2 0.454296875 0.46319444444444446 0.01328125 0.05138888888888889
2 0.431640625 0.4666666666666667 0.05078125 0.08333333333333333
2 0.410546875 0.48541666666666666 0.05546875 0.08194444444444444
2 0.540625 0.43472222222222223 0.0125 0.019444444444444445
2 0.546875 0.4423611111111111 0.0125 0.029166666666666667
2 0.553515625 0.44583333333333336 0.01015625 0.03888888888888889
2 0.559375 0.45 0.0140625 0.05
2 0.567578125 0.45416666666666666 0.01796875 0.05277777777777778
2 0.571875 0.4625 0.009375 0.05277777777777778
2 0.583984375 0.4625 0.02265625 0.06666666666666667
2 0.599609375 0.4701388888888889 0.03359375 0.09305555555555556
2 0.379296875 0.5048611111111111 0.08984375 0.09583333333333334
2 0.521875 0.44305555555555554 0.0203125 0.030555555555555555
3 0.64375 0.4875 0.1 0.13333333333333333
9 0.039453125 0.22569444444444445 0.02578125 0.029166666666666667
9 0.315625 0.34930555555555554 0.01875 0.02361111111111111
9 0.3234375 0.3923611111111111 0.0171875 0.043055555555555555
9 0.008984375 0.24583333333333332 0.01796875 0.025
9 0.021875 0.28194444444444444 0.04375 0.030555555555555555
9 0.0125 0.31319444444444444 0.0140625 0.029166666666666667
9 0.7203125 0.33055555555555555 0.01875 0.022222222222222223
