2 0.358984375 0.6666666666666666 0.10234375 0.15
2 0.484765625 0.6388888888888888 0.05859375 0.08888888888888889
2 0.453125 0.6270833333333333 0.0328125 0.05694444444444444
2 0.428515625 0.6145833333333334 0.02265625 0.034722222222222224
2 0.419921875 0.6104166666666667 0.01171875 0.02638888888888889
2 0.4140625 0.6083333333333333 0.009375 0.013888888888888888
2 0.406640625 0.6090277777777777 0.00703125 0.02361111111111111
2 0.40078125 0.6083333333333333 0.0046875 0.022222222222222223
2 0.39609375 0.6055555555555555 0.009375 0.016666666666666666
2 0.394921875 0.5958333333333333 0.00546875 0.011111111111111112
