9 0.29453125 0.275 0.0375 0.07222222222222222
9 0.328515625 0.24722222222222223 0.01015625 0.025
9 0.315625 0.30486111111111114 0.015625 0.02638888888888889
9 0.326171875 0.2798611111111111 0.01953125 0.03194444444444444
2 0.327734375 0.4708333333333333 0.15390625 0.19722222222222222
2 0.453125 0.4 0.0390625 0.05555555555555555
2 0.44453125 0.4375 0.0296875 0.044444444444444446
2 0.675 0.40555555555555556 0.0265625 0.044444444444444446
2 0.658984375 0.41041666666666665 0.02265625 0.05138888888888889
2 0.728125 0.4666666666666667 0.146875 0.20555555555555555
2 0.850390625 0.5284722222222222 0.29140625 0.2708333333333333
3 0.607421875 0.40625 0.03828125 0.07083333333333333
2 0.5328125 0.49236111111111114 0.20625 0.30694444444444446
2 0.1421875 0.5805555555555556 0.284375 0.5472222222222223
9 0.775390625 0.2902777777777778 0.04296875 0.06944444444444445
