2 0.346484375 0.58125 0.03671875 0.08472222222222223
2 0.31015625 0.5888888888888889 0.0765625 0.10277777777777777
2 0.223046875 0.6159722222222223 0.11484375 0.14583333333333334
2 0.52265625 0.5548611111111111 0.034375 0.04861111111111111
2 0.5453125 0.5708333333333333 0.0328125 0.075
2 0.5703125 0.5729166666666666 0.04375 0.09027777777777778
2 0.59609375 0.5798611111111112 0.0546875 0.10694444444444444
2 0.66796875 0.5826388888888889 0.140625 0.14305555555555555
2 0.1 0.6486111111111111 0.2 0.23055555555555557
9 0.391015625 0.51875 0.01328125 0.029166666666666667
9 0.785546875 0.2965277777777778 0.04921875 0.0763888888888889
9 0.784765625 0.3458333333333333 0.04921875 0.05277777777777778
9 0.788671875 0.3972222222222222 0.05234375 0.058333333333333334
