9 0.304296875 0.2902777777777778 0.02578125 0.05277777777777778
9 0.846875 0.2 0.028125 0.016666666666666666
9 0.8484375 0.3125 0.0125 0.041666666666666664
8 0.409765625 0.14375 0.01796875 0.0625
8 0.82890625 0.3375 0.0234375 0.030555555555555555
8 0.846484375 0.23541666666666666 0.01171875 0.04583333333333333
8 0.39140625 0.1361111111111111 0.015625 0.058333333333333334
8 0.3234375 0.28541666666666665 0.0125 0.029166666666666667
2 0.7046875 0.42430555555555555 0.084375 0.14583333333333334
3 0.526171875 0.33819444444444446 0.28671875 0.5291666666666667
2 0.975 0.44375 0.04375 0.10138888888888889
