8 0.080078125 0.40208333333333335 0.03046875 0.04861111111111111
8 0.340234375 0.4131944444444444 0.01484375 0.04583333333333333
8 0.45859375 0.44305555555555554 0.0109375 0.03888888888888889
8 0.29765625 0.5291666666666667 0.0109375 0.019444444444444445
9 0.30078125 0.48819444444444443 0.0171875 0.0125
9 0.30625 0.5055555555555555 0.0203125 0.016666666666666666
9 0.14296875 0.4861111111111111 0.0296875 0.022222222222222223
9 0.570703125 0.4701388888888889 0.02734375 0.015277777777777777
9 0.512109375 0.51875 0.01640625 0.015277777777777777
8 0.51640625 0.5395833333333333 0.0109375 0.020833333333333332
8 0.571484375 0.5201388888888889 0.01640625 0.029166666666666667
8 0.45 0.4423611111111111 0.0109375 0.034722222222222224
2 0.19375 0.6145833333333334 0.1203125 0.1625
2 0.3578125 0.5840277777777778 0.021875 0.04861111111111111
2 0.368359375 0.5784722222222223 0.01640625 0.0375
2 0.3765625 0.5722222222222222 0.0140625 0.03333333333333333
2 0.383203125 0.5736111111111111 0.01328125 0.03611111111111111
2 0.387890625 0.5847222222222223 0.02578125 0.03888888888888889
2 0.48203125 0.5881944444444445 0.0390625 0.06527777777777778
2 0.466015625 0.5715277777777777 0.01796875 0.03194444444444444
2 0.45625 0.5638888888888889 0.015625 0.027777777777777776
2 0.53359375 0.6090277777777777 0.084375 0.12638888888888888
2 0.5421875 0.6354166666666666 0.0640625 0.13472222222222222
2 0.60859375 0.6555555555555556 0.1453125 0.20277777777777778
2 0.425390625 0.6368055555555555 0.10234375 0.15138888888888888
2 0.334375 0.5888888888888889 0.04375 0.058333333333333334
2 0.762890625 0.7402777777777778 0.32890625 0.32222222222222224
2 0.07734375 0.6659722222222222 0.153125 0.19305555555555556
9 0.97578125 0.22430555555555556 0.0453125 0.07916666666666666
