9 0.59921875 0.30277777777777776 0.0140625 0.011111111111111112
9 0.643359375 0.29444444444444445 0.01171875 0.019444444444444445
9 0.591796875 0.32222222222222224 0.01640625 0.013888888888888888
9 0.570703125 0.36041666666666666 0.01328125 0.020833333333333332
9 0.361328125 0.28958333333333336 0.02109375 0.018055555555555554
9 0.35390625 0.25277777777777777 0.0125 0.013888888888888888
9 0.48203125 0.36527777777777776 0.0078125 0.011111111111111112
9 0.91328125 0.14930555555555555 0.0328125 0.07916666666666666
8 0.5359375 0.3625 0.0078125 0.016666666666666666
8 0.52421875 0.36666666666666664 0.0078125 0.011111111111111112
2 0.519921875 0.3840277777777778 0.00859375 0.018055555555555554
2 0.526953125 0.38125 0.01015625 0.018055555555555554
2 0.539453125 0.38472222222222224 0.00859375 0.025
2 0.54765625 0.39375 0.0203125 0.03194444444444444
2 0.528125 0.3972222222222222 0.015625 0.022222222222222223
2 0.630078125 0.4201388888888889 0.09140625 0.10694444444444444
2 0.6046875 0.4 0.0671875 0.09722222222222222
2 0.7125 0.3972222222222222 0.0703125 0.03888888888888889
2 0.50859375 0.3875 0.0078125 0.019444444444444445
2 0.5015625 0.3902777777777778 0.009375 0.025
2 0.49375 0.3902777777777778 0.0140625 0.025
2 0.48125 0.3923611111111111 0.015625 0.029166666666666667
2 0.4515625 0.3888888888888889 0.03125 0.044444444444444446
2 0.471875 0.38958333333333334 0.0125 0.0375
2 0.42109375 0.39375 0.028125 0.04583333333333333
2 0.39921875 0.3951388888888889 0.03125 0.06805555555555555
2 0.362109375 0.39444444444444443 0.05703125 0.08888888888888889
2 0.313671875 0.41180555555555554 0.07421875 0.09583333333333334
2 0.12890625 0.3736111111111111 0.05 0.075
2 0.20625 0.4270833333333333 0.159375 0.1597222222222222
2 0.0625 0.4152777777777778 0.1234375 0.2361111111111111
2 0.849609375 0.5513888888888889 0.29609375 0.7472222222222222
9 0.342578125 0.3236111111111111 0.01171875 0.011111111111111112
