9 0.0640625 0.2604166666666667 0.0296875 0.018055555555555554
9 0.403125 0.32430555555555557 0.0140625 0.018055555555555554
9 0.812890625 0.19027777777777777 0.02265625 0.044444444444444446
9 0.823046875 0.23541666666666666 0.02265625 0.04861111111111111
9 0.8015625 0.2298611111111111 0.0171875 0.03194444444444444
9 0.34296875 0.3388888888888889 0.0109375 0.025
2 0.4640625 0.37916666666666665 0.015625 0.025
2 0.535546875 0.37430555555555556 0.01015625 0.015277777777777777
2 0.5953125 0.40208333333333335 0.01875 0.04583333333333333
2 0.615234375 0.4083333333333333 0.04921875 0.06111111111111111
2 0.646875 0.4125 0.0515625 0.075
2 0.124609375 0.3611111111111111 0.11171875 0.07777777777777778
2 0.03359375 0.35555555555555557 0.0671875 0.08888888888888889
2 0.25859375 0.425 0.1828125 0.18333333333333332
2 0.446484375 0.3840277777777778 0.02265625 0.02361111111111111
2 0.487109375 0.3819444444444444 0.01484375 0.016666666666666666
2 0.51015625 0.3659722222222222 0.0109375 0.015277777777777777
2 0.54140625 0.38125 0.0140625 0.018055555555555554
2 0.701171875 0.4236111111111111 0.09765625 0.12777777777777777
8 0.47421875 0.28888888888888886 0.0109375 0.03333333333333333
8 0.548046875 0.30625 0.00859375 0.029166666666666667
