9 0.41953125 0.4173611111111111 0.034375 0.04861111111111111
9 0.45078125 0.4131944444444444 0.021875 0.04027777777777778
9 0.59609375 0.40555555555555556 0.0421875 0.03888888888888889
2 0.480859375 0.46319444444444446 0.01171875 0.018055555555555554
2 0.44921875 0.48194444444444445 0.015625 0.03333333333333333
2 0.404296875 0.4986111111111111 0.01796875 0.025
3 0.430078125 0.48333333333333334 0.01953125 0.03333333333333333
3 0.5328125 0.475 0.096875 0.15833333333333333
2 0.38203125 0.5069444444444444 0.0234375 0.025
2 0.43125 0.5104166666666666 0.021875 0.02361111111111111
2 0.352734375 0.5222222222222223 0.02734375 0.044444444444444446
2 0.2515625 0.5736111111111111 0.1671875 0.2111111111111111
2 0.734375 0.5263888888888889 0.203125 0.20277777777777778
