8 0.345703125 0.24444444444444444 0.00703125 0.019444444444444445
8 0.4765625 0.24097222222222223 0.0046875 0.015277777777777777
8 0.394140625 0.2861111111111111 0.00546875 0.011111111111111112
8 0.389453125 0.3055555555555556 0.00859375 0.005555555555555556
9 0.23046875 0.2263888888888889 0.015625 0.025
9 0.228515625 0.25833333333333336 0.00859375 0.008333333333333333
9 0.230859375 0.2798611111111111 0.01796875 0.02638888888888889
9 0.212890625 0.28055555555555556 0.01484375 0.027777777777777776
9 0.2921875 0.24930555555555556 0.0109375 0.0125
9 0.285546875 0.29097222222222224 0.01484375 0.009722222222222222
9 0.5671875 0.2465277777777778 0.01875 0.009722222222222222
9 0.606640625 0.20833333333333334 0.02265625 0.013888888888888888
9 0.6109375 0.18819444444444444 0.0265625 0.020833333333333332
9 0.51171875 0.23125 0.0109375 0.006944444444444444
8 0.50859375 0.28055555555555556 0.00625 0.013888888888888888
2 0.313671875 0.3215277777777778 0.07734375 0.0625
2 0.26953125 0.3798611111111111 0.08125 0.11527777777777778
2 0.456640625 0.3298611111111111 0.10859375 0.12638888888888888
2 0.50703125 0.32013888888888886 0.0109375 0.04861111111111111
2 0.526171875 0.33125 0.04296875 0.07083333333333333
2 0.587109375 0.29444444444444445 0.07890625 0.022222222222222223
2 0.552734375 0.35 0.05703125 0.09444444444444444
2 0.593359375 0.36666666666666664 0.07421875 0.125
2 0.6046875 0.39305555555555555 0.0484375 0.17777777777777778
2 0.13671875 0.44027777777777777 0.2734375 0.4444444444444444
2 0.391796875 0.49583333333333335 0.27265625 0.36944444444444446
4 0.809375 0.45 0.378125 0.8972222222222223
