9 0.328515625 0.6333333333333333 0.05234375 0.03888888888888889
9 0.301953125 0.6951388888888889 0.12109375 0.08472222222222223
9 0.13828125 0.7534722222222222 0.115625 0.059722222222222225
9 0.22890625 0.7770833333333333 0.028125 0.02361111111111111
9 0.430078125 0.8833333333333333 0.01640625 0.025
9 0.4 0.8868055555555555 0.01875 0.020833333333333332
9 0.4703125 0.88125 0.0109375 0.020833333333333332
9 0.45234375 0.9 0.0109375 0.016666666666666666
2 0.410546875 0.9298611111111111 0.00703125 0.02638888888888889
2 0.39375 0.9381944444444444 0.03125 0.05138888888888889
2 0.371875 0.9444444444444444 0.025 0.058333333333333334
3 0.331640625 0.94375 0.08828125 0.10972222222222222
2 0.259375 0.9645833333333333 0.053125 0.06805555555555555
2 0.157421875 0.9388888888888889 0.18671875 0.11944444444444445
2 0.42265625 0.9347222222222222 0.0171875 0.03611111111111111
2 0.4546875 0.9527777777777777 0.0609375 0.09166666666666666
