8 0.426953125 0.35625 0.01328125 0.0625
9 0.42421875 0.30833333333333335 0.0140625 0.022222222222222223
9 0.4578125 0.36944444444444446 0.015625 0.03611111111111111
8 0.48984375 0.2798611111111111 0.0140625 0.04027777777777778
8 0.222265625 0.3680555555555556 0.01015625 0.025
2 0.050390625 0.5631944444444444 0.10078125 0.30694444444444446
2 0.102734375 0.46944444444444444 0.02421875 0.03333333333333333
2 0.377734375 0.5006944444444444 0.08671875 0.11805555555555555
2 0.206640625 0.6083333333333333 0.31015625 0.4722222222222222
2 0.7515625 0.5701388888888889 0.4921875 0.6347222222222222
