2 0.1390625 0.5590277777777778 0.225 0.33194444444444443
2 0.35 0.48333333333333334 0.0265625 0.03888888888888889
2 0.3125 0.48819444444444443 0.028125 0.0375
2 0.48828125 0.48819444444444443 0.04375 0.08472222222222223
2 0.549609375 0.5173611111111112 0.12890625 0.14583333333333334
2 0.703125 0.5409722222222222 0.259375 0.2263888888888889
2 0.295703125 0.4826388888888889 0.02109375 0.029166666666666667
2 0.337109375 0.4791666666666667 0.01171875 0.030555555555555555
1 0.28046875 0.47708333333333336 0.0078125 0.02361111111111111
2 0.9015625 0.5569444444444445 0.19375 0.33611111111111114
8 0.3734375 0.4284722222222222 0.0078125 0.029166666666666667
4 0.244921875 0.4777777777777778 0.03046875 0.08333333333333333
8 0.241015625 0.39166666666666666 0.00703125 0.03333333333333333
