2 0.379296875 0.5020833333333333 0.01328125 0.02638888888888889
2 0.36796875 0.5034722222222222 0.015625 0.029166666666666667
2 0.34296875 0.5027777777777778 0.034375 0.041666666666666664
2 0.327734375 0.5125 0.02578125 0.041666666666666664
2 0.31171875 0.5166666666666667 0.03125 0.041666666666666664
2 0.28125 0.5194444444444445 0.0421875 0.05
2 0.238671875 0.51875 0.04609375 0.0375
2 0.43203125 0.49583333333333335 0.0078125 0.016666666666666666
2 0.442578125 0.4895833333333333 0.01015625 0.0125
2 0.475390625 0.48541666666666666 0.03046875 0.02361111111111111
2 0.4484375 0.5236111111111111 0.04375 0.05
2 0.490625 0.5527777777777778 0.146875 0.11666666666666667
2 0.66328125 0.4861111111111111 0.0375 0.03611111111111111
2 0.705859375 0.5736111111111111 0.18203125 0.12222222222222222
2 0.9375 0.575 0.121875 0.1361111111111111
2 0.14375 0.6083333333333333 0.2875 0.19722222222222222
1 0.497265625 0.5444444444444444 0.02890625 0.09444444444444444
8 0.769140625 0.4361111111111111 0.01328125 0.027777777777777776
2 0.71484375 0.49166666666666664 0.0328125 0.027777777777777776
2 0.855078125 0.4875 0.04765625 0.019444444444444445
9 0.855078125 0.4326388888888889 0.01015625 0.02361111111111111
9 0.755859375 0.42986111111111114 0.01328125 0.018055555555555554
