9 0.0140625 0.3229166666666667 0.01875 0.034722222222222224
9 0.015625 0.36180555555555555 0.0203125 0.043055555555555555
9 0.04609375 0.3784722222222222 0.01875 0.029166666666666667
9 0.06796875 0.36944444444444446 0.0140625 0.027777777777777776
9 0.0671875 0.3993055555555556 0.0171875 0.02361111111111111
9 0.23203125 0.3625 0.059375 0.11388888888888889
9 0.287890625 0.2611111111111111 0.03828125 0.030555555555555555
9 0.33984375 0.3458333333333333 0.0171875 0.030555555555555555
9 0.474609375 0.3277777777777778 0.04921875 0.06666666666666667
9 0.84375 0.4722222222222222 0.015625 0.041666666666666664
9 0.28984375 0.38055555555555554 0.0140625 0.019444444444444445
3 0.948828125 0.3902777777777778 0.09921875 0.20277777777777778
2 0.2921875 0.41458333333333336 0.04375 0.0375
2 0.305859375 0.41597222222222224 0.03828125 0.043055555555555555
2 0.32109375 0.41875 0.021875 0.034722222222222224
