9 0.659765625 0.4798611111111111 0.00703125 0.020833333333333332
9 0.658984375 0.45555555555555555 0.01015625 0.011111111111111112
9 0.7 0.4666666666666667 0.009375 0.030555555555555555
8 0.61953125 0.49236111111111114 0.0078125 0.009722222222222222
8 0.5890625 0.49236111111111114 0.00625 0.009722222222222222
2 0.591015625 0.5395833333333333 0.01015625 0.03194444444444444
2 0.58046875 0.5402777777777777 0.0125 0.03611111111111111
2 0.57109375 0.5423611111111111 0.0140625 0.059722222222222225
2 0.55859375 0.5451388888888888 0.0359375 0.07361111111111111
2 0.621875 0.5430555555555555 0.0125 0.019444444444444445
2 0.633203125 0.54375 0.01484375 0.034722222222222224
2 0.6578125 0.5472222222222223 0.034375 0.06666666666666667
2 0.691015625 0.5534722222222223 0.03984375 0.08472222222222223
2 0.50390625 0.5486111111111112 0.0921875 0.1361111111111111
2 0.494921875 0.5729166666666666 0.06796875 0.1625
2 0.4125 0.5916666666666667 0.178125 0.26666666666666666
2 0.70703125 0.5673611111111111 0.046875 0.09861111111111111
2 0.762109375 0.5625 0.09609375 0.175
2 0.8640625 0.5972222222222222 0.2265625 0.25
2 0.212890625 0.7138888888888889 0.42578125 0.4722222222222222
2 0.9390625 0.6763888888888889 0.11875 0.4
