2 0.310546875 0.3590277777777778 0.04296875 0.13472222222222222
2 0.4828125 0.35 0.0390625 0.05555555555555555
2 0.45078125 0.3715277777777778 0.0484375 0.0763888888888889
2 0.655859375 0.39444444444444443 0.11015625 0.1638888888888889
2 0.18125 0.3951388888888889 0.225 0.39861111111111114
2 0.595703125 0.5277777777777778 0.33515625 0.38333333333333336
2 0.859375 0.5319444444444444 0.278125 0.25555555555555554
9 0.87890625 0.04236111111111111 0.05 0.0763888888888889
9 0.903515625 0.15347222222222223 0.06171875 0.09305555555555556
9 0.89609375 0.21944444444444444 0.0234375 0.044444444444444446
8 0.4671875 0.12569444444444444 0.01875 0.05138888888888889
8 0.6765625 0.2972222222222222 0.009375 0.027777777777777776
9 0.162890625 0.11597222222222223 0.01796875 0.018055555555555554
9 0.171484375 0.14375 0.02421875 0.018055555555555554
