2 0.244921875 0.45208333333333334 0.10859375 0.13194444444444445
2 0.901953125 0.5895833333333333 0.19453125 0.5708333333333333
2 0.352734375 0.44305555555555554 0.04609375 0.075
9 0.440625 0.3076388888888889 0.03125 0.04027777777777778
9 0.5125 0.3111111111111111 0.090625 0.09166666666666666
9 0.853125 0.3611111111111111 0.0421875 0.075
9 0.853515625 0.23472222222222222 0.01796875 0.04722222222222222
9 0.84765625 0.2722222222222222 0.0234375 0.025
9 0.87890625 0.28958333333333336 0.04375 0.02361111111111111
9 0.856640625 0.4284722222222222 0.03046875 0.03194444444444444
9 0.666796875 0.38263888888888886 0.01953125 0.0375
9 0.549609375 0.42916666666666664 0.01640625 0.016666666666666666
9 0.51875 0.4409722222222222 0.00625 0.020833333333333332
9 0.403125 0.33958333333333335 0.0109375 0.02638888888888889
2 0.387109375 0.44722222222222224 0.03046875 0.06111111111111111
2 0.4 0.44583333333333336 0.0265625 0.058333333333333334
2 0.415625 0.45 0.0109375 0.03611111111111111
2 0.42265625 0.4486111111111111 0.0109375 0.03333333333333333
2 0.428515625 0.45 0.01015625 0.03611111111111111
2 0.544140625 0.4618055555555556 0.00859375 0.020833333333333332
2 0.48046875 0.45416666666666666 0.0265625 0.03611111111111111
2 0.52890625 0.45902777777777776 0.025 0.03194444444444444
2 0.55625 0.4583333333333333 0.0078125 0.025
2 0.565234375 0.46111111111111114 0.02109375 0.03888888888888889
2 0.574609375 0.4638888888888889 0.01484375 0.03611111111111111
2 0.584375 0.46944444444444444 0.0171875 0.041666666666666664
2 0.59921875 0.4756944444444444 0.03125 0.04861111111111111
2 0.6296875 0.48125 0.0515625 0.06527777777777778
2 0.650390625 0.4951388888888889 0.04765625 0.06805555555555555
2 0.68828125 0.5069444444444444 0.06875 0.08333333333333333
2 0.740234375 0.5270833333333333 0.09609375 0.10972222222222222
2 0.828125 0.5347222222222222 0.1484375 0.19166666666666668
