8 0.638671875 0.3277777777777778 0.01484375 0.03888888888888889
8 0.62734375 0.55625 0.0078125 0.001388888888888889
8 0.522265625 0.34097222222222223 0.01171875 0.02638888888888889
8 0.76015625 0.13680555555555557 0.0203125 0.043055555555555555
8 0.573828125 0.3284722222222222 0.01796875 0.018055555555555554
8 0.690234375 0.3590277777777778 0.01015625 0.03194444444444444
8 0.703125 0.5215277777777778 0.015625 0.02638888888888889
8 0.441015625 0.55625 0.01328125 0.015277777777777777
2 0.04609375 0.6381944444444444 0.0578125 0.0625
2 0.112109375 0.6333333333333333 0.04765625 0.05555555555555555
2 0.146875 0.6340277777777777 0.0375 0.043055555555555555
2 0.19140625 0.6347222222222222 0.05625 0.05
2 0.91875 0.6298611111111111 0.1578125 0.13194444444444445
8 0.45859375 0.29305555555555557 0.0203125 0.05277777777777778
