9 0.96015625 0.4479166666666667 0.0203125 0.02638888888888889
9 0.80234375 0.4444444444444444 0.0078125 0.03888888888888889
9 0.766015625 0.45902777777777776 0.01484375 0.02638888888888889
9 0.737109375 0.4791666666666667 0.01796875 0.03611111111111111
9 0.712109375 0.4201388888888889 0.02734375 0.029166666666666667
9 0.430859375 0.34652777777777777 0.12890625 0.09027777777777778
2 0.4390625 0.5736111111111111 0.2359375 0.35833333333333334
2 0.883984375 0.6451388888888889 0.22890625 0.3958333333333333
2 0.55546875 0.5097222222222222 0.0484375 0.09166666666666666
2 0.5734375 0.48333333333333334 0.040625 0.044444444444444446
2 0.5921875 0.49722222222222223 0.0328125 0.06388888888888888
2 0.67109375 0.5583333333333333 0.2015625 0.20277777777777778
2 0.339453125 0.4395833333333333 0.02421875 0.029166666666666667
9 0.18984375 0.3854166666666667 0.021875 0.02361111111111111
9 0.1578125 0.3798611111111111 0.0265625 0.02638888888888889
9 0.11484375 0.37569444444444444 0.0140625 0.020833333333333332
9 0.094921875 0.36875 0.01328125 0.018055555555555554
9 0.0796875 0.36527777777777776 0.0109375 0.008333333333333333
2 0.326953125 0.43333333333333335 0.01953125 0.025
2 0.30390625 0.43194444444444446 0.0265625 0.022222222222222223
2 0.11328125 0.4340277777777778 0.015625 0.018055555555555554
2 0.083203125 0.4201388888888889 0.01640625 0.020833333333333332
2 0.060546875 0.4361111111111111 0.01640625 0.008333333333333333
8 0.134765625 0.40347222222222223 0.00546875 0.0125
8 0.11640625 0.40069444444444446 0.0078125 0.009722222222222222
8 0.102734375 0.3993055555555556 0.00703125 0.009722222222222222
8 0.09453125 0.39861111111111114 0.00625 0.013888888888888888
8 0.069921875 0.39375 0.00703125 0.009722222222222222
8 0.04765625 0.4013888888888889 0.00625 0.008333333333333333
