2 0.06796875 0.6618055555555555 0.134375 0.14027777777777778
2 0.890625 0.6576388888888889 0.215625 0.20972222222222223
2 0.3296875 0.6319444444444444 0.0625 0.075
2 0.446484375 0.6319444444444444 0.06328125 0.10833333333333334
2 0.560546875 0.6173611111111111 0.08203125 0.14583333333333334
2 0.66875 0.6493055555555556 0.0890625 0.10972222222222222
2 0.17265625 0.6402777777777777 0.0796875 0.09166666666666666
2 0.24609375 0.6319444444444444 0.05625 0.06666666666666667
2 0.21640625 0.6381944444444444 0.0125 0.0375
2 0.367578125 0.6236111111111111 0.02578125 0.05
2 0.509375 0.6243055555555556 0.0203125 0.04027777777777778
2 0.4890625 0.6208333333333333 0.0265625 0.041666666666666664
2 0.39921875 0.6201388888888889 0.0234375 0.034722222222222224
2 0.38359375 0.6194444444444445 0.0125 0.041666666666666664
9 0.928125 0.4305555555555556 0.028125 0.03333333333333333
