8 0.274609375 0.6930555555555555 0.01484375 0.019444444444444445
8 0.315234375 0.7201388888888889 0.01171875 0.015277777777777777
8 0.2765625 0.7319444444444444 0.0078125 0.016666666666666666
8 0.371484375 0.7395833333333334 0.01015625 0.015277777777777777
9 0.2296875 0.7041666666666667 0.0109375 0.016666666666666666
9 0.44609375 0.6270833333333333 0.0296875 0.05138888888888889
9 0.366015625 0.6993055555555555 0.01328125 0.020833333333333332
9 0.3640625 0.7194444444444444 0.009375 0.013888888888888888
9 0.38828125 0.7076388888888889 0.01875 0.009722222222222222
2 0.318359375 0.7534722222222222 0.01796875 0.018055555555555554
2 0.30390625 0.7493055555555556 0.0125 0.015277777777777777
2 0.287890625 0.7625 0.01484375 0.027777777777777776
2 0.24140625 0.7715277777777778 0.0140625 0.034722222222222224
2 0.225390625 0.7722222222222223 0.01796875 0.03611111111111111
2 0.16875 0.7673611111111112 0.025 0.043055555555555555
2 0.144140625 0.7756944444444445 0.04296875 0.04583333333333333
2 0.097265625 0.7833333333333333 0.05390625 0.058333333333333334
2 0.3734375 0.7756944444444445 0.0203125 0.0375
2 0.389453125 0.7951388888888888 0.04296875 0.05138888888888889
2 0.348828125 0.7798611111111111 0.02578125 0.0375
2 0.305078125 0.7777777777777778 0.02734375 0.03888888888888889
2 0.269921875 0.7736111111111111 0.02578125 0.03333333333333333
2 0.201953125 0.7743055555555556 0.03828125 0.05694444444444444
2 0.04296875 0.8027777777777778 0.0859375 0.1638888888888889
2 0.46171875 0.7986111111111112 0.1203125 0.17222222222222222
9 0.778125 0.5375 0.0328125 0.06111111111111111
9 0.7765625 0.5965277777777778 0.03125 0.04861111111111111
2 0.6203125 0.8409722222222222 0.1296875 0.1375
2 0.78515625 0.825 0.2453125 0.25
2 0.9109375 0.8708333333333333 0.171875 0.24444444444444444
