2 0.16796875 0.5125 0.3359375 0.3472222222222222
2 0.517578125 0.34930555555555554 0.01796875 0.018055555555555554
2 0.56953125 0.34375 0.0203125 0.020833333333333332
2 0.440234375 0.36041666666666666 0.02265625 0.034722222222222224
2 0.369140625 0.37916666666666665 0.04921875 0.03888888888888889
9 0.440625 0.33611111111111114 0.0078125 0.013888888888888888
9 0.55234375 0.3145833333333333 0.0078125 0.015277777777777777
9 0.55234375 0.34652777777777777 0.009375 0.006944444444444444
9 0.570703125 0.29375 0.01953125 0.02361111111111111
9 0.529296875 0.3263888888888889 0.00546875 0.013888888888888888
