8 0.342578125 0.2965277777777778 0.01015625 0.043055555555555555
8 0.212890625 0.2916666666666667 0.01171875 0.04722222222222222
2 0.0671875 0.5368055555555555 0.134375 0.39861111111111114
2 0.271484375 0.46875 0.07578125 0.10416666666666667
2 0.376953125 0.4576388888888889 0.07265625 0.1125
2 0.334765625 0.45208333333333334 0.02734375 0.05694444444444444
2 0.219140625 0.44375 0.02109375 0.04583333333333333
2 0.34375 0.41597222222222224 0.021875 0.02361111111111111
2 0.30703125 0.43125 0.0234375 0.04027777777777778
9 0.253515625 0.3590277777777778 0.02421875 0.018055555555555554
8 0.28125 0.36180555555555555 0.009375 0.018055555555555554
9 0.950390625 0.0625 0.09453125 0.11944444444444445
8 0.05625 0.38263888888888886 0.0078125 0.015277777777777777
8 0.38984375 0.3645833333333333 0.0046875 0.015277777777777777
4 0.312890625 0.40069444444444446 0.02421875 0.020833333333333332
