2 0.370703125 0.41180555555555554 0.01484375 0.034722222222222224
2 0.3515625 0.4076388888888889 0.0265625 0.05138888888888889
2 0.337109375 0.4131944444444444 0.02421875 0.05138888888888889
2 0.3234375 0.4166666666666667 0.0171875 0.058333333333333334
2 0.257421875 0.42430555555555555 0.02265625 0.05694444444444444
2 0.42265625 0.40625 0.01875 0.04027777777777778
2 0.43203125 0.41944444444444445 0.015625 0.06944444444444445
2 0.468359375 0.4395833333333333 0.08359375 0.1486111111111111
2 0.5 0.48541666666666666 0.1171875 0.1736111111111111
1 0.0703125 0.4423611111111111 0.04375 0.17083333333333334
1 0.59765625 0.4534722222222222 0.0359375 0.1625
9 0.564453125 0.28055555555555556 0.01953125 0.030555555555555555
8 0.987109375 0.2222222222222222 0.02421875 0.07777777777777778
9 0.36484375 0.37222222222222223 0.0078125 0.022222222222222223
