9 0.662890625 0.36041666666666666 0.02578125 0.015277777777777777
9 0.7359375 0.38333333333333336 0.0203125 0.016666666666666666
9 0.687109375 0.34791666666666665 0.02265625 0.020833333333333332
9 0.072265625 0.3854166666666667 0.00859375 0.029166666666666667
9 0.1328125 0.38263888888888886 0.0140625 0.02638888888888889
9 0.13359375 0.4131944444444444 0.0140625 0.034722222222222224
9 0.14765625 0.4097222222222222 0.0125 0.022222222222222223
9 0.22890625 0.3993055555555556 0.0078125 0.006944444444444444
9 0.23046875 0.41180555555555554 0.0109375 0.018055555555555554
8 0.333203125 0.40902777777777777 0.00859375 0.020833333333333332
8 0.2859375 0.40347222222222223 0.0078125 0.018055555555555554
8 0.258203125 0.38958333333333334 0.00859375 0.018055555555555554
2 0.242578125 0.4354166666666667 0.02578125 0.03194444444444444
2 0.306640625 0.44027777777777777 0.03359375 0.03611111111111111
2 0.27578125 0.4548611111111111 0.0453125 0.06805555555555555
2 0.809375 0.4652777777777778 0.0875 0.058333333333333334
2 0.66640625 0.4930555555555556 0.0859375 0.20555555555555555
2 0.48203125 0.5055555555555555 0.3390625 0.5361111111111111
9 0.910546875 0.2798611111111111 0.05703125 0.0875
9 0.908203125 0.3645833333333333 0.06484375 0.0763888888888889
