9 0.335546875 0.4131944444444444 0.04453125 0.07916666666666666
9 0.83984375 0.3972222222222222 0.040625 0.06666666666666667
2 0.553125 0.5208333333333334 0.01875 0.030555555555555555
2 0.540625 0.5340277777777778 0.01875 0.05138888888888889
2 0.52109375 0.5354166666666667 0.028125 0.04861111111111111
2 0.569140625 0.5284722222222222 0.02421875 0.04583333333333333
2 0.510546875 0.5430555555555555 0.03828125 0.04722222222222222
2 0.441015625 0.5847222222222223 0.09765625 0.11666666666666667
2 0.6 0.5368055555555555 0.0453125 0.06527777777777778
2 0.63203125 0.5444444444444444 0.0140625 0.05
2 0.65 0.5472222222222223 0.025 0.05555555555555555
2 0.662890625 0.5493055555555556 0.03515625 0.06527777777777778
2 0.669140625 0.5597222222222222 0.02734375 0.06666666666666667
2 0.741015625 0.5583333333333333 0.12734375 0.15555555555555556
