1 0.526953125 0.4479166666666667 0.02890625 0.06527777777777778
2 0.50703125 0.4354166666666667 0.01875 0.0375
2 0.47890625 0.45694444444444443 0.0515625 0.06944444444444445
2 0.54453125 0.42569444444444443 0.0109375 0.015277777777777777
2 0.55390625 0.42986111111111114 0.0046875 0.02361111111111111
2 0.562890625 0.4354166666666667 0.02109375 0.034722222222222224
2 0.624609375 0.4444444444444444 0.02578125 0.03888888888888889
2 0.394921875 0.5069444444444444 0.15078125 0.17777777777777778
2 0.586328125 0.4548611111111111 0.03828125 0.05694444444444444
2 0.662109375 0.46041666666666664 0.05234375 0.0625
2 0.8734375 0.5208333333333334 0.19375 0.175
