9 0.399609375 0.2652777777777778 0.06171875 0.05277777777777778
2 0.166015625 0.21805555555555556 0.02109375 0.019444444444444445
2 0.714453125 0.2833333333333333 0.03203125 0.022222222222222223
2 0.23046875 0.3770833333333333 0.0234375 0.02361111111111111
2 0.172265625 0.3701388888888889 0.02890625 0.029166666666666667
2 0.104296875 0.3701388888888889 0.04609375 0.0375
2 0.418359375 0.39305555555555555 0.01484375 0.027777777777777776
2 0.4375 0.4041666666666667 0.015625 0.03611111111111111
2 0.3734375 0.4027777777777778 0.0171875 0.04722222222222222
3 0.202734375 0.36319444444444443 0.03203125 0.05138888888888889
2 0.397265625 0.4166666666666667 0.05078125 0.075
2 0.45859375 0.4097222222222222 0.0375 0.06111111111111111
2 0.656640625 0.4638888888888889 0.10546875 0.10833333333333334
2 0.250390625 0.3770833333333333 0.01953125 0.020833333333333332
