2 0.459375 0.5256944444444445 0.009375 0.015277777777777777
2 0.453515625 0.5305555555555556 0.01171875 0.019444444444444445
2 0.44921875 0.5340277777777778 0.0171875 0.020833333333333332
2 0.445703125 0.5388888888888889 0.01796875 0.022222222222222223
2 0.442578125 0.5520833333333334 0.01953125 0.029166666666666667
2 0.4265625 0.5618055555555556 0.028125 0.04583333333333333
2 0.48828125 0.5270833333333333 0.0125 0.015277777777777777
2 0.49453125 0.5326388888888889 0.015625 0.020833333333333332
2 0.496875 0.5381944444444444 0.01875 0.02361111111111111
2 0.50078125 0.5409722222222222 0.01875 0.02638888888888889
2 0.50390625 0.5479166666666667 0.0203125 0.02638888888888889
2 0.509375 0.5590277777777778 0.025 0.034722222222222224
2 0.359765625 0.6208333333333333 0.03984375 0.10277777777777777
2 0.321875 0.6152777777777778 0.0796875 0.14444444444444443
2 0.30546875 0.6270833333333333 0.0609375 0.16527777777777777
2 0.748046875 0.5972222222222222 0.03359375 0.03888888888888889
2 0.41328125 0.5743055555555555 0.03125 0.05416666666666667
2 0.526171875 0.5805555555555556 0.04140625 0.06111111111111111
2 0.61640625 0.6333333333333333 0.096875 0.1111111111111111
2 0.2 0.6215277777777778 0.21875 0.24305555555555555
2 0.876171875 0.75625 0.24609375 0.48194444444444445
2 0.469921875 0.5354166666666667 0.01640625 0.029166666666666667
8 0.38203125 0.43472222222222223 0.0265625 0.03888888888888889
