2 0.20625 0.35138888888888886 0.0125 0.016666666666666666
2 0.26640625 0.36736111111111114 0.0140625 0.02638888888888889
2 0.25078125 0.3798611111111111 0.0234375 0.034722222222222224
2 0.283203125 0.35347222222222224 0.01015625 0.015277777777777777
2 0.2875 0.3770833333333333 0.03125 0.02361111111111111
2 0.1796875 0.38125 0.0546875 0.0375
3 0.091796875 0.3375 0.06015625 0.041666666666666664
2 0.0890625 0.44027777777777777 0.178125 0.18333333333333332
9 0.015234375 0.15694444444444444 0.03046875 0.10555555555555556
9 0.171875 0.11666666666666667 0.0453125 0.027777777777777776
9 0.194140625 0.18125 0.09453125 0.1125
9 0.275390625 0.19722222222222222 0.01640625 0.06666666666666667
2 0.333203125 0.36666666666666664 0.01171875 0.022222222222222223
2 0.43046875 0.38055555555555554 0.015625 0.03333333333333333
2 0.41875 0.3875 0.009375 0.022222222222222223
2 0.40546875 0.39444444444444443 0.03125 0.04722222222222222
2 0.451953125 0.39375 0.02265625 0.04027777777777778
2 0.362109375 0.4236111111111111 0.08515625 0.10833333333333334
2 0.520703125 0.4 0.03359375 0.03611111111111111
2 0.558203125 0.40347222222222223 0.04140625 0.04583333333333333
