2 0.289453125 0.225 0.01171875 0.019444444444444445
2 0.30078125 0.23125 0.0171875 0.02638888888888889
2 0.278515625 0.22291666666666668 0.01328125 0.018055555555555554
4 0.24296875 0.2152777777777778 0.0296875 0.03333333333333333
3 0.266796875 0.21805555555555556 0.01953125 0.041666666666666664
2 0.247265625 0.2465277777777778 0.02421875 0.04583333333333333
2 0.22734375 0.2590277777777778 0.0390625 0.05416666666666667
2 0.17578125 0.2625 0.090625 0.125
2 0.126953125 0.2652777777777778 0.01640625 0.06666666666666667
2 0.113671875 0.2513888888888889 0.02734375 0.06388888888888888
3 0.06328125 0.24375 0.090625 0.12083333333333333
2 0.0296875 0.3173611111111111 0.059375 0.19027777777777777
2 0.323828125 0.2423611111111111 0.03203125 0.11527777777777778
2 0.52265625 0.3173611111111111 0.378125 0.6347222222222222
2 0.859765625 0.33611111111111114 0.27734375 0.5888888888888889
8 0.310546875 0.1625 0.01015625 0.022222222222222223
8 0.171484375 0.1625 0.01171875 0.025
8 0.155859375 0.1597222222222222 0.01171875 0.027777777777777776
8 0.112109375 0.1986111111111111 0.01171875 0.03333333333333333
9 0.09140625 0.17847222222222223 0.0140625 0.018055555555555554
9 0.127734375 0.16805555555555557 0.01640625 0.013888888888888888
9 0.334765625 0.1638888888888889 0.01640625 0.013888888888888888
9 0.706640625 0.1736111111111111 0.01796875 0.05
9 0.862109375 0.014583333333333334 0.02421875 0.029166666666666667
9 0.8609375 0.050694444444444445 0.025 0.04583333333333333
9 0.8609375 0.09305555555555556 0.034375 0.044444444444444446
