9 0.58359375 0.4909722222222222 0.021875 0.05138888888888889
2 0.452734375 0.5791666666666667 0.03828125 0.058333333333333334
2 0.869140625 0.5847222222222223 0.03515625 0.06388888888888888
2 0.83671875 0.5784722222222223 0.0328125 0.04027777777777778
2 0.787890625 0.5722222222222222 0.04765625 0.03333333333333333
2 0.754296875 0.575 0.02734375 0.03333333333333333
2 0.712890625 0.5756944444444444 0.03671875 0.02638888888888889
2 0.413671875 0.5631944444444444 0.02578125 0.020833333333333332
8 0.499609375 0.5361111111111111 0.01328125 0.019444444444444445
8 0.51484375 0.5416666666666666 0.0109375 0.019444444444444445
8 0.504296875 0.5583333333333333 0.00703125 0.019444444444444445
8 0.5140625 0.5541666666666667 0.00625 0.022222222222222223
