2 0.748828125 0.5791666666666667 0.04765625 0.05277777777777778
2 0.789453125 0.5854166666666667 0.04453125 0.04583333333333333
2 0.837890625 0.5944444444444444 0.05234375 0.058333333333333334
2 0.883984375 0.5951388888888889 0.05234375 0.08472222222222223
2 0.022265625 0.5652777777777778 0.04453125 0.06666666666666667
2 0.0828125 0.5666666666666667 0.06875 0.058333333333333334
2 0.43828125 0.5666666666666667 0.0375 0.04722222222222222
2 0.526953125 0.5527777777777778 0.01171875 0.016666666666666666
2 0.539453125 0.55 0.01328125 0.016666666666666666
2 0.604296875 0.5666666666666667 0.01484375 0.027777777777777776
2 0.673046875 0.6034722222222222 0.07890625 0.09583333333333334
2 0.56328125 0.5916666666666667 0.0546875 0.07777777777777778
2 0.181640625 0.6881944444444444 0.36328125 0.36527777777777776
9 0.013671875 0.4722222222222222 0.02578125 0.044444444444444446
9 0.12265625 0.45 0.025 0.013888888888888888
