8 0.340234375 0.3645833333333333 0.00859375 0.029166666666666667
8 0.302734375 0.39305555555555555 0.00390625 0.022222222222222223
8 0.065234375 0.36875 0.00859375 0.03194444444444444
8 0.084765625 0.4222222222222222 0.00859375 0.025
8 0.07578125 0.42986111111111114 0.0078125 0.0125
2 0.018359375 0.5708333333333333 0.03671875 0.2111111111111111
2 0.08359375 0.47847222222222224 0.0484375 0.05694444444444444
2 0.193359375 0.49930555555555556 0.08671875 0.11527777777777778
2 0.31484375 0.4986111111111111 0.0515625 0.08333333333333333
2 0.6609375 0.60625 0.2953125 0.32916666666666666
2 0.28515625 0.48680555555555555 0.0234375 0.034722222222222224
2 0.244140625 0.47847222222222224 0.02109375 0.018055555555555554
2 0.359765625 0.4840277777777778 0.00859375 0.020833333333333332
9 0.168359375 0.3861111111111111 0.02109375 0.013888888888888888
8 0.21328125 0.42083333333333334 0.0078125 0.027777777777777776
