8 0.4390625 0.2222222222222222 0.0109375 0.041666666666666664
8 0.239453125 0.16597222222222222 0.01796875 0.06805555555555555
8 0.255859375 0.17430555555555555 0.01015625 0.059722222222222225
8 0.45078125 0.2263888888888889 0.0109375 0.041666666666666664
8 0.43984375 0.37569444444444444 0.00625 0.018055555555555554
8 0.41171875 0.38125 0.0046875 0.018055555555555554
8 0.821484375 0.26319444444444445 0.01796875 0.05138888888888889
2 0.359765625 0.4152777777777778 0.00859375 0.022222222222222223
2 0.346484375 0.4076388888888889 0.00859375 0.018055555555555554
2 0.329296875 0.41458333333333336 0.01640625 0.02361111111111111
2 0.29375 0.4236111111111111 0.0296875 0.04722222222222222
2 0.25859375 0.43472222222222223 0.0265625 0.04722222222222222
2 0.215234375 0.4444444444444444 0.05703125 0.075
2 0.14453125 0.47430555555555554 0.1125 0.11527777777777778
2 0.016015625 0.54375 0.02890625 0.19027777777777777
2 0.41015625 0.41180555555555554 0.0234375 0.03194444444444444
2 0.38203125 0.42916666666666664 0.040625 0.06944444444444445
2 0.454296875 0.43194444444444446 0.04453125 0.05555555555555555
8 0.52109375 0.35833333333333334 0.0125 0.027777777777777776
8 0.53984375 0.3590277777777778 0.0203125 0.03194444444444444
2 0.76875 0.4354166666666667 0.1328125 0.09583333333333334
2 0.89296875 0.4388888888888889 0.146875 0.08055555555555556
