2 0.38203125 0.24375 0.0109375 0.02361111111111111
2 0.373046875 0.24444444444444444 0.01328125 0.030555555555555555
2 0.361328125 0.25277777777777777 0.02109375 0.04722222222222222
2 0.35234375 0.2590277777777778 0.0203125 0.05416666666666667
2 0.3375 0.26180555555555557 0.0265625 0.06527777777777778
2 0.31875 0.2659722222222222 0.034375 0.07361111111111111
2 0.305078125 0.2777777777777778 0.03828125 0.09166666666666666
2 0.2734375 0.28125 0.059375 0.11805555555555555
2 0.41640625 0.24375 0.0046875 0.02361111111111111
2 0.42109375 0.24583333333333332 0.00625 0.022222222222222223
2 0.427734375 0.24930555555555556 0.01484375 0.02638888888888889
2 0.4421875 0.25555555555555554 0.0359375 0.06111111111111111
2 0.452734375 0.26458333333333334 0.01484375 0.05138888888888889
2 0.4734375 0.2708333333333333 0.0515625 0.08611111111111111
2 0.4828125 0.2763888888888889 0.0359375 0.075
2 0.502734375 0.28541666666666665 0.03828125 0.09305555555555556
2 0.201171875 0.3020833333333333 0.13203125 0.16805555555555557
2 0.55625 0.31666666666666665 0.11875 0.15
