9 0.85625 0.09027777777777778 0.0203125 0.030555555555555555
9 0.85 0.04652777777777778 0.059375 0.03194444444444444
9 0.01328125 0.11944444444444445 0.0265625 0.019444444444444445
8 0.43125 0.15694444444444444 0.0078125 0.016666666666666666
8 0.341796875 0.1486111111111111 0.00859375 0.016666666666666666
2 0.95390625 0.3055555555555556 0.0890625 0.09166666666666666
2 0.984765625 0.4798611111111111 0.02734375 0.11805555555555555
2 0.907421875 0.26805555555555555 0.11640625 0.08333333333333333
2 0.08359375 0.29097222222222224 0.1671875 0.18194444444444444
2 0.17109375 0.25 0.0546875 0.07777777777777778
2 0.201953125 0.23055555555555557 0.02109375 0.03888888888888889
2 0.26953125 0.2125 0.0140625 0.016666666666666666
2 0.28515625 0.2423611111111111 0.0515625 0.0625
2 0.33984375 0.22916666666666666 0.0125 0.044444444444444446
2 0.31796875 0.23402777777777778 0.04375 0.05416666666666667
2 0.35390625 0.21944444444444444 0.0234375 0.03888888888888889
2 0.508203125 0.24375 0.02265625 0.05138888888888889
2 0.52421875 0.2520833333333333 0.0359375 0.05138888888888889
2 0.5515625 0.2625 0.065625 0.06944444444444445
2 0.475390625 0.22430555555555556 0.02265625 0.0375
2 0.4625 0.22291666666666668 0.009375 0.02361111111111111
2 0.379296875 0.21180555555555555 0.01640625 0.020833333333333332
2 0.4421875 0.21180555555555555 0.0109375 0.018055555555555554
2 0.43359375 0.2076388888888889 0.009375 0.018055555555555554
2 0.421484375 0.21041666666666667 0.01015625 0.0125
2 0.40546875 0.21388888888888888 0.0140625 0.016666666666666666
2 0.39140625 0.21180555555555555 0.0078125 0.018055555555555554
2 0.237109375 0.25625 0.08203125 0.09861111111111111
