8 0.734375 0.34930555555555554 0.015625 0.08194444444444444
9 0.7515625 0.3993055555555556 0.034375 0.018055555555555554
8 0.019140625 0.31527777777777777 0.01953125 0.08333333333333333
8 0.040625 0.3055555555555556 0.021875 0.10555555555555556
8 0.019140625 0.41805555555555557 0.01953125 0.03611111111111111
9 0.013671875 0.38055555555555554 0.02421875 0.027777777777777776
9 0.007421875 0.2048611111111111 0.01484375 0.0875
8 0.0171875 0.04722222222222222 0.0171875 0.04722222222222222
8 0.732421875 0.43125 0.01953125 0.034722222222222224
2 0.4828125 0.46944444444444444 0.0109375 0.022222222222222223
3 0.502734375 0.4597222222222222 0.02578125 0.05
2 0.5046875 0.475 0.0140625 0.025
2 0.51875 0.4777777777777778 0.0109375 0.027777777777777776
2 0.53515625 0.4875 0.034375 0.04722222222222222
2 0.55390625 0.4979166666666667 0.0359375 0.04861111111111111
2 0.463671875 0.4756944444444444 0.01953125 0.03194444444444444
2 0.4484375 0.4736111111111111 0.009375 0.022222222222222223
2 0.432421875 0.47638888888888886 0.02265625 0.027777777777777776
2 0.410546875 0.4777777777777778 0.00859375 0.027777777777777776
2 0.403125 0.47847222222222224 0.0078125 0.03194444444444444
2 0.391015625 0.47847222222222224 0.02109375 0.0375
2 0.37578125 0.4888888888888889 0.03125 0.044444444444444446
