8 0.394921875 0.4986111111111111 0.00703125 0.027777777777777776
8 0.38671875 0.49027777777777776 0.0078125 0.027777777777777776
8 0.437890625 0.5041666666666667 0.00546875 0.013888888888888888
9 0.445703125 0.4777777777777778 0.02421875 0.019444444444444445
9 0.371875 0.49236111111111114 0.0171875 0.0125
2 0.3875 0.5381944444444444 0.0140625 0.018055555555555554
2 0.433203125 0.5576388888888889 0.04609375 0.07083333333333333
2 0.479296875 0.5479166666666667 0.03203125 0.059722222222222225
2 0.308984375 0.5381944444444444 0.04140625 0.03194444444444444
8 0.460546875 0.4909722222222222 0.00703125 0.02361111111111111
