2 0.268359375 0.38333333333333336 0.02421875 0.025
2 0.3328125 0.3763888888888889 0.0234375 0.025
2 0.394140625 0.39791666666666664 0.02890625 0.043055555555555555
2 0.659765625 0.3993055555555556 0.03359375 0.034722222222222224
2 0.5890625 0.44583333333333336 0.1328125 0.175
9 0.6078125 0.2076388888888889 0.0265625 0.05694444444444444
9 0.12890625 0.23125 0.04375 0.0625
9 0.130078125 0.2861111111111111 0.02578125 0.03611111111111111
9 0.258203125 0.3277777777777778 0.02109375 0.03611111111111111
9 0.30859375 0.32708333333333334 0.009375 0.020833333333333332
9 0.3453125 0.3326388888888889 0.009375 0.015277777777777777
9 0.36015625 0.34652777777777777 0.009375 0.020833333333333332
9 0.469921875 0.3055555555555556 0.01640625 0.022222222222222223
9 0.423046875 0.2298611111111111 0.04921875 0.05416666666666667
9 0.481640625 0.3375 0.03359375 0.03333333333333333
