9 0.15 0.2861111111111111 0.0078125 0.022222222222222223
9 0.3390625 0.3173611111111111 0.0203125 0.018055555555555554
9 0.36796875 0.3236111111111111 0.0234375 0.016666666666666666
9 0.5765625 0.31875 0.0234375 0.020833333333333332
9 0.5765625 0.3638888888888889 0.0171875 0.04722222222222222
9 0.903125 0.19583333333333333 0.03125 0.022222222222222223
9 0.8921875 0.3111111111111111 0.0265625 0.06666666666666667
9 0.8890625 0.36666666666666664 0.01875 0.027777777777777776
9 0.8390625 0.38958333333333334 0.0171875 0.02361111111111111
9 0.842578125 0.36875 0.01953125 0.018055555555555554
9 0.919921875 0.2625 0.03359375 0.013888888888888888
9 0.91328125 0.24583333333333332 0.0203125 0.022222222222222223
9 0.90859375 0.22708333333333333 0.0109375 0.018055555555555554
8 0.14453125 0.2048611111111111 0.0109375 0.05416666666666667
8 0.27890625 0.1673611111111111 0.0140625 0.059722222222222225
8 0.619921875 0.1986111111111111 0.01171875 0.06666666666666667
8 0.853125 0.39861111111111114 0.0125 0.016666666666666666
8 0.155078125 0.21805555555555556 0.01015625 0.041666666666666664
8 0.295703125 0.16666666666666666 0.01171875 0.05
8 0.60703125 0.19375 0.0140625 0.05138888888888889
8 0.63046875 0.19375 0.009375 0.04861111111111111
8 0.921875 0.35347222222222224 0.0296875 0.034722222222222224
1 0.7828125 0.47152777777777777 0.0265625 0.10972222222222222
1 0.809765625 0.47638888888888886 0.02890625 0.13055555555555556
1 0.17578125 0.36944444444444446 0.0109375 0.030555555555555555
2 0.0453125 0.5375 0.090625 0.24166666666666667
2 0.266015625 0.4340277777777778 0.08671875 0.09861111111111111
2 0.008203125 0.37777777777777777 0.01640625 0.019444444444444445
2 0.036328125 0.3840277777777778 0.03984375 0.02638888888888889
2 0.05 0.3597222222222222 0.0265625 0.025
2 0.22421875 0.4048611111111111 0.0453125 0.07361111111111111
2 0.326953125 0.42291666666666666 0.04296875 0.05694444444444444
2 0.465625 0.41944444444444445 0.03125 0.05277777777777778
2 0.351953125 0.3958333333333333 0.01796875 0.030555555555555555
2 0.316796875 0.3798611111111111 0.01640625 0.018055555555555554
2 0.33046875 0.3729166666666667 0.0109375 0.0125
2 0.346875 0.3770833333333333 0.0125 0.018055555555555554
3 0.415234375 0.4152777777777778 0.07734375 0.15833333333333333
