9 0.38984375 0.59375 0.015625 0.02361111111111111
9 0.428515625 0.5694444444444444 0.01171875 0.011111111111111112
9 0.42890625 0.5868055555555556 0.0078125 0.018055555555555554
2 0.0828125 0.675 0.165625 0.2222222222222222
2 0.269921875 0.7013888888888888 0.24765625 0.28055555555555556
2 0.1703125 0.6152777777777778 0.040625 0.04722222222222222
2 0.377734375 0.6513888888888889 0.03671875 0.11944444444444445
2 0.433203125 0.6236111111111111 0.03203125 0.04722222222222222
2 0.87578125 0.7430555555555556 0.24375 0.5055555555555555
2 0.707421875 0.6784722222222223 0.14765625 0.1736111111111111
2 0.63359375 0.6569444444444444 0.0578125 0.11944444444444445
2 0.602734375 0.64375 0.04609375 0.09305555555555556
2 0.5765625 0.6368055555555555 0.021875 0.0763888888888889
2 0.558984375 0.6354166666666666 0.01015625 0.0625
2 0.546484375 0.6256944444444444 0.01015625 0.05416666666666667
2 0.53984375 0.6194444444444445 0.015625 0.044444444444444446
2 0.528125 0.61875 0.009375 0.0375
2 0.450390625 0.6180555555555556 0.01796875 0.044444444444444446
