9 0.792578125 0.4375 0.02265625 0.016666666666666666
9 0.569140625 0.4173611111111111 0.02890625 0.009722222222222222
9 0.5453125 0.42916666666666664 0.0140625 0.013888888888888888
9 0.535546875 0.40902777777777777 0.01015625 0.009722222222222222
9 0.134375 0.2763888888888889 0.0109375 0.08611111111111111
9 0.14609375 0.0798611111111111 0.0265625 0.05138888888888889
9 0.097265625 0.09097222222222222 0.04765625 0.029166666666666667
9 0.134375 0.41388888888888886 0.0125 0.03611111111111111
2 0.512109375 0.45208333333333334 0.01015625 0.0125
2 0.630859375 0.47430555555555554 0.00703125 0.0125
2 0.638671875 0.47847222222222224 0.00859375 0.020833333333333332
2 0.602734375 0.4777777777777778 0.01328125 0.019444444444444445
2 0.623828125 0.47430555555555554 0.00859375 0.015277777777777777
2 0.836328125 0.49027777777777776 0.07421875 0.03611111111111111
2 0.68125 0.48333333333333334 0.01875 0.025
2 0.649609375 0.4798611111111111 0.01484375 0.018055555555555554
2 0.617578125 0.48055555555555557 0.01484375 0.019444444444444445
2 0.5828125 0.48333333333333334 0.0234375 0.030555555555555555
2 0.513671875 0.4423611111111111 0.01328125 0.0125
2 0.55390625 0.44027777777777777 0.0109375 0.008333333333333333
2 0.527734375 0.44166666666666665 0.01171875 0.011111111111111112
2 0.543359375 0.44305555555555554 0.01796875 0.013888888888888888
2 0.4984375 0.44027777777777777 0.0140625 0.016666666666666666
2 0.4890625 0.4465277777777778 0.0125 0.018055555555555554
2 0.47890625 0.44513888888888886 0.0109375 0.009722222222222222
2 0.46640625 0.4486111111111111 0.015625 0.013888888888888888
2 0.45 0.4479166666666667 0.021875 0.015277777777777777
2 0.432421875 0.4465277777777778 0.01015625 0.020833333333333332
2 0.423828125 0.4479166666666667 0.01640625 0.015277777777777777
2 0.41015625 0.44930555555555557 0.015625 0.018055555555555554
2 0.391015625 0.44930555555555557 0.02578125 0.015277777777777777
2 0.35546875 0.4465277777777778 0.0265625 0.018055555555555554
2 0.332421875 0.44375 0.02578125 0.0125
2 0.29375 0.44375 0.028125 0.02361111111111111
2 0.275 0.44375 0.01875 0.015277777777777777
2 0.252734375 0.44027777777777777 0.03359375 0.022222222222222223
2 0.207421875 0.43333333333333335 0.05234375 0.027777777777777776
2 0.155859375 0.4354166666666667 0.03515625 0.02638888888888889
2 0.06484375 0.42916666666666664 0.034375 0.030555555555555555
2 0.115625 0.44027777777777777 0.0859375 0.06666666666666667
