2 0.241796875 0.5013888888888889 0.03046875 0.06944444444444445
2 0.5390625 0.5048611111111111 0.059375 0.08194444444444444
2 0.58984375 0.5090277777777777 0.0546875 0.11527777777777778
2 0.6453125 0.5194444444444445 0.1015625 0.18055555555555555
3 0.831640625 0.5548611111111111 0.33359375 0.4125
3 0.10859375 0.375 0.2171875 0.44166666666666665
2 0.380859375 0.5222222222222223 0.26640625 0.41944444444444445
8 0.464453125 0.3076388888888889 0.00703125 0.034722222222222224
8 0.45703125 0.3111111111111111 0.00625 0.027777777777777776
8 0.666796875 0.3729166666666667 0.02578125 0.0375
8 0.58984375 0.4270833333333333 0.015625 0.020833333333333332
9 0.801953125 0.28680555555555554 0.03359375 0.12361111111111112
9 0.1921875 0.39375 0.015625 0.020833333333333332
9 0.580859375 0.375 0.02109375 0.016666666666666666
9 0.544140625 0.44375 0.00703125 0.018055555555555554
8 0.637109375 0.2222222222222222 0.01171875 0.05277777777777778
