9 0.169140625 0.30416666666666664 0.02734375 0.022222222222222223
9 0.1828125 0.32708333333333334 0.0328125 0.020833333333333332
9 0.187890625 0.3486111111111111 0.01953125 0.016666666666666666
9 0.903515625 0.3194444444444444 0.04453125 0.025
9 0.7671875 0.41875 0.021875 0.03194444444444444
8 0.2953125 0.1388888888888889 0.015625 0.07222222222222222
8 0.928125 0.4340277777777778 0.021875 0.043055555555555555
8 0.162890625 0.40069444444444446 0.02734375 0.04027777777777778
8 0.625 0.2152777777777778 0.0125 0.058333333333333334
8 0.3203125 0.1486111111111111 0.0203125 0.075
8 0.586328125 0.4048611111111111 0.00546875 0.02361111111111111
2 0.315625 0.50625 0.115625 0.13194444444444445
2 0.49296875 0.4888888888888889 0.025 0.030555555555555555
2 0.53046875 0.4708333333333333 0.025 0.03888888888888889
8 0.513671875 0.4388888888888889 0.01015625 0.011111111111111112
9 0.51484375 0.4263888888888889 0.0109375 0.008333333333333333
2 0.50546875 0.4722222222222222 0.034375 0.05277777777777778
3 0.61015625 0.4701388888888889 0.0109375 0.02361111111111111
4 0.6296875 0.4736111111111111 0.0125 0.025
2 0.577734375 0.47291666666666665 0.01328125 0.02361111111111111
2 0.68359375 0.49027777777777776 0.0375 0.04722222222222222
2 0.591796875 0.47708333333333336 0.01484375 0.020833333333333332
2 0.5578125 0.4618055555555556 0.0203125 0.04027777777777778
3 0.42421875 0.4673611111111111 0.1171875 0.19027777777777777
9 0.7671875 0.4423611111111111 0.0203125 0.015277777777777777
