3 0.59609375 0.5145833333333333 0.090625 0.15694444444444444
2 0.680078125 0.5708333333333333 0.01953125 0.03333333333333333
2 0.518359375 0.5638888888888889 0.09921875 0.1111111111111111
2 0.39765625 0.5875 0.1234375 0.15
2 0.153125 0.6131944444444445 0.30625 0.3763888888888889
9 0.26328125 0.4465277777777778 0.0234375 0.02638888888888889
9 0.340625 0.5333333333333333 0.025 0.027777777777777776
9 0.35703125 0.5173611111111112 0.00625 0.020833333333333332
9 0.55 0.42569444444444443 0.0265625 0.05694444444444444
9 0.678515625 0.5618055555555556 0.01015625 0.018055555555555554
9 0.275390625 0.525 0.01640625 0.025
