8 0.351171875 0.4166666666666667 0.00703125 0.025
8 0.497265625 0.4465277777777778 0.00703125 0.02361111111111111
8 0.3390625 0.48333333333333334 0.00625 0.013888888888888888
8 0.50234375 0.5090277777777777 0.0109375 0.020833333333333332
8 0.398046875 0.4909722222222222 0.00546875 0.015277777777777777
9 0.31484375 0.41597222222222224 0.03125 0.015277777777777777
9 0.49453125 0.4756944444444444 0.015625 0.0125
2 0.3 0.5409722222222222 0.021875 0.04861111111111111
2 0.287109375 0.5583333333333333 0.03984375 0.08611111111111111
2 0.335546875 0.5416666666666666 0.01796875 0.03888888888888889
2 0.366015625 0.5409722222222222 0.00859375 0.02638888888888889
2 0.376171875 0.54375 0.02265625 0.04027777777777778
2 0.391015625 0.5520833333333334 0.02734375 0.05416666666666667
1 0.346484375 0.5472222222222223 0.02109375 0.075
3 0.18125 0.44583333333333336 0.1984375 0.3972222222222222
3 0.760546875 0.4986111111111111 0.47734375 0.9972222222222222
3 0.1015625 0.6145833333333334 0.203125 0.3902777777777778
2 0.42734375 0.5409722222222222 0.0640625 0.12916666666666668
2 0.475390625 0.5555555555555556 0.01015625 0.030555555555555555
