2 0.050390625 0.7868055555555555 0.09921875 0.4152777777777778
3 0.90234375 0.6076388888888888 0.19375 0.7791666666666667
2 0.46796875 0.76875 0.246875 0.3458333333333333
2 0.70859375 0.6638888888888889 0.134375 0.2361111111111111
4 0.258203125 0.5631944444444444 0.24140625 0.3819444444444444
3 0.469921875 0.5006944444444444 0.13203125 0.1875
3 0.8046875 0.6361111111111111 0.1390625 0.19444444444444445
9 0.665234375 0.49375 0.04765625 0.04583333333333333
8 0.551953125 0.4986111111111111 0.00546875 0.025
8 0.60625 0.45208333333333334 0.00625 0.03194444444444444
8 0.7078125 0.5131944444444444 0.0109375 0.0375
8 0.597265625 0.4534722222222222 0.00859375 0.043055555555555555
9 0.117578125 0.4965277777777778 0.01953125 0.009722222222222222
9 0.115234375 0.525 0.01953125 0.03333333333333333
8 0.115234375 0.5590277777777778 0.01171875 0.018055555555555554
9 0.648046875 0.5645833333333333 0.02109375 0.03194444444444444
9 0.781640625 0.12291666666666666 0.06015625 0.14583333333333334
9 0.973046875 0.1423611111111111 0.05234375 0.25416666666666665
9 0.774609375 0.3458333333333333 0.01328125 0.027777777777777776
9 0.71171875 0.36875 0.0125 0.04583333333333333
