8 0.551953125 0.35347222222222224 0.00703125 0.043055555555555555
8 0.670703125 0.3611111111111111 0.00859375 0.03611111111111111
8 0.4828125 0.4375 0.009375 0.030555555555555555
8 0.165625 0.3951388888888889 0.009375 0.04861111111111111
9 0.219140625 0.4041666666666667 0.01484375 0.013888888888888888
9 0.680078125 0.28541666666666665 0.01015625 0.020833333333333332
2 0.29921875 0.5506944444444445 0.0140625 0.02638888888888889
2 0.2828125 0.5534722222222223 0.0140625 0.029166666666666667
2 0.26953125 0.5541666666666667 0.0125 0.025
2 0.25625 0.5527777777777778 0.0140625 0.030555555555555555
2 0.2421875 0.5548611111111111 0.0140625 0.034722222222222224
2 0.700390625 0.5402777777777777 0.03359375 0.03888888888888889
2 0.65 0.5618055555555556 0.0765625 0.1486111111111111
2 0.594921875 0.5861111111111111 0.09453125 0.21666666666666667
8 0.60703125 0.46944444444444444 0.0109375 0.016666666666666666
8 0.6515625 0.41388888888888886 0.009375 0.03611111111111111
2 0.0421875 0.5694444444444444 0.084375 0.06111111111111111
2 0.144140625 0.5590277777777778 0.02890625 0.03194444444444444
2 0.10859375 0.5625 0.028125 0.03333333333333333
2 0.191015625 0.575 0.06796875 0.09444444444444444
2 0.8484375 0.6138888888888889 0.3015625 0.5277777777777778
2 0.446875 0.6680555555555555 0.3609375 0.4111111111111111
9 0.55078125 0.31805555555555554 0.009375 0.016666666666666666
9 0.60703125 0.4534722222222222 0.009375 0.015277777777777777
9 0.48359375 0.41388888888888886 0.0078125 0.008333333333333333
