2 0.182421875 0.6027777777777777 0.36484375 0.5027777777777778
2 0.48828125 0.5409722222222222 0.03125 0.04861111111111111
2 0.51484375 0.5416666666666666 0.03125 0.08333333333333333
2 0.38671875 0.5270833333333333 0.0734375 0.10416666666666667
3 0.45 0.5166666666666667 0.0546875 0.08888888888888889
2 0.667578125 0.5576388888888889 0.10078125 0.2125
2 0.3328125 0.5381944444444444 0.0453125 0.07083333333333333
1 0.369140625 0.53125 0.03046875 0.07361111111111111
2 0.599609375 0.6083333333333333 0.20390625 0.4
8 0.63125 0.33055555555555555 0.0109375 0.044444444444444446
8 0.735546875 0.4354166666666667 0.01015625 0.04583333333333333
8 0.748828125 0.4798611111111111 0.01953125 0.03194444444444444
8 0.490625 0.4652777777777778 0.00625 0.025
8 0.495703125 0.46597222222222223 0.00703125 0.02638888888888889
9 0.980859375 0.28125 0.03515625 0.043055555555555555
8 0.98515625 0.3638888888888889 0.028125 0.08333333333333333
