8 0.254296875 0.22291666666666668 0.01171875 0.0625
8 0.4296875 0.4166666666666667 0.0078125 0.030555555555555555
8 0.5453125 0.4048611111111111 0.009375 0.03194444444444444
8 0.54453125 0.45208333333333334 0.0078125 0.02361111111111111
8 0.468359375 0.45902777777777776 0.00546875 0.02361111111111111
8 0.490234375 0.48333333333333334 0.00546875 0.019444444444444445
8 0.63203125 0.11041666666666666 0.0203125 0.10416666666666667
8 0.53671875 0.40902777777777777 0.0109375 0.034722222222222224
8 0.65859375 0.10277777777777777 0.0234375 0.10277777777777777
8 0.61328125 0.46944444444444444 0.0125 0.016666666666666666
9 0.114453125 0.4513888888888889 0.01640625 0.03888888888888889
9 0.3859375 0.3951388888888889 0.021875 0.015277777777777777
9 0.386328125 0.4152777777777778 0.01328125 0.022222222222222223
9 0.429296875 0.4326388888888889 0.01484375 0.0125
9 0.427734375 0.44583333333333336 0.01015625 0.019444444444444445
9 0.573046875 0.4486111111111111 0.00859375 0.019444444444444445
9 0.865234375 0.26875 0.05078125 0.029166666666666667
9 0.868359375 0.3402777777777778 0.05859375 0.08888888888888889
9 0.36875 0.47291666666666665 0.0125 0.009722222222222222
8 0.3828125 0.4444444444444444 0.00625 0.022222222222222223
8 0.06640625 0.4486111111111111 0.01875 0.019444444444444445
9 0.232421875 0.4097222222222222 0.01484375 0.013888888888888888
2 0.03984375 0.49375 0.0671875 0.07083333333333333
2 0.095703125 0.5 0.03671875 0.03888888888888889
2 0.2390625 0.5090277777777777 0.0203125 0.04861111111111111
2 0.384765625 0.49930555555555556 0.03515625 0.04861111111111111
2 0.448046875 0.5159722222222223 0.01796875 0.029166666666666667
2 0.4875 0.5166666666666667 0.0109375 0.022222222222222223
2 0.499609375 0.5104166666666666 0.01640625 0.029166666666666667
2 0.512109375 0.5159722222222223 0.01640625 0.034722222222222224
2 0.520703125 0.49375 0.02578125 0.034722222222222224
2 0.55078125 0.49722222222222223 0.03125 0.041666666666666664
2 0.57265625 0.5222222222222223 0.0171875 0.041666666666666664
2 0.3171875 0.5201388888888889 0.0609375 0.059722222222222225
2 0.415625 0.5479166666666667 0.071875 0.10138888888888889
2 0.4703125 0.5166666666666667 0.03125 0.044444444444444446
2 0.59921875 0.5395833333333333 0.0578125 0.09583333333333334
2 0.538671875 0.5506944444444445 0.06953125 0.10694444444444444
