2 0.516796875 0.7493055555555556 0.01015625 0.0125
2 0.4984375 0.75 0.021875 0.016666666666666666
2 0.478125 0.7506944444444444 0.0140625 0.015277777777777777
2 0.461328125 0.7506944444444444 0.02109375 0.02361111111111111
2 0.439453125 0.7520833333333333 0.01796875 0.020833333333333332
2 0.36015625 0.7541666666666667 0.034375 0.03888888888888889
2 0.324609375 0.7618055555555555 0.05859375 0.04027777777777778
2 0.169140625 0.7680555555555556 0.13046875 0.075
2 0.62265625 0.7541666666666667 0.0140625 0.019444444444444445
2 0.60234375 0.7548611111111111 0.0328125 0.05138888888888889
2 0.641796875 0.7576388888888889 0.03359375 0.043055555555555555
2 0.651953125 0.7423611111111111 0.01015625 0.0125
2 0.6640625 0.7534722222222222 0.015625 0.0375
2 0.685546875 0.7583333333333333 0.04609375 0.06111111111111111
2 0.723046875 0.7597222222222222 0.05703125 0.09444444444444444
2 0.82734375 0.7701388888888889 0.246875 0.1486111111111111
2 0.904296875 0.7166666666666667 0.18203125 0.24444444444444444
2 0.557421875 0.7583333333333333 0.06796875 0.1111111111111111
9 0.560546875 0.6993055555555555 0.01640625 0.02361111111111111
9 0.590234375 0.7034722222222223 0.01640625 0.020833333333333332
8 0.5125 0.7208333333333333 0.009375 0.016666666666666666
8 0.503125 0.7201388888888889 0.0078125 0.018055555555555554
