9 0.54609375 0.4284722222222222 0.0203125 0.04861111111111111
2 0.4234375 0.5486111111111112 0.0203125 0.030555555555555555
2 0.4625 0.5458333333333333 0.025 0.025
2 0.63828125 0.5194444444444445 0.0859375 0.044444444444444446
2 0.673046875 0.5152777777777777 0.03671875 0.03611111111111111
2 0.72890625 0.5409722222222222 0.1015625 0.0875
2 0.97890625 0.51875 0.040625 0.07083333333333333
2 0.403125 0.5555555555555556 0.0328125 0.05
2 0.465234375 0.5548611111111111 0.03046875 0.0375
2 0.351953125 0.5694444444444444 0.06171875 0.08888888888888889
