8 0.4 0.3111111111111111 0.009375 0.027777777777777776
8 0.45703125 0.2951388888888889 0.0109375 0.020833333333333332
8 0.530078125 0.3298611111111111 0.01328125 0.009722222222222222
9 0.5203125 0.30069444444444443 0.0109375 0.0125
9 0.331640625 0.39375 0.01328125 0.015277777777777777
9 0.335546875 0.42777777777777776 0.01484375 0.013888888888888888
8 0.330859375 0.41180555555555554 0.01484375 0.018055555555555554
2 0.369140625 0.43472222222222223 0.02421875 0.019444444444444445
2 0.53125 0.3680555555555556 0.0328125 0.07222222222222222
2 0.53046875 0.3770833333333333 0.01875 0.06527777777777778
2 0.328515625 0.5111111111111111 0.10234375 0.1638888888888889
2 0.172265625 0.5784722222222223 0.15703125 0.17916666666666667
2 0.065625 0.7208333333333333 0.13125 0.25555555555555554
2 0.571484375 0.375 0.06484375 0.1
2 0.459375 0.4673611111111111 0.1703125 0.29583333333333334
2 0.726953125 0.35138888888888886 0.24296875 0.3527777777777778
2 0.88125 0.35555555555555557 0.234375 0.5027777777777778
