2 0.326171875 0.5097222222222222 0.07265625 0.05277777777777778
2 0.53125 0.4895833333333333 0.01875 0.03194444444444444
2 0.46796875 0.5486111111111112 0.134375 0.20555555555555555
2 0.2296875 0.5652777777777778 0.1390625 0.13055555555555556
8 0.3578125 0.35 0.0078125 0.027777777777777776
8 0.349609375 0.3506944444444444 0.00859375 0.029166666666666667
8 0.23203125 0.3680555555555556 0.0125 0.03611111111111111
8 0.35390625 0.38055555555555554 0.0078125 0.027777777777777776
8 0.5515625 0.30486111111111114 0.009375 0.034722222222222224
8 0.541015625 0.30486111111111114 0.00859375 0.03194444444444444
8 0.646875 0.2743055555555556 0.0125 0.04027777777777778
8 0.234765625 0.44166666666666665 0.01328125 0.022222222222222223
9 0.235546875 0.45902777777777776 0.01171875 0.0125
2 0.67734375 0.35138888888888886 0.215625 0.7
2 0.83359375 0.5625 0.3296875 0.5833333333333334
8 0.04375 0.4388888888888889 0.009375 0.025
