2 0.24765625 0.5930555555555556 0.0703125 0.08333333333333333
2 0.510546875 0.5722222222222222 0.04296875 0.05555555555555555
2 0.4375 0.5513888888888889 0.025 0.03888888888888889
2 0.363671875 0.5638888888888889 0.02421875 0.03888888888888889
2 0.292578125 0.59375 0.02421875 0.05138888888888889
2 0.384765625 0.5527777777777778 0.01796875 0.030555555555555555
2 0.319140625 0.5833333333333334 0.02890625 0.044444444444444446
2 0.3328125 0.5722222222222222 0.0234375 0.04722222222222222
2 0.48984375 0.5694444444444444 0.0234375 0.03611111111111111
2 0.48046875 0.5597222222222222 0.0203125 0.03611111111111111
2 0.39453125 0.5416666666666666 0.0171875 0.019444444444444445
2 0.40546875 0.5368055555555555 0.015625 0.02361111111111111
2 0.46953125 0.54375 0.0125 0.029166666666666667
9 0.6234375 0.4486111111111111 0.021875 0.022222222222222223
