9 0.61953125 0.59375 0.015625 0.029166666666666667
9 0.772265625 0.5048611111111111 0.07734375 0.034722222222222224
9 0.759765625 0.5770833333333333 0.10234375 0.12638888888888888
9 0.461328125 0.6277777777777778 0.01171875 0.013888888888888888
2 0.29921875 0.6395833333333333 0.025 0.020833333333333332
2 0.245703125 0.6263888888888889 0.02265625 0.022222222222222223
2 0.462890625 0.6548611111111111 0.01328125 0.034722222222222224
2 0.448828125 0.6541666666666667 0.01484375 0.041666666666666664
2 0.436328125 0.6541666666666667 0.02578125 0.058333333333333334
2 0.40859375 0.6583333333333333 0.0453125 0.08333333333333333
2 0.4734375 0.6493055555555556 0.0125 0.020833333333333332
2 0.738671875 0.66875 0.05390625 0.0375
2 0.652734375 0.6951388888888889 0.10390625 0.1375
2 0.1296875 0.6923611111111111 0.2578125 0.5208333333333334
2 0.94921875 0.8458333333333333 0.0984375 0.30277777777777776
2 0.34921875 0.6805555555555556 0.09375 0.11388888888888889
2 0.53515625 0.7368055555555556 0.165625 0.24305555555555555
2 0.923046875 0.6770833333333334 0.09609375 0.059722222222222225
2 0.892578125 0.6777777777777778 0.02734375 0.03611111111111111
