8 0.3765625 0.33958333333333335 0.009375 0.0375
8 0.58671875 0.37222222222222223 0.009375 0.022222222222222223
8 0.387109375 0.3368055555555556 0.01015625 0.0375
8 0.854296875 0.3861111111111111 0.01953125 0.03611111111111111
9 0.226953125 0.3798611111111111 0.02109375 0.015277777777777777
9 0.838671875 0.3548611111111111 0.02265625 0.029166666666666667
8 0.576171875 0.46319444444444446 0.00546875 0.006944444444444444
1 0.763671875 0.5131944444444444 0.02578125 0.12361111111111112
2 0.103515625 0.43125 0.02109375 0.034722222222222224
2 0.49140625 0.5 0.0140625 0.025
2 0.478125 0.5013888888888889 0.0140625 0.022222222222222223
2 0.4640625 0.5020833333333333 0.0140625 0.02638888888888889
2 0.44765625 0.5055555555555555 0.021875 0.027777777777777776
2 0.426171875 0.5076388888888889 0.01953125 0.043055555555555555
2 0.41171875 0.5076388888888889 0.0171875 0.04861111111111111
2 0.385546875 0.5118055555555555 0.04140625 0.059722222222222225
2 0.3421875 0.5145833333333333 0.040625 0.06805555555555555
2 0.3015625 0.5229166666666667 0.0484375 0.08194444444444444
2 0.24453125 0.5298611111111111 0.0890625 0.09305555555555556
2 0.146484375 0.4979166666666667 0.02890625 0.020833333333333332
2 0.105078125 0.4861111111111111 0.03203125 0.019444444444444445
2 0.183984375 0.49930555555555556 0.02578125 0.034722222222222224
2 0.609375 0.5055555555555555 0.025 0.03611111111111111
3 0.541015625 0.4534722222222222 0.04453125 0.04027777777777778
2 0.55078125 0.56875 0.1390625 0.1986111111111111
2 0.9109375 0.5819444444444445 0.1765625 0.325
9 0.67421875 0.40555555555555556 0.0171875 0.008333333333333333
9 0.62421875 0.43680555555555556 0.0109375 0.009722222222222222
9 0.602734375 0.47152777777777777 0.00859375 0.018055555555555554
