2 0.424609375 0.38125 0.01171875 0.034722222222222224
2 0.4 0.38055555555555554 0.0421875 0.06666666666666667
2 0.344921875 0.39305555555555555 0.09609375 0.125
2 0.260546875 0.3951388888888889 0.07890625 0.09583333333333334
2 0.2 0.3645833333333333 0.0390625 0.029166666666666667
2 0.221875 0.38958333333333334 0.0140625 0.04861111111111111
2 0.16953125 0.3784722222222222 0.0140625 0.020833333333333332
2 0.19375 0.3951388888888889 0.0484375 0.05416666666666667
2 0.089453125 0.40347222222222223 0.03046875 0.06805555555555555
2 0.130078125 0.4013888888888889 0.08046875 0.08611111111111111
4 0.038671875 0.3840277777777778 0.07734375 0.14027777777777778
2 0.4625 0.40208333333333335 0.0765625 0.1125
2 0.521484375 0.37222222222222223 0.02265625 0.11666666666666667
2 0.571484375 0.375 0.09609375 0.15
2 0.85546875 0.4395833333333333 0.284375 0.6458333333333334
9 0.6546875 0.20277777777777778 0.025 0.04722222222222222
9 0.923046875 0.12430555555555556 0.03828125 0.0763888888888889
