8 0.680859375 0.4638888888888889 0.00703125 0.030555555555555555
8 0.6828125 0.5034722222222222 0.0109375 0.018055555555555554
8 0.583984375 0.36944444444444446 0.01015625 0.03888888888888889
8 0.319140625 0.4361111111111111 0.00859375 0.016666666666666666
8 0.31328125 0.4847222222222222 0.009375 0.013888888888888888
9 0.323828125 0.4 0.01640625 0.03611111111111111
9 0.32890625 0.47152777777777777 0.03125 0.0125
9 0.075390625 0.30277777777777776 0.03515625 0.030555555555555555
9 0.85625 0.3902777777777778 0.01875 0.04722222222222222
9 0.862890625 0.3104166666666667 0.02578125 0.09027777777777778
9 0.676953125 0.4111111111111111 0.01484375 0.03333333333333333
9 0.76171875 0.3798611111111111 0.015625 0.02638888888888889
9 0.61484375 0.38819444444444445 0.025 0.020833333333333332
2 0.402734375 0.5270833333333333 0.00546875 0.02638888888888889
2 0.39765625 0.5284722222222222 0.0109375 0.03194444444444444
2 0.4328125 0.5201388888888889 0.0078125 0.015277777777777777
2 0.441796875 0.5284722222222222 0.01171875 0.02361111111111111
2 0.475 0.5243055555555556 0.0171875 0.02361111111111111
2 0.50234375 0.5215277777777778 0.009375 0.02638888888888889
2 0.553125 0.51875 0.015625 0.009722222222222222
2 0.56171875 0.53125 0.0109375 0.02361111111111111
2 0.57109375 0.5319444444444444 0.0171875 0.030555555555555555
2 0.58046875 0.5340277777777778 0.0171875 0.029166666666666667
2 0.518359375 0.5263888888888889 0.02265625 0.03611111111111111
2 0.489453125 0.5284722222222222 0.02109375 0.03194444444444444
2 0.540625 0.5472222222222223 0.0375 0.05
2 0.415234375 0.5277777777777778 0.02109375 0.027777777777777776
2 0.455078125 0.5381944444444444 0.03046875 0.034722222222222224
2 0.380859375 0.5298611111111111 0.03359375 0.043055555555555555
3 0.242578125 0.5125 0.09921875 0.06944444444444445
2 0.164453125 0.5361111111111111 0.08046875 0.06388888888888888
3 0.073828125 0.49930555555555556 0.12421875 0.17916666666666667
2 0.5953125 0.5402777777777777 0.0234375 0.03611111111111111
2 0.507421875 0.6402777777777777 0.12890625 0.18611111111111112
9 0.99296875 0.46319444444444446 0.0109375 0.0625
2 0.0234375 0.6034722222222222 0.046875 0.1486111111111111
2 0.833984375 0.6694444444444444 0.32578125 0.43333333333333335
