2 0.234375 0.6645833333333333 0.0953125 0.1125
2 0.37109375 0.6298611111111111 0.0421875 0.05416666666666667
2 0.52421875 0.76875 0.2046875 0.32916666666666666
2 0.415625 0.6166666666666667 0.0203125 0.030555555555555555
2 0.400390625 0.6166666666666667 0.01796875 0.027777777777777776
2 0.3453125 0.6229166666666667 0.021875 0.034722222222222224
2 0.31640625 0.6277777777777778 0.028125 0.030555555555555555
2 0.287890625 0.6375 0.01796875 0.03888888888888889
2 0.2828125 0.6444444444444445 0.021875 0.058333333333333334
2 0.183203125 0.6541666666666667 0.03515625 0.04722222222222222
2 0.15078125 0.6486111111111111 0.0390625 0.03611111111111111
2 0.12421875 0.66875 0.0890625 0.0763888888888889
2 0.47578125 0.6048611111111111 0.0078125 0.009722222222222222
2 0.484375 0.6034722222222222 0.0125 0.015277777777777777
2 0.497265625 0.6013888888888889 0.01171875 0.016666666666666666
2 0.513671875 0.5986111111111111 0.02265625 0.022222222222222223
2 0.530078125 0.6048611111111111 0.01328125 0.020833333333333332
2 0.5453125 0.6048611111111111 0.01875 0.029166666666666667
2 0.57421875 0.5916666666666667 0.009375 0.011111111111111112
2 0.562890625 0.6 0.01015625 0.019444444444444445
2 0.5703125 0.6097222222222223 0.0171875 0.025
2 0.587890625 0.6118055555555556 0.02265625 0.0375
2 0.662890625 0.6125 0.05078125 0.03888888888888889
2 0.69140625 0.6076388888888888 0.0140625 0.02638888888888889
2 0.7875 0.5854166666666667 0.0625 0.029166666666666667
2 0.82421875 0.5881944444444445 0.053125 0.02361111111111111
2 0.857421875 0.5875 0.04140625 0.016666666666666666
2 0.891015625 0.5763888888888888 0.01640625 0.011111111111111112
2 0.900390625 0.5840277777777778 0.05546875 0.02638888888888889
2 0.9671875 0.5743055555555555 0.0625 0.043055555555555555
2 0.969921875 0.58125 0.05703125 0.0375
2 0.85078125 0.64375 0.1203125 0.10972222222222222
2 0.9421875 0.6729166666666667 0.109375 0.12638888888888888
9 0.335546875 0.5347222222222222 0.02265625 0.025
9 0.451953125 0.5888888888888889 0.03671875 0.044444444444444446
2 0.115234375 0.6277777777777778 0.11484375 0.11944444444444445
2 0.08984375 0.825 0.1796875 0.3388888888888889
