9 0.455859375 0.425 0.01796875 0.03333333333333333
9 0.43984375 0.43819444444444444 0.0296875 0.04583333333333333
9 0.40625 0.43125 0.0515625 0.059722222222222225
2 0.34375 0.43333333333333335 0.0296875 0.027777777777777776
2 0.64453125 0.48194444444444445 0.0421875 0.041666666666666664
4 0.822265625 0.525 0.10078125 0.10833333333333334
2 0.73828125 0.5013888888888889 0.059375 0.05555555555555555
2 0.585546875 0.4326388888888889 0.01171875 0.02638888888888889
2 0.5765625 0.4340277777777778 0.0140625 0.02361111111111111
2 0.5375 0.4375 0.0171875 0.019444444444444445
2 0.510546875 0.4625 0.02890625 0.03888888888888889
2 0.53984375 0.4673611111111111 0.0265625 0.043055555555555555
2 0.134375 0.4465277777777778 0.0234375 0.029166666666666667
