8 0.451171875 0.5013888888888889 0.01328125 0.022222222222222223
8 0.466796875 0.5666666666666667 0.01171875 0.019444444444444445
8 0.44140625 0.5597222222222222 0.0109375 0.016666666666666666
8 0.368359375 0.49444444444444446 0.01484375 0.027777777777777776
8 0.3921875 0.55 0.0109375 0.016666666666666666
8 0.244921875 0.5333333333333333 0.01328125 0.016666666666666666
8 0.31171875 0.5097222222222222 0.0140625 0.019444444444444445
8 0.230859375 0.4361111111111111 0.01484375 0.027777777777777776
8 0.787890625 0.4597222222222222 0.01796875 0.025
2 0.423828125 0.5972222222222222 0.00859375 0.019444444444444445
2 0.43125 0.6090277777777777 0.0234375 0.05138888888888889
2 0.475 0.6111111111111112 0.015625 0.04722222222222222
2 0.413671875 0.5979166666666667 0.01796875 0.034722222222222224
2 0.28984375 0.6263888888888889 0.0578125 0.07777777777777778
2 0.18828125 0.6111111111111112 0.05 0.030555555555555555
2 0.56953125 0.5965277777777778 0.0203125 0.020833333333333332
2 0.555078125 0.59375 0.01640625 0.02638888888888889
2 0.5046875 0.6118055555555556 0.0546875 0.06805555555555555
2 0.4546875 0.6256944444444444 0.05625 0.0763888888888889
2 0.3609375 0.6340277777777777 0.090625 0.14027777777777778
2 0.753515625 0.65625 0.20390625 0.1986111111111111
9 0.570703125 0.5340277777777778 0.03359375 0.029166666666666667
9 0.5625 0.5576388888888889 0.015625 0.020833333333333332
8 0.543359375 0.5708333333333333 0.01015625 0.019444444444444445
