9 0.444921875 0.3861111111111111 0.02109375 0.058333333333333334
9 0.444921875 0.33541666666666664 0.01328125 0.0375
9 0.4359375 0.25416666666666665 0.0109375 0.058333333333333334
9 0.728515625 0.41875 0.01953125 0.05138888888888889
9 0.7296875 0.3611111111111111 0.0171875 0.05277777777777778
9 0.97421875 0.4166666666666667 0.040625 0.06944444444444445
9 0.979296875 0.3423611111111111 0.03046875 0.0763888888888889
2 0.97734375 0.4652777777777778 0.040625 0.041666666666666664
2 0.920703125 0.45902777777777776 0.04921875 0.034722222222222224
2 0.905859375 0.4409722222222222 0.03984375 0.02361111111111111
2 0.530859375 0.4284722222222222 0.03671875 0.034722222222222224
2 0.49609375 0.42916666666666664 0.0515625 0.03888888888888889
2 0.691796875 0.44930555555555557 0.03671875 0.04861111111111111
