9 0.18203125 0.41180555555555554 0.0265625 0.015277777777777777
9 0.223046875 0.33055555555555555 0.04140625 0.03611111111111111
9 0.91640625 0.28055555555555556 0.0421875 0.03611111111111111
9 0.91015625 0.3159722222222222 0.028125 0.029166666666666667
9 0.89375 0.03680555555555556 0.0234375 0.0625
2 0.4140625 0.5458333333333333 0.0234375 0.03888888888888889
2 0.523828125 0.5645833333333333 0.15859375 0.11527777777777778
2 0.718359375 0.5993055555555555 0.23359375 0.22361111111111112
2 0.93671875 0.7444444444444445 0.1234375 0.3527777777777778
8 0.19609375 0.37083333333333335 0.0140625 0.022222222222222223
8 0.541796875 0.4173611111111111 0.01640625 0.03194444444444444
8 0.51875 0.47430555555555554 0.0125 0.0125
2 0.0328125 0.5611111111111111 0.065625 0.09166666666666666
2 0.3203125 0.5715277777777777 0.178125 0.29583333333333334
2 0.432421875 0.5472222222222223 0.01484375 0.030555555555555555
