8 0.417578125 0.33541666666666664 0.01171875 0.04861111111111111
8 0.484375 0.33402777777777776 0.0109375 0.04583333333333333
8 0.4109375 0.4097222222222222 0.0109375 0.041666666666666664
8 0.492578125 0.3402777777777778 0.00703125 0.03333333333333333
8 0.66640625 0.35625 0.0078125 0.03194444444444444
8 0.80625 0.4395833333333333 0.0171875 0.02638888888888889
8 0.978515625 0.2048611111111111 0.01796875 0.07361111111111111
8 0.291015625 0.4409722222222222 0.01171875 0.020833333333333332
8 0.4078125 0.32916666666666666 0.0078125 0.03611111111111111
8 0.4265625 0.33055555555555555 0.00625 0.03611111111111111
8 0.957421875 0.20416666666666666 0.02109375 0.06944444444444445
9 0.3046875 0.34791666666666665 0.0109375 0.018055555555555554
9 0.307421875 0.28125 0.01015625 0.034722222222222224
9 0.35078125 0.3611111111111111 0.0140625 0.025
9 0.30859375 0.3958333333333333 0.009375 0.013888888888888888
9 0.306640625 0.46875 0.01484375 0.02361111111111111
9 0.747265625 0.36875 0.01953125 0.02638888888888889
9 0.8 0.39166666666666666 0.015625 0.016666666666666666
9 0.66328125 0.40347222222222223 0.025 0.02361111111111111
9 0.743359375 0.4423611111111111 0.01484375 0.03194444444444444
2 0.153125 0.5145833333333333 0.1046875 0.10694444444444444
2 0.8125 0.5770833333333333 0.2328125 0.24027777777777778
2 0.101171875 0.59375 0.20234375 0.32083333333333336
2 0.54296875 0.6166666666666667 0.3515625 0.525
