8 0.48671875 0.017361111111111112 0.01875 0.034722222222222224
9 0.33984375 0.275 0.015625 0.019444444444444445
9 0.32421875 0.25833333333333336 0.0109375 0.019444444444444445
4 0.94140625 0.2916666666666667 0.1125 0.12222222222222222
2 0.968359375 0.4354166666666667 0.05859375 0.16527777777777777
2 0.866015625 0.3229166666666667 0.03828125 0.043055555555555555
2 0.629296875 0.33055555555555555 0.05078125 0.06666666666666667
2 0.578515625 0.35 0.08203125 0.12222222222222222
2 0.462109375 0.4798611111111111 0.28203125 0.4041666666666667
2 0.755078125 0.4173611111111111 0.29921875 0.2986111111111111
8 0.1578125 0.1840277777777778 0.0109375 0.04583333333333333
8 0.2546875 0.14027777777777778 0.0109375 0.05
8 0.7765625 0.15555555555555556 0.0109375 0.044444444444444446
8 0.2046875 0.2569444444444444 0.009375 0.03611111111111111
8 0.5359375 0.20902777777777778 0.0078125 0.034722222222222224
2 0.027734375 0.2881944444444444 0.02421875 0.020833333333333332
2 0.055078125 0.29444444444444445 0.02421875 0.019444444444444445
8 0.130078125 0.2638888888888889 0.00859375 0.027777777777777776
8 0.36171875 0.22777777777777777 0.009375 0.041666666666666664
9 0.25546875 0.10486111111111111 0.009375 0.015277777777777777
