9 0.09921875 0.1625 0.046875 0.08333333333333333
9 0.278125 0.08402777777777778 0.0390625 0.059722222222222225
9 0.42265625 0.1909722222222222 0.0390625 0.015277777777777777
9 0.671484375 0.20277777777777778 0.02421875 0.03333333333333333
9 0.71015625 0.21805555555555556 0.0375 0.013888888888888888
9 0.7046875 0.28125 0.0125 0.02638888888888889
9 0.585546875 0.28958333333333336 0.01328125 0.009722222222222222
9 0.405078125 0.2708333333333333 0.01328125 0.03611111111111111
9 0.488671875 0.28541666666666665 0.01484375 0.009722222222222222
9 0.47421875 0.3 0.00625 0.016666666666666666
8 0.496484375 0.16597222222222222 0.00703125 0.034722222222222224
8 0.6453125 0.20347222222222222 0.0078125 0.029166666666666667
9 0.368359375 0.1875 0.02265625 0.03333333333333333
8 0.286328125 0.14444444444444443 0.01328125 0.05
8 0.50703125 0.1701388888888889 0.0109375 0.0375
8 0.45625 0.30277777777777776 0.0046875 0.016666666666666666
8 0.573828125 0.28888888888888886 0.00546875 0.013888888888888888
2 0.491796875 0.3333333333333333 0.01953125 0.022222222222222223
2 0.569140625 0.3416666666666667 0.01953125 0.019444444444444445
2 0.537109375 0.3416666666666667 0.01484375 0.025
2 0.5484375 0.3416666666666667 0.009375 0.019444444444444445
2 0.65234375 0.34305555555555556 0.0140625 0.022222222222222223
2 0.59921875 0.3375 0.0140625 0.016666666666666666
8 0.260546875 0.2673611111111111 0.01953125 0.029166666666666667
8 0.961328125 0.2701388888888889 0.01484375 0.02638888888888889
9 0.46171875 0.27847222222222223 0.0078125 0.009722222222222222
