9 0.86171875 0.18194444444444444 0.0328125 0.05277777777777778
9 0.736328125 0.07569444444444444 0.02578125 0.015277777777777777
2 0.3921875 0.2604166666666667 0.0171875 0.020833333333333332
2 0.402734375 0.2604166666666667 0.01015625 0.020833333333333332
2 0.40859375 0.2611111111111111 0.0125 0.027777777777777776
2 0.421875 0.2590277777777778 0.015625 0.029166666666666667
2 0.42578125 0.2638888888888889 0.0125 0.022222222222222223
2 0.4375 0.26666666666666666 0.01875 0.03333333333333333
2 0.445703125 0.26944444444444443 0.02421875 0.05277777777777778
2 0.34921875 0.2520833333333333 0.0109375 0.015277777777777777
2 0.206640625 0.24861111111111112 0.01796875 0.022222222222222223
2 0.1859375 0.25833333333333336 0.028125 0.030555555555555555
2 0.162890625 0.25555555555555554 0.01953125 0.025
2 0.142578125 0.2604166666666667 0.02578125 0.04027777777777778
2 0.22734375 0.28541666666666665 0.071875 0.07083333333333333
2 0.47734375 0.2743055555555556 0.05625 0.09305555555555556
2 0.32578125 0.25416666666666665 0.015625 0.022222222222222223
2 0.362890625 0.2652777777777778 0.02421875 0.03611111111111111
2 0.33359375 0.2590277777777778 0.0171875 0.02361111111111111
2 0.971875 0.23055555555555557 0.0203125 0.03333333333333333
2 0.96328125 0.25 0.034375 0.05
2 0.96171875 0.25833333333333336 0.034375 0.06111111111111111
2 0.941796875 0.29097222222222224 0.06015625 0.10694444444444444
2 0.901953125 0.30486111111111114 0.09609375 0.08472222222222223
3 0.26953125 0.24444444444444444 0.015625 0.030555555555555555
