8 0.4109375 0.44375 0.0078125 0.018055555555555554
8 0.38125 0.4375 0.009375 0.016666666666666666
9 0.706640625 0.35347222222222224 0.03046875 0.029166666666666667
2 0.423046875 0.46597222222222223 0.00703125 0.015277777777777777
2 0.4296875 0.47430555555555554 0.00625 0.018055555555555554
2 0.440625 0.4756944444444444 0.0125 0.018055555555555554
2 0.450390625 0.4826388888888889 0.01015625 0.020833333333333332
2 0.462890625 0.4909722222222222 0.01640625 0.02638888888888889
2 0.4828125 0.49722222222222223 0.0265625 0.04722222222222222
2 0.503125 0.4986111111111111 0.0421875 0.06944444444444445
2 0.54765625 0.5138888888888888 0.0859375 0.11388888888888889
2 0.655859375 0.55625 0.16015625 0.1986111111111111
2 0.829296875 0.6430555555555556 0.32578125 0.2833333333333333
2 0.392578125 0.4673611111111111 0.01640625 0.020833333333333332
2 0.35078125 0.47847222222222224 0.0265625 0.03194444444444444
2 0.321484375 0.4895833333333333 0.02734375 0.0375
2 0.282421875 0.4909722222222222 0.03515625 0.0625
2 0.228515625 0.5041666666666667 0.06796875 0.08333333333333333
2 0.15078125 0.5284722222222222 0.11875 0.1125
