2 0.8265625 0.4638888888888889 0.34375 0.43333333333333335
2 0.035546875 0.6048611111111111 0.07109375 0.22361111111111112
2 0.354296875 0.45902777777777776 0.08671875 0.12638888888888888
9 0.4265625 0.3590277777777778 0.015625 0.009722222222222222
8 0.35078125 0.36736111111111114 0.0046875 0.020833333333333332
8 0.408984375 0.36041666666666666 0.00546875 0.020833333333333332
2 0.09140625 0.5458333333333333 0.15625 0.18888888888888888
2 0.1734375 0.5083333333333333 0.1140625 0.13333333333333333
2 0.21953125 0.4722222222222222 0.1078125 0.12222222222222222
2 0.275390625 0.4576388888888889 0.05703125 0.0875
2 0.29921875 0.44722222222222224 0.0203125 0.058333333333333334
2 0.63984375 0.4576388888888889 0.1421875 0.22361111111111112
2 0.5609375 0.4479166666666667 0.075 0.14027777777777778
2 0.5203125 0.4354166666666667 0.05625 0.10972222222222222
2 0.48984375 0.4284722222222222 0.021875 0.0763888888888889
2 0.47421875 0.43125 0.015625 0.05694444444444444
2 0.456640625 0.42986111111111114 0.01953125 0.059722222222222225
2 0.39921875 0.41458333333333336 0.021875 0.034722222222222224
