9 0.403125 0.24930555555555556 0.10625 0.08194444444444444
2 0.17578125 0.4263888888888889 0.0234375 0.022222222222222223
2 0.1609375 0.4201388888888889 0.0171875 0.03194444444444444
2 0.42421875 0.4097222222222222 0.009375 0.019444444444444445
2 0.412890625 0.40625 0.01953125 0.04027777777777778
2 0.47265625 0.4152777777777778 0.0140625 0.03333333333333333
2 0.21953125 0.48055555555555557 0.1046875 0.12222222222222222
2 0.368359375 0.46458333333333335 0.10546875 0.1763888888888889
2 0.44765625 0.41875 0.04375 0.06527777777777778
2 0.539453125 0.45208333333333334 0.12265625 0.15416666666666667
9 0.30234375 0.3854166666666667 0.0125 0.020833333333333332
