8 0.32734375 0.2152777777777778 0.040625 0.075
2 0.09453125 0.4673611111111111 0.1890625 0.19583333333333333
2 0.851953125 0.41944444444444445 0.01640625 0.041666666666666664
2 0.916015625 0.4125 0.03359375 0.030555555555555555
2 0.88203125 0.4173611111111111 0.040625 0.0375
2 0.7984375 0.4583333333333333 0.0984375 0.12777777777777777
8 0.866015625 0.37083333333333335 0.01484375 0.011111111111111112
8 0.9140625 0.37222222222222223 0.015625 0.016666666666666666
8 0.902734375 0.38819444444444445 0.01484375 0.015277777777777777
2 0.963671875 0.41944444444444445 0.02890625 0.030555555555555555
