2 0.47421875 0.41041666666666665 0.00625 0.02638888888888889
2 0.47890625 0.41041666666666665 0.009375 0.029166666666666667
2 0.487890625 0.41458333333333336 0.01328125 0.02361111111111111
2 0.4953125 0.4173611111111111 0.0125 0.02638888888888889
2 0.502734375 0.4215277777777778 0.01484375 0.034722222222222224
2 0.51015625 0.4222222222222222 0.0171875 0.03611111111111111
2 0.51484375 0.42986111111111114 0.015625 0.034722222222222224
2 0.531640625 0.4444444444444444 0.03984375 0.058333333333333334
2 0.591796875 0.45 0.07109375 0.09166666666666666
2 0.45625 0.40902777777777777 0.015625 0.02638888888888889
2 0.437890625 0.4083333333333333 0.01484375 0.027777777777777776
2 0.4171875 0.40902777777777777 0.015625 0.03194444444444444
2 0.221875 0.4388888888888889 0.0359375 0.058333333333333334
2 0.18828125 0.4423611111111111 0.046875 0.06805555555555555
2 0.146484375 0.44583333333333336 0.05703125 0.06666666666666667
2 0.08359375 0.4583333333333333 0.084375 0.06944444444444445
2 0.0234375 0.46875 0.046875 0.09583333333333334
2 0.27578125 0.43194444444444446 0.0359375 0.041666666666666664
9 0.648828125 0.25416666666666665 0.01484375 0.030555555555555555
