2 0.84765625 0.5881944444444445 0.3 0.6958333333333333
2 0.21484375 0.5361111111111111 0.125 0.1388888888888889
2 0.43046875 0.49444444444444446 0.03125 0.05555555555555555
2 0.404296875 0.48680555555555555 0.01953125 0.02638888888888889
2 0.38515625 0.4826388888888889 0.0171875 0.034722222222222224
2 0.365625 0.48819444444444443 0.0296875 0.04027777777777778
2 0.297265625 0.5027777777777778 0.07421875 0.08888888888888889
2 0.1296875 0.5416666666666666 0.075 0.06666666666666667
2 0.447265625 0.48055555555555557 0.00859375 0.016666666666666666
2 0.45546875 0.4847222222222222 0.009375 0.013888888888888888
2 0.469140625 0.48680555555555555 0.01953125 0.02638888888888889
8 0.451171875 0.43333333333333335 0.00859375 0.019444444444444445
8 0.37578125 0.4479166666666667 0.0046875 0.018055555555555554
9 0.490625 0.3972222222222222 0.0140625 0.05555555555555555
9 0.36796875 0.4479166666666667 0.0125 0.004166666666666667
2 0.427734375 0.4576388888888889 0.01328125 0.018055555555555554
