9 0.09375 0.2361111111111111 0.028125 0.019444444444444445
9 0.508203125 0.29930555555555555 0.01484375 0.009722222222222222
9 0.5546875 0.2923611111111111 0.00625 0.018055555555555554
8 0.089453125 0.2881944444444444 0.01328125 0.02638888888888889
8 0.30859375 0.13819444444444445 0.009375 0.034722222222222224
8 0.398046875 0.10694444444444444 0.01171875 0.044444444444444446
8 0.666015625 0.04375 0.02265625 0.08194444444444444
8 0.641015625 0.044444444444444446 0.02265625 0.08888888888888889
8 0.817578125 0.20833333333333334 0.01171875 0.05
8 0.810546875 0.2569444444444444 0.01015625 0.03333333333333333
8 0.083203125 0.32708333333333334 0.01171875 0.03194444444444444
8 0.405078125 0.30069444444444443 0.00390625 0.020833333333333332
8 0.495703125 0.29305555555555557 0.00546875 0.019444444444444445
8 0.53671875 0.3104166666666667 0.0078125 0.015277777777777777
2 0.051953125 0.4375 0.10234375 0.28055555555555556
2 0.21484375 0.4777777777777778 0.2984375 0.2972222222222222
2 0.346484375 0.4083333333333333 0.08671875 0.13055555555555556
2 0.40078125 0.37916666666666665 0.065625 0.11388888888888889
2 0.434375 0.37083333333333335 0.03125 0.06111111111111111
2 0.490625 0.3729166666666667 0.0546875 0.07361111111111111
2 0.528125 0.3701388888888889 0.0234375 0.05416666666666667
4 0.62734375 0.32708333333333334 0.08125 0.10694444444444444
4 0.561328125 0.3472222222222222 0.05078125 0.07777777777777778
