9 0.066015625 0.2 0.04765625 0.07222222222222222
9 0.066015625 0.29305555555555557 0.05703125 0.08611111111111111
9 0.0609375 0.3861111111111111 0.0640625 0.10277777777777777
9 0.0578125 0.6152777777777778 0.0578125 0.09444444444444444
9 0.036328125 0.4270833333333333 0.03359375 0.05694444444444444
8 0.122265625 0.24027777777777778 0.02890625 0.09444444444444444
8 0.093359375 0.3736111111111111 0.01796875 0.06944444444444445
8 0.1265625 0.48333333333333334 0.0203125 0.075
8 0.241796875 0.41944444444444445 0.02109375 0.075
8 0.1046875 0.5034722222222222 0.01875 0.04027777777777778
2 0.1328125 0.6326388888888889 0.125 0.09027777777777778
2 0.230078125 0.6277777777777778 0.15390625 0.09166666666666666
2 0.443359375 0.6152777777777778 0.11171875 0.07222222222222222
2 0.991015625 0.5861111111111111 0.01484375 0.019444444444444445
