4 0.56171875 0.39652777777777776 0.1203125 0.17916666666666667
3 0.451171875 0.3902777777777778 0.06328125 0.14722222222222223
2 0.3953125 0.40694444444444444 0.046875 0.08611111111111111
2 0.3578125 0.41041666666666665 0.03125 0.07361111111111111
2 0.31640625 0.43125 0.078125 0.10416666666666667
2 0.687109375 0.4583333333333333 0.10234375 0.11944444444444445
2 0.848828125 0.43680555555555556 0.07109375 0.04861111111111111
2 0.928515625 0.4465277777777778 0.11953125 0.06805555555555555
2 0.014453125 0.5402777777777777 0.02890625 0.3472222222222222
2 0.483203125 0.41805555555555557 0.01796875 0.044444444444444446
9 0.48671875 0.3763888888888889 0.0140625 0.019444444444444445
