9 0.137109375 0.44375 0.02265625 0.05416666666666667
9 0.959765625 0.4340277777777778 0.01640625 0.04583333333333333
3 0.48046875 0.46875 0.11875 0.1125
2 0.57109375 0.4708333333333333 0.0546875 0.044444444444444446
2 0.347265625 0.4888888888888889 0.01171875 0.016666666666666666
2 0.3546875 0.48680555555555555 0.009375 0.020833333333333332
2 0.3625 0.48333333333333334 0.0125 0.016666666666666666
2 0.366015625 0.4861111111111111 0.01328125 0.016666666666666666
2 0.37734375 0.4875 0.0125 0.027777777777777776
2 0.39375 0.4791666666666667 0.0296875 0.05
2 0.32109375 0.48333333333333334 0.0109375 0.019444444444444445
2 0.328125 0.48819444444444443 0.0109375 0.020833333333333332
2 0.255859375 0.48125 0.01484375 0.018055555555555554
2 0.2359375 0.48333333333333334 0.025 0.030555555555555555
2 0.191796875 0.4756944444444444 0.02578125 0.059722222222222225
2 0.16640625 0.4895833333333333 0.0421875 0.05694444444444444
2 0.126953125 0.4840277777777778 0.02265625 0.04583333333333333
2 0.090625 0.4888888888888889 0.059375 0.075
2 0.03828125 0.4965277777777778 0.053125 0.06805555555555555
2 0.015625 0.5145833333333333 0.03125 0.10138888888888889
