2 0.0375 0.6736111111111112 0.075 0.18611111111111112
3 0.88203125 0.5340277777777778 0.2328125 0.6263888888888889
2 0.55625 0.6847222222222222 0.365625 0.5638888888888889
2 0.349609375 0.6305555555555555 0.15234375 0.17777777777777778
4 0.250390625 0.5611111111111111 0.08828125 0.10277777777777777
4 0.341796875 0.5388888888888889 0.08984375 0.06111111111111111
9 0.706640625 0.4826388888888889 0.01796875 0.015277777777777777
9 0.69140625 0.4486111111111111 0.0125 0.019444444444444445
8 0.462109375 0.4722222222222222 0.01171875 0.025
8 0.692578125 0.48055555555555557 0.01015625 0.019444444444444445
9 0.2625 0.46944444444444444 0.0125 0.022222222222222223
2 0.16875 0.6493055555555556 0.1984375 0.18194444444444444
2 0.43203125 0.5548611111111111 0.0296875 0.034722222222222224
9 0.940625 0.11875 0.0453125 0.12638888888888888
