2 0.02734375 0.3458333333333333 0.0546875 0.075
2 0.04921875 0.42777777777777776 0.096875 0.15833333333333333
2 0.816796875 0.7972222222222223 0.36328125 0.3972222222222222
2 0.47578125 0.525 0.121875 0.1638888888888889
2 0.41328125 0.49444444444444446 0.0671875 0.09444444444444444
2 0.383203125 0.4777777777777778 0.04140625 0.06388888888888888
2 0.36640625 0.46597222222222223 0.0375 0.0625
2 0.362109375 0.46319444444444446 0.04140625 0.059722222222222225
2 0.351171875 0.4340277777777778 0.02890625 0.018055555555555554
2 0.315625 0.44513888888888886 0.0625 0.0875
2 0.230859375 0.4097222222222222 0.02265625 0.03888888888888889
2 0.248046875 0.4076388888888889 0.01328125 0.02638888888888889
2 0.26171875 0.40694444444444444 0.0140625 0.027777777777777776
2 0.273046875 0.4076388888888889 0.01328125 0.02638888888888889
2 0.114453125 0.3770833333333333 0.02421875 0.04861111111111111
2 0.135546875 0.37430555555555556 0.02578125 0.04027777777777778
2 0.152734375 0.3784722222222222 0.01953125 0.03194444444444444
9 0.208984375 0.3263888888888889 0.01171875 0.019444444444444445
