9 0.3 0.29930555555555555 0.0421875 0.043055555555555555
9 0.3765625 0.30069444444444443 0.0234375 0.02638888888888889
9 0.57578125 0.32222222222222224 0.0625 0.044444444444444446
9 0.58984375 0.2916666666666667 0.028125 0.019444444444444445
9 0.564453125 0.30972222222222223 0.02890625 0.05
9 0.68515625 0.2638888888888889 0.05625 0.06944444444444445
9 0.95234375 0.31527777777777777 0.021875 0.03611111111111111
9 0.949609375 0.32430555555555557 0.01171875 0.020833333333333332
9 0.616015625 0.3590277777777778 0.01015625 0.0125
2 0.378125 0.36736111111111114 0.0125 0.018055555555555554
2 0.3015625 0.3736111111111111 0.009375 0.013888888888888888
2 0.31875 0.36736111111111114 0.009375 0.018055555555555554
2 0.327734375 0.3763888888888889 0.02578125 0.03888888888888889
2 0.265234375 0.3875 0.03828125 0.044444444444444446
2 0.15859375 0.36666666666666664 0.03125 0.022222222222222223
2 0.1875 0.3958333333333333 0.0921875 0.07222222222222222
2 0.78203125 0.39375 0.0171875 0.015277777777777777
2 0.729296875 0.39444444444444443 0.01640625 0.013888888888888888
2 0.944140625 0.38680555555555557 0.01953125 0.018055555555555554
2 0.83359375 0.3875 0.025 0.027777777777777776
2 0.859765625 0.3840277777777778 0.02890625 0.0375
2 0.97578125 0.37916666666666665 0.04375 0.03611111111111111
9 0.53203125 0.34444444444444444 0.009375 0.025
9 0.286328125 0.27291666666666664 0.01796875 0.0125
9 0.379296875 0.28402777777777777 0.01484375 0.004166666666666667
