9 0.46953125 0.49166666666666664 0.0140625 0.027777777777777776
8 0.1890625 0.4722222222222222 0.0046875 0.019444444444444445
8 0.17890625 0.4736111111111111 0.009375 0.016666666666666666
2 0.1203125 0.49236111111111114 0.021875 0.029166666666666667
2 0.155078125 0.48541666666666666 0.01953125 0.03194444444444444
2 0.1859375 0.49444444444444446 0.025 0.019444444444444445
2 0.20390625 0.5006944444444444 0.0203125 0.03194444444444444
2 0.253515625 0.5138888888888888 0.05703125 0.07222222222222222
2 0.303125 0.5055555555555555 0.0203125 0.022222222222222223
2 0.3125 0.5090277777777777 0.0171875 0.02361111111111111
2 0.330859375 0.5076388888888889 0.01328125 0.02638888888888889
2 0.348828125 0.5090277777777777 0.02265625 0.02361111111111111
2 0.36875 0.5118055555555555 0.0234375 0.02638888888888889
2 0.392578125 0.5118055555555555 0.02890625 0.034722222222222224
2 0.416015625 0.5138888888888888 0.02734375 0.03888888888888889
2 0.439453125 0.5138888888888888 0.02421875 0.03888888888888889
2 0.46328125 0.5159722222222223 0.0265625 0.034722222222222224
2 0.49453125 0.5159722222222223 0.0359375 0.043055555555555555
2 0.5953125 0.5222222222222223 0.0546875 0.05555555555555555
2 0.6546875 0.5284722222222222 0.06875 0.059722222222222225
2 0.717578125 0.5381944444444444 0.07421875 0.0625
2 0.828515625 0.54375 0.08046875 0.08194444444444444
2 0.925390625 0.5479166666666667 0.12890625 0.09861111111111111
2 0.102734375 0.4847222222222222 0.01328125 0.025
