2 0.106640625 0.6694444444444444 0.14453125 0.20277777777777778
2 0.040625 0.66875 0.08125 0.2013888888888889
2 0.33203125 0.6395833333333333 0.01875 0.03194444444444444
2 0.48203125 0.6576388888888889 0.0640625 0.10694444444444444
2 0.503515625 0.6680555555555555 0.05859375 0.1
2 0.53125 0.6770833333333334 0.059375 0.11527777777777778
2 0.398828125 0.6368055555555555 0.02421875 0.03194444444444444
2 0.353515625 0.6395833333333333 0.02421875 0.04027777777777778
4 0.369921875 0.6263888888888889 0.02578125 0.05
2 0.621484375 0.70625 0.24453125 0.2013888888888889
2 0.84609375 0.7513888888888889 0.30625 0.2972222222222222
8 0.22734375 0.5895833333333333 0.00625 0.02361111111111111
8 0.295703125 0.5444444444444444 0.00703125 0.025
8 0.3671875 0.5541666666666667 0.00625 0.022222222222222223
8 0.302734375 0.54375 0.00703125 0.02361111111111111
9 0.5515625 0.5388888888888889 0.0234375 0.03888888888888889
9 0.5515625 0.5701388888888889 0.0234375 0.015277777777777777
