9 0.538671875 0.4354166666666667 0.02109375 0.02638888888888889
8 0.17890625 0.4909722222222222 0.00625 0.034722222222222224
8 0.058984375 0.46458333333333335 0.01015625 0.04583333333333333
8 0.43125 0.5020833333333333 0.0109375 0.02638888888888889
9 0.498828125 0.5083333333333333 0.01796875 0.030555555555555555
2 0.358984375 0.6402777777777777 0.01328125 0.03333333333333333
2 0.346875 0.6493055555555556 0.0171875 0.03194444444444444
2 0.41875 0.6375 0.009375 0.044444444444444446
2 0.438671875 0.6451388888888889 0.04140625 0.059722222222222225
8 0.679296875 0.5375 0.02109375 0.027777777777777776
2 0.6125 0.6520833333333333 0.084375 0.13194444444444445
2 0.1046875 0.6861111111111111 0.0609375 0.11666666666666667
2 0.289453125 0.6493055555555556 0.03046875 0.03194444444444444
2 0.321484375 0.6465277777777778 0.03984375 0.05138888888888889
2 0.3828125 0.6388888888888888 0.028125 0.044444444444444446
2 0.503125 0.6618055555555555 0.0984375 0.14305555555555555
2 0.204296875 0.6763888888888889 0.15234375 0.2
2 0.741796875 0.6513888888888889 0.21328125 0.21666666666666667
2 0.93984375 0.6861111111111111 0.11875 0.3111111111111111
2 0.013671875 0.7215277777777778 0.02734375 0.09305555555555556
