8 0.25703125 0.6069444444444444 0.0078125 0.022222222222222223
8 0.176171875 0.6180555555555556 0.00546875 0.016666666666666666
8 0.235546875 0.625 0.00546875 0.016666666666666666
8 0.2484375 0.6256944444444444 0.0078125 0.015277777777777777
8 0.3484375 0.6097222222222223 0.0078125 0.022222222222222223
2 0.19765625 0.6604166666666667 0.0171875 0.02361111111111111
2 0.1765625 0.6611111111111111 0.0203125 0.027777777777777776
2 0.1484375 0.6638888888888889 0.0125 0.022222222222222223
2 0.136328125 0.6659722222222222 0.01953125 0.020833333333333332
2 0.103515625 0.6722222222222223 0.03984375 0.041666666666666664
2 0.246484375 0.6534722222222222 0.01953125 0.018055555555555554
2 0.223046875 0.6715277777777777 0.02734375 0.03194444444444444
2 0.38046875 0.6756944444444445 0.028125 0.04861111111111111
2 0.40546875 0.6673611111111111 0.015625 0.04027777777777778
2 0.428515625 0.6826388888888889 0.05234375 0.07083333333333333
2 0.469921875 0.6645833333333333 0.03046875 0.04583333333333333
2 0.316796875 0.7479166666666667 0.14140625 0.2013888888888889
8 0.224609375 0.6263888888888889 0.00546875 0.019444444444444445
9 0.4515625 0.5986111111111111 0.0109375 0.016666666666666666
