2 0.583203125 0.49583333333333335 0.06796875 0.09722222222222222
2 0.551171875 0.45902777777777776 0.03046875 0.029166666666666667
2 0.541796875 0.4527777777777778 0.03046875 0.03333333333333333
2 0.53046875 0.44513888888888886 0.0703125 0.02638888888888889
2 0.484765625 0.43125 0.04453125 0.03194444444444444
2 0.477734375 0.45902777777777776 0.07421875 0.020833333333333332
2 0.442578125 0.45694444444444443 0.03046875 0.019444444444444445
2 0.523828125 0.44513888888888886 0.00859375 0.02638888888888889
2 0.517578125 0.44305555555555554 0.00703125 0.022222222222222223
2 0.669921875 0.5506944444444445 0.16640625 0.1875
2 0.94296875 0.76875 0.109375 0.4152777777777778
2 0.480859375 0.6680555555555555 0.29609375 0.4111111111111111
9 0.612890625 0.42083333333333334 0.01015625 0.019444444444444445
