8 0.5390625 0.43194444444444446 0.0078125 0.025
8 0.4234375 0.4388888888888889 0.009375 0.030555555555555555
9 0.68515625 0.4673611111111111 0.015625 0.029166666666666667
9 0.683984375 0.43819444444444444 0.02578125 0.03194444444444444
9 0.60546875 0.4708333333333333 0.0140625 0.019444444444444445
9 0.41171875 0.42777777777777776 0.0140625 0.016666666666666666
2 0.519921875 0.5368055555555555 0.01484375 0.02361111111111111
2 0.54140625 0.5444444444444444 0.01875 0.025
2 0.491015625 0.5354166666666667 0.01171875 0.020833333333333332
2 0.50546875 0.5395833333333333 0.0171875 0.04027777777777778
2 0.471875 0.5513888888888889 0.0421875 0.06388888888888888
2 0.564453125 0.5541666666666667 0.03828125 0.05277777777777778
9 0.796484375 0.4173611111111111 0.01640625 0.015277777777777777
8 0.1609375 0.40902777777777777 0.009375 0.029166666666666667
8 0.1703125 0.40555555555555556 0.00625 0.025
