2 0.4171875 0.5201388888888889 0.01875 0.043055555555555555
2 0.484375 0.5138888888888888 0.0296875 0.08888888888888889
2 0.523828125 0.5159722222222223 0.06171875 0.10416666666666667
2 0.305078125 0.5541666666666667 0.04140625 0.10555555555555556
2 0.251953125 0.5513888888888889 0.10390625 0.18055555555555555
2 0.549609375 0.5340277777777778 0.05234375 0.12361111111111112
2 0.59453125 0.55 0.10625 0.17777777777777778
2 0.702734375 0.5729166666666666 0.19765625 0.24583333333333332
2 0.137890625 0.5888888888888889 0.23671875 0.26944444444444443
2 0.037109375 0.7298611111111111 0.07421875 0.31805555555555554
2 0.358984375 0.5493055555555556 0.09609375 0.13194444444444445
2 0.452734375 0.5354166666666667 0.06796875 0.09305555555555556
9 0.3328125 0.43680555555555556 0.0171875 0.015277777777777777
9 0.6375 0.36319444444444443 0.021875 0.03194444444444444
9 0.3265625 0.4263888888888889 0.0125 0.016666666666666666
9 0.3046875 0.45625 0.015625 0.015277777777777777
8 0.428515625 0.4722222222222222 0.00859375 0.019444444444444445
9 0.4953125 0.4305555555555556 0.0109375 0.013888888888888888
2 0.892578125 0.6833333333333333 0.21171875 0.37222222222222223
