2 0.78203125 0.6020833333333333 0.1515625 0.15138888888888888
2 0.6453125 0.5805555555555556 0.0265625 0.044444444444444446
2 0.6140625 0.5888888888888889 0.0234375 0.03611111111111111
2 0.5921875 0.5826388888888889 0.0265625 0.04027777777777778
2 0.548828125 0.5916666666666667 0.03046875 0.05277777777777778
2 0.484765625 0.5777777777777777 0.03046875 0.04722222222222222
2 0.137109375 0.5708333333333333 0.04609375 0.03888888888888889
2 0.201171875 0.6111111111111112 0.05859375 0.06111111111111111
2 0.096875 0.5868055555555556 0.0390625 0.03194444444444444
2 0.055078125 0.5854166666666667 0.05234375 0.04027777777777778
2 0.023046875 0.5965277777777778 0.04296875 0.043055555555555555
2 0.4703125 0.5666666666666667 0.009375 0.013888888888888888
2 0.3828125 0.5916666666666667 0.0328125 0.05555555555555555
