2 0.85234375 0.3784722222222222 0.29375 0.3625
2 0.0828125 0.2902777777777778 0.1625 0.19166666666666668
2 0.218359375 0.2465277777777778 0.09296875 0.09583333333333334
2 0.279296875 0.225 0.05390625 0.075
2 0.314453125 0.20416666666666666 0.04609375 0.06666666666666667
2 0.340234375 0.19791666666666666 0.01953125 0.05138888888888889
2 0.3640625 0.18680555555555556 0.0296875 0.05416666666666667
2 0.484375 0.18888888888888888 0.0203125 0.058333333333333334
2 0.509375 0.19305555555555556 0.025 0.06111111111111111
2 0.54609375 0.21388888888888888 0.0578125 0.09166666666666666
2 0.5765625 0.24097222222222223 0.05625 0.10694444444444444
2 0.66171875 0.2777777777777778 0.15 0.17777777777777778
2 0.4609375 0.18194444444444444 0.0203125 0.030555555555555555
2 0.404296875 0.18055555555555555 0.01484375 0.025
2 0.384765625 0.18194444444444444 0.02421875 0.027777777777777776
