9 0.456640625 0.32708333333333334 0.04921875 0.02361111111111111
9 0.540234375 0.31527777777777777 0.04140625 0.016666666666666666
9 0.541015625 0.3590277777777778 0.06796875 0.07083333333333333
9 0.457421875 0.3541666666666667 0.07890625 0.03333333333333333
9 0.49765625 0.4076388888888889 0.015625 0.0125
9 0.460546875 0.41388888888888886 0.01015625 0.016666666666666666
9 0.546875 0.41597222222222224 0.0109375 0.0125
2 0.40078125 0.4722222222222222 0.025 0.044444444444444446
2 0.3359375 0.48125 0.0421875 0.04861111111111111
2 0.486328125 0.4652777777777778 0.01015625 0.016666666666666666
2 0.4984375 0.46944444444444444 0.009375 0.016666666666666666
