8 0.4640625 0.34652777777777777 0.0109375 0.0125
8 0.616015625 0.29791666666666666 0.00546875 0.020833333333333332
8 0.48984375 0.28680555555555554 0.0046875 0.020833333333333332
8 0.483203125 0.2881944444444444 0.00546875 0.02361111111111111
8 0.61015625 0.2951388888888889 0.00625 0.020833333333333332
8 0.661328125 0.3416666666666667 0.01328125 0.016666666666666666
9 0.659765625 0.31805555555555554 0.01640625 0.011111111111111112
9 0.651171875 0.3298611111111111 0.01171875 0.0125
2 0.643359375 0.38055555555555554 0.02265625 0.03333333333333333
2 0.49375 0.3909722222222222 0.015625 0.029166666666666667
2 0.418359375 0.4027777777777778 0.04296875 0.075
2 0.669921875 0.4048611111111111 0.04921875 0.07083333333333333
3 0.51875 0.37916666666666665 0.0359375 0.075
2 0.4671875 0.4131944444444444 0.059375 0.0875
2 0.5875 0.45069444444444445 0.1375 0.1875
2 0.78125 0.4270833333333333 0.1515625 0.1736111111111111
2 0.110546875 0.46458333333333335 0.22109375 0.24027777777777778
