2 0.4890625 0.33194444444444443 0.021875 0.019444444444444445
2 0.459765625 0.3284722222222222 0.02734375 0.02361111111111111
2 0.444921875 0.35625 0.02578125 0.04027777777777778
2 0.4203125 0.35625 0.0359375 0.04861111111111111
2 0.3796875 0.35625 0.0546875 0.059722222222222225
2 0.262890625 0.34652777777777777 0.05703125 0.04861111111111111
2 0.319921875 0.35694444444444445 0.07421875 0.06666666666666667
2 0.536328125 0.3347222222222222 0.01953125 0.030555555555555555
2 0.547265625 0.34444444444444444 0.01953125 0.016666666666666666
2 0.77109375 0.3951388888888889 0.11875 0.09861111111111111
2 0.850390625 0.41180555555555554 0.03671875 0.0625
2 0.8875 0.4048611111111111 0.046875 0.14027777777777778
8 0.53125 0.2986111111111111 0.0078125 0.013888888888888888
8 0.565625 0.30069444444444443 0.00625 0.0125
8 0.6 0.30277777777777776 0.0125 0.025
8 0.633984375 0.01875 0.04140625 0.029166666666666667
8 0.47734375 0.009722222222222222 0.0328125 0.019444444444444445
