8 0.928125 0.25069444444444444 0.015625 0.043055555555555555
8 0.008984375 0.22708333333333333 0.01796875 0.09027777777777778
9 0.907421875 0.1951388888888889 0.04296875 0.02638888888888889
9 0.934375 0.17847222222222223 0.0453125 0.02361111111111111
9 0.60625 0.3923611111111111 0.015625 0.034722222222222224
9 0.525 0.4361111111111111 0.0171875 0.013888888888888888
9 0.615234375 0.42083333333333334 0.02109375 0.016666666666666666
2 0.50234375 0.49930555555555556 0.009375 0.015277777777777777
2 0.531640625 0.5013888888888889 0.01484375 0.030555555555555555
2 0.719921875 0.5298611111111111 0.10703125 0.10972222222222222
2 0.8328125 0.5541666666666667 0.2 0.16111111111111112
2 0.626171875 0.5159722222222223 0.06328125 0.06805555555555555
2 0.3921875 0.5125 0.0515625 0.06111111111111111
2 0.54609375 0.50625 0.028125 0.0375
2 0.480859375 0.4965277777777778 0.01015625 0.020833333333333332
2 0.468359375 0.4965277777777778 0.01171875 0.020833333333333332
2 0.448828125 0.49583333333333335 0.01328125 0.025
2 0.5140625 0.5027777777777778 0.0125 0.022222222222222223
