9 0.624609375 0.3402777777777778 0.01796875 0.03333333333333333
9 0.623828125 0.3736111111111111 0.01953125 0.027777777777777776
9 0.580078125 0.4263888888888889 0.01328125 0.019444444444444445
9 0.840625 0.22777777777777777 0.0671875 0.07222222222222222
9 0.63359375 0.4340277777777778 0.015625 0.020833333333333332
8 0.52421875 0.37430555555555556 0.00625 0.020833333333333332
8 0.514453125 0.38333333333333336 0.00859375 0.025
2 0.29375 0.5215277777777778 0.0359375 0.0763888888888889
2 0.254296875 0.5375 0.08828125 0.1
2 0.169921875 0.5840277777777778 0.13984375 0.14583333333333334
2 0.051171875 0.6618055555555555 0.10234375 0.23472222222222222
2 0.794140625 0.6076388888888888 0.40703125 0.4875
2 0.577734375 0.5208333333333334 0.11171875 0.1527777777777778
2 0.42109375 0.6118055555555556 0.3 0.5430555555555555
