2 0.4703125 0.5513888888888889 0.0109375 0.030555555555555555
2 0.47890625 0.5611111111111111 0.009375 0.016666666666666666
2 0.46484375 0.55625 0.009375 0.029166666666666667
2 0.424609375 0.5534722222222223 0.01328125 0.02638888888888889
2 0.5328125 0.5604166666666667 0.0140625 0.029166666666666667
2 0.546875 0.5638888888888889 0.0234375 0.044444444444444446
2 0.566796875 0.5763888888888888 0.03515625 0.06388888888888888
2 0.6140625 0.5840277777777778 0.08125 0.12916666666666668
2 0.668359375 0.6097222222222223 0.12421875 0.1638888888888889
2 0.403515625 0.5548611111111111 0.03359375 0.0625
2 0.322265625 0.5736111111111111 0.12578125 0.19166666666666668
2 0.81796875 0.6743055555555556 0.303125 0.29305555555555557
2 0.130859375 0.5659722222222222 0.26015625 0.4097222222222222
2 0.955859375 0.7395833333333334 0.08515625 0.2791666666666667
2 0.444921875 0.5534722222222223 0.03046875 0.04861111111111111
