2 0.044140625 0.4125 0.08828125 0.3
2 0.1109375 0.40694444444444444 0.09375 0.125
2 0.2 0.4013888888888889 0.0765625 0.08888888888888889
2 0.249609375 0.4027777777777778 0.04453125 0.06388888888888888
2 0.276171875 0.40694444444444444 0.03046875 0.041666666666666664
2 0.353515625 0.39791666666666664 0.02734375 0.04861111111111111
2 0.37578125 0.3972222222222222 0.015625 0.03333333333333333
2 0.427734375 0.3993055555555556 0.02109375 0.029166666666666667
2 0.519140625 0.41458333333333336 0.02578125 0.06805555555555555
2 0.5375 0.4201388888888889 0.040625 0.0763888888888889
2 0.571875 0.4215277777777778 0.0734375 0.08194444444444444
2 0.63203125 0.4326388888888889 0.09375 0.15138888888888888
2 0.777734375 0.4395833333333333 0.27265625 0.2902777777777778
2 0.31171875 0.40347222222222223 0.059375 0.07916666666666666
2 0.401171875 0.3972222222222222 0.03359375 0.06111111111111111
2 0.46953125 0.4173611111111111 0.078125 0.12083333333333333
9 0.684375 0.17916666666666667 0.028125 0.06388888888888888
9 0.694140625 0.2743055555555556 0.01640625 0.043055555555555555
9 0.661328125 0.04791666666666667 0.03515625 0.09027777777777778
8 0.349609375 0.2791666666666667 0.00546875 0.022222222222222223
8 0.4484375 0.30277777777777776 0.00625 0.016666666666666666
8 0.38984375 0.34375 0.0046875 0.015277777777777777
8 0.356640625 0.28055555555555556 0.00859375 0.027777777777777776
9 0.169921875 0.3020833333333333 0.00859375 0.020833333333333332
9 0.48359375 0.3451388888888889 0.00625 0.015277777777777777
9 0.540234375 0.3277777777777778 0.01640625 0.016666666666666666
9 0.5140625 0.34444444444444444 0.0109375 0.011111111111111112
2 0.9171875 0.51875 0.1578125 0.29583333333333334
