9 0.317578125 0.24861111111111112 0.02890625 0.019444444444444445
9 0.3203125 0.28055555555555556 0.028125 0.016666666666666666
9 0.33515625 0.34375 0.040625 0.02361111111111111
8 0.362109375 0.41041666666666665 0.02421875 0.04027777777777778
8 0.5 0.17569444444444443 0.0265625 0.08472222222222223
8 0.476171875 0.16944444444444445 0.01953125 0.08611111111111111
9 0.482421875 0.39305555555555555 0.01640625 0.019444444444444445
9 0.48671875 0.4201388888888889 0.0125 0.02638888888888889
9 0.476953125 0.45625 0.02578125 0.04583333333333333
3 0.5703125 0.5020833333333333 0.03125 0.0375
3 0.532421875 0.5041666666666667 0.02265625 0.058333333333333334
3 0.680078125 0.49722222222222223 0.07890625 0.13333333333333333
2 0.596484375 0.5104166666666666 0.01953125 0.02638888888888889
1 0.619140625 0.5333333333333333 0.02734375 0.08055555555555556
