9 0.43125 0.32083333333333336 0.01875 0.03611111111111111
9 0.47734375 0.3159722222222222 0.065625 0.059722222222222225
9 0.54140625 0.375 0.009375 0.025
9 0.75546875 0.425 0.0109375 0.019444444444444445
9 0.73828125 0.40625 0.0140625 0.02361111111111111
2 0.623828125 0.44930555555555557 0.01796875 0.029166666666666667
2 0.666796875 0.44375 0.06171875 0.08472222222222223
2 0.714453125 0.42777777777777776 0.03828125 0.06666666666666667
2 0.555859375 0.44375 0.05703125 0.06805555555555555
2 0.49296875 0.4513888888888889 0.0375 0.03611111111111111
2 0.441015625 0.45625 0.03359375 0.034722222222222224
2 0.3921875 0.4583333333333333 0.0515625 0.03888888888888889
2 0.287109375 0.4708333333333333 0.03828125 0.019444444444444445
2 0.2390625 0.4652777777777778 0.0234375 0.030555555555555555
2 0.10703125 0.46944444444444444 0.175 0.11944444444444445
