2 0.087890625 0.47638888888888886 0.03203125 0.025
2 0.05625 0.48055555555555557 0.040625 0.025
2 0.018359375 0.4875 0.03671875 0.027777777777777776
2 0.639453125 0.41805555555555557 0.01484375 0.011111111111111112
2 0.63671875 0.4270833333333333 0.0125 0.015277777777777777
2 0.625390625 0.4263888888888889 0.01015625 0.022222222222222223
2 0.444140625 0.4583333333333333 0.01484375 0.025
2 0.476953125 0.44583333333333336 0.01015625 0.016666666666666666
2 0.457421875 0.4576388888888889 0.01953125 0.029166666666666667
2 0.46875 0.5076388888888889 0.0359375 0.10416666666666667
2 0.350390625 0.44027777777777777 0.01953125 0.019444444444444445
2 0.316015625 0.47847222222222224 0.03359375 0.020833333333333332
2 0.243359375 0.48333333333333334 0.02578125 0.011111111111111112
2 0.106640625 0.5548611111111111 0.05078125 0.09861111111111111
2 0.156640625 0.5479166666666667 0.09609375 0.10694444444444444
2 0.397265625 0.5368055555555555 0.13671875 0.18472222222222223
2 0.248046875 0.6472222222222223 0.31796875 0.325
3 0.569140625 0.5506944444444445 0.20390625 0.31527777777777777
2 0.025390625 0.6180555555555556 0.05078125 0.09166666666666666
2 0.04296875 0.8118055555555556 0.0859375 0.20972222222222223
9 0.6546875 0.3506944444444444 0.0109375 0.02638888888888889
