2 0.335546875 0.5125 0.02421875 0.03611111111111111
2 0.391015625 0.5083333333333333 0.01796875 0.027777777777777776
2 0.504296875 0.5097222222222222 0.02109375 0.041666666666666664
2 0.8265625 0.4909722222222222 0.0453125 0.059722222222222225
2 0.363671875 0.5159722222222223 0.04453125 0.05416666666666667
2 0.415625 0.5055555555555555 0.0171875 0.025
2 0.5296875 0.5152777777777777 0.0453125 0.06111111111111111
2 0.0546875 0.5784722222222223 0.109375 0.15416666666666667
2 0.86640625 0.6534722222222222 0.2625 0.36527777777777776
2 0.938671875 0.4465277777777778 0.11953125 0.059722222222222225
2 0.69765625 0.4777777777777778 0.0296875 0.011111111111111112
2 0.75625 0.5 0.015625 0.027777777777777776
2 0.4765625 0.5027777777777778 0.0140625 0.025
2 0.462890625 0.5034722222222222 0.01328125 0.02361111111111111
2 0.266015625 0.5430555555555555 0.00234375 0.09722222222222222
2 0.259765625 0.5138888888888888 0.02734375 0.03611111111111111
