3 0.36875 0.3 0.009375 0.013888888888888888
2 0.365234375 0.3145833333333333 0.01171875 0.034722222222222224
2 0.353125 0.3138888888888889 0.0125 0.03333333333333333
2 0.34375 0.32013888888888886 0.021875 0.04583333333333333
2 0.334375 0.32222222222222224 0.025 0.03611111111111111
2 0.32109375 0.3326388888888889 0.046875 0.059722222222222225
2 0.278515625 0.3402777777777778 0.05546875 0.09444444444444444
2 0.204296875 0.3527777777777778 0.13671875 0.11944444444444445
2 0.13203125 0.38333333333333336 0.2625 0.20833333333333334
2 0.403515625 0.3159722222222222 0.02109375 0.03194444444444444
2 0.420703125 0.31805555555555554 0.00859375 0.019444444444444445
2 0.432421875 0.30972222222222223 0.01640625 0.011111111111111112
2 0.43359375 0.32013888888888886 0.0140625 0.02361111111111111
2 0.44609375 0.33194444444444443 0.025 0.03333333333333333
2 0.46484375 0.33402777777777776 0.0265625 0.0375
2 0.478125 0.35347222222222224 0.03125 0.06805555555555555
2 0.96796875 0.37916666666666665 0.05625 0.1111111111111111
2 0.71484375 0.4395833333333333 0.5484375 0.5986111111111111
9 0.49140625 0.2743055555555556 0.0109375 0.034722222222222224
9 0.05078125 0.18263888888888888 0.021875 0.02638888888888889
9 0.047265625 0.13819444444444445 0.01484375 0.02638888888888889
9 0.023828125 0.11597222222222223 0.02265625 0.015277777777777777
