9 0.35859375 0.22013888888888888 0.0109375 0.04027777777777778
9 0.356640625 0.40625 0.01171875 0.04027777777777778
9 0.3546875 0.4736111111111111 0.009375 0.030555555555555555
9 0.472265625 0.46041666666666664 0.01953125 0.04583333333333333
8 0.370703125 0.3215277777777778 0.01484375 0.05416666666666667
8 0.958203125 0.22430555555555556 0.02734375 0.1125
9 0.7296875 0.47430555555555554 0.0109375 0.02361111111111111
2 0.51328125 0.5368055555555555 0.025 0.0375
2 0.53671875 0.5368055555555555 0.0109375 0.018055555555555554
2 0.56640625 0.5381944444444444 0.021875 0.03194444444444444
2 0.5921875 0.4909722222222222 0.0078125 0.015277777777777777
2 0.58359375 0.49166666666666664 0.009375 0.013888888888888888
2 0.60234375 0.5041666666666667 0.0125 0.019444444444444445
2 0.589453125 0.5069444444444444 0.01171875 0.019444444444444445
9 0.979296875 0.3055555555555556 0.03515625 0.03333333333333333
