9 0.105859375 0.2 0.09921875 0.21388888888888888
2 0.34765625 0.5430555555555555 0.03125 0.027777777777777776
2 0.392578125 0.5388888888888889 0.02109375 0.022222222222222223
2 0.305859375 0.5513888888888889 0.03671875 0.044444444444444446
2 0.26953125 0.5541666666666667 0.025 0.044444444444444446
2 0.24453125 0.5583333333333333 0.0328125 0.058333333333333334
2 0.5390625 0.5458333333333333 0.0375 0.027777777777777776
2 0.601171875 0.5458333333333333 0.03984375 0.041666666666666664
2 0.63515625 0.5423611111111111 0.0421875 0.04861111111111111
2 0.73984375 0.5270833333333333 0.025 0.05138888888888889
4 0.451171875 0.5270833333333333 0.01953125 0.03194444444444444
2 0.46328125 0.5270833333333333 0.009375 0.018055555555555554
2 0.0171875 0.55625 0.034375 0.04027777777777778
2 0.059375 0.5868055555555556 0.11875 0.10972222222222222
2 0.180078125 0.5715277777777777 0.11328125 0.12083333333333333
2 0.439453125 0.5472222222222223 0.02265625 0.030555555555555555
2 0.503125 0.5576388888888889 0.0421875 0.05694444444444444
9 0.06640625 0.49583333333333335 0.0203125 0.030555555555555555
