2 0.3078125 0.5201388888888889 0.059375 0.10138888888888889
2 0.27265625 0.5340277777777778 0.05625 0.14305555555555555
2 0.142578125 0.5381944444444444 0.22265625 0.2652777777777778
2 0.61328125 0.5173611111111112 0.0890625 0.12916666666666668
2 0.708203125 0.5381944444444444 0.20234375 0.23472222222222222
2 0.43984375 0.4791666666666667 0.00625 0.022222222222222223
2 0.431640625 0.48055555555555557 0.01171875 0.025
2 0.425390625 0.48194444444444445 0.01171875 0.030555555555555555
2 0.492578125 0.48194444444444445 0.00859375 0.022222222222222223
2 0.496875 0.48541666666666666 0.009375 0.02638888888888889
2 0.513671875 0.4909722222222222 0.02578125 0.04027777777777778
2 0.47265625 0.4798611111111111 0.0125 0.020833333333333332
2 0.45078125 0.4861111111111111 0.021875 0.03333333333333333
2 0.411328125 0.48541666666666666 0.02265625 0.034722222222222224
1 0.568359375 0.49930555555555556 0.01328125 0.04027777777777778
8 0.519921875 0.3784722222222222 0.00859375 0.020833333333333332
8 0.514453125 0.3784722222222222 0.00703125 0.02638888888888889
9 0.25390625 0.38819444444444445 0.0203125 0.0125
2 0.843359375 0.6444444444444445 0.30859375 0.39444444444444443
2 0.03828125 0.60625 0.075 0.2708333333333333
