8 0.321484375 0.45069444444444445 0.02265625 0.04583333333333333
8 0.835546875 0.3013888888888889 0.02578125 0.1
8 0.865625 0.30694444444444446 0.0265625 0.1
9 0.903125 0.6590277777777778 0.0484375 0.1125
8 0.93828125 0.7208333333333333 0.0203125 0.041666666666666664
2 0.540234375 0.8090277777777778 0.01953125 0.05416666666666667
2 0.561328125 0.8152777777777778 0.02890625 0.05
2 0.582421875 0.8236111111111111 0.02421875 0.05
2 0.60546875 0.8319444444444445 0.0375 0.06666666666666667
2 0.6640625 0.8298611111111112 0.0890625 0.10416666666666667
8 0.156640625 0.6659722222222222 0.02265625 0.04861111111111111
9 0.980859375 0.6131944444444445 0.03046875 0.0375
