9 0.55703125 0.4423611111111111 0.028125 0.05416666666666667
9 0.473828125 0.43472222222222223 0.02578125 0.025
9 0.504296875 0.4340277777777778 0.03203125 0.029166666666666667
9 0.540234375 0.45555555555555555 0.02890625 0.041666666666666664
2 0.60625 0.5229166666666667 0.0375 0.04583333333333333
2 0.423828125 0.5034722222222222 0.02890625 0.05694444444444444
2 0.43984375 0.4951388888888889 0.0234375 0.0375
2 0.575 0.5138888888888888 0.021875 0.03611111111111111
2 0.096484375 0.48055555555555557 0.04921875 0.07222222222222222
2 0.153515625 0.475 0.05234375 0.027777777777777776
2 0.01640625 0.5701388888888889 0.0328125 0.1625
2 0.32578125 0.4791666666666667 0.040625 0.05277777777777778
2 0.516796875 0.48055555555555557 0.01328125 0.025
2 0.49609375 0.4826388888888889 0.021875 0.034722222222222224
2 0.23203125 0.4909722222222222 0.071875 0.07916666666666666
2 0.376171875 0.5069444444444444 0.08984375 0.1388888888888889
3 0.466015625 0.46458333333333335 0.04453125 0.04027777777777778
2 0.473828125 0.4930555555555556 0.02578125 0.03888888888888889
