8 0.3875 0.28680555555555554 0.0078125 0.02361111111111111
8 0.525390625 0.24930555555555556 0.00859375 0.034722222222222224
8 0.49140625 0.26875 0.0125 0.04027777777777778
8 0.8375 0.3215277777777778 0.0125 0.020833333333333332
9 0.733984375 0.13472222222222222 0.02265625 0.013888888888888888
9 0.728125 0.14166666666666666 0.01875 0.013888888888888888
9 0.720703125 0.18125 0.01171875 0.020833333333333332
9 0.720703125 0.2111111111111111 0.01640625 0.03333333333333333
9 0.720703125 0.24722222222222223 0.01953125 0.03888888888888889
9 0.721484375 0.29097222222222224 0.01640625 0.04861111111111111
9 0.9421875 0.2548611111111111 0.025 0.018055555555555554
9 0.26875 0.24930555555555556 0.0234375 0.04861111111111111
8 0.742578125 0.29583333333333334 0.01171875 0.025
8 0.75703125 0.2972222222222222 0.0140625 0.025
2 0.38203125 0.36527777777777776 0.0109375 0.016666666666666666
2 0.361328125 0.3888888888888889 0.03671875 0.05555555555555555
2 0.119921875 0.3597222222222222 0.01796875 0.03888888888888889
2 0.01640625 0.3729166666666667 0.0328125 0.029166666666666667
2 0.5359375 0.3701388888888889 0.0703125 0.09583333333333334
2 0.091015625 0.3729166666666667 0.01640625 0.018055555555555554
2 0.06953125 0.3763888888888889 0.0109375 0.016666666666666666
2 0.298828125 0.4222222222222222 0.11953125 0.1361111111111111
2 0.449609375 0.46805555555555556 0.19296875 0.275
2 0.694140625 0.39375 0.12734375 0.14027777777777778
2 0.960546875 0.4534722222222222 0.07578125 0.15694444444444444
2 0.60859375 0.36666666666666664 0.0578125 0.058333333333333334
8 0.424609375 0.31875 0.01171875 0.020833333333333332
2 0.475 0.3284722222222222 0.01875 0.018055555555555554
