8 0.599609375 0.41875 0.01484375 0.02638888888888889
8 0.65 0.41388888888888886 0.0125 0.03611111111111111
8 0.18203125 0.2013888888888889 0.01875 0.09722222222222222
8 0.04453125 0.19722222222222222 0.0234375 0.1
8 0.31328125 0.20555555555555555 0.021875 0.09444444444444444
9 0.283984375 0.20694444444444443 0.02890625 0.06388888888888888
8 0.54296875 0.40694444444444444 0.0109375 0.03611111111111111
8 0.700390625 0.40347222222222223 0.01171875 0.043055555555555555
9 0.667578125 0.4263888888888889 0.02890625 0.016666666666666666
8 0.291015625 0.3923611111111111 0.01015625 0.0375
8 0.091015625 0.41180555555555554 0.01171875 0.043055555555555555
8 0.908984375 0.47430555555555554 0.00859375 0.04583333333333333
9 0.553125 0.4201388888888889 0.0078125 0.02638888888888889
9 0.6953125 0.5013888888888889 0.0078125 0.019444444444444445
2 0.562890625 0.5298611111111111 0.01328125 0.02361111111111111
2 0.524609375 0.5270833333333333 0.01328125 0.02361111111111111
2 0.5125 0.5277777777777778 0.0109375 0.019444444444444445
2 0.50078125 0.525 0.0125 0.019444444444444445
2 0.488671875 0.5215277777777778 0.01484375 0.015277777777777777
2 0.485546875 0.53125 0.01484375 0.02361111111111111
2 0.45078125 0.5263888888888889 0.01875 0.025
2 0.416796875 0.53125 0.02421875 0.034722222222222224
2 0.46796875 0.5368055555555555 0.0375 0.04583333333333333
2 0.547265625 0.5368055555555555 0.02578125 0.04583333333333333
2 0.58515625 0.5361111111111111 0.0234375 0.03333333333333333
2 0.355859375 0.5361111111111111 0.02109375 0.03333333333333333
2 0.313671875 0.5493055555555556 0.08046875 0.09583333333333334
2 0.242578125 0.5458333333333333 0.08359375 0.09166666666666666
2 0.878515625 0.5569444444444445 0.06328125 0.05555555555555555
3 0.818359375 0.5645833333333333 0.11796875 0.12916666666666668
2 0.715625 0.5777777777777777 0.109375 0.1361111111111111
4 0.637890625 0.5208333333333334 0.04140625 0.07777777777777778
