8 0.391796875 0.08263888888888889 0.01171875 0.043055555555555555
8 0.489453125 0.33402777777777776 0.00859375 0.03194444444444444
8 0.412109375 0.33541666666666664 0.00703125 0.02361111111111111
8 0.77421875 0.33958333333333335 0.00625 0.02638888888888889
8 0.369921875 0.10972222222222222 0.01484375 0.058333333333333334
9 0.196484375 0.12291666666666666 0.02109375 0.020833333333333332
9 0.199609375 0.14583333333333334 0.02265625 0.05555555555555555
9 0.194921875 0.20694444444444443 0.02734375 0.016666666666666666
9 0.58046875 0.3715277777777778 0.0125 0.0125
9 0.428125 0.32222222222222224 0.0078125 0.019444444444444445
2 0.424609375 0.4083333333333333 0.03828125 0.030555555555555555
2 0.470703125 0.4083333333333333 0.04765625 0.03611111111111111
2 0.519140625 0.41180555555555554 0.03046875 0.02361111111111111
2 0.5484375 0.41180555555555554 0.0234375 0.02361111111111111
2 0.57109375 0.40902777777777777 0.0328125 0.029166666666666667
2 0.659375 0.42916666666666664 0.0890625 0.11666666666666667
2 0.39453125 0.41458333333333336 0.021875 0.034722222222222224
2 0.296484375 0.4263888888888889 0.05703125 0.08333333333333333
2 0.146484375 0.4 0.29296875 0.25277777777777777
2 0.94765625 0.47430555555555554 0.1 0.16527777777777777
2 0.358203125 0.4131944444444444 0.04140625 0.034722222222222224
9 0.923046875 0.3548611111111111 0.02109375 0.043055555555555555
8 0.175 0.3104166666666667 0.0171875 0.02638888888888889
