9 0.650390625 0.1875 0.02265625 0.05
9 0.688671875 0.19652777777777777 0.01484375 0.029166666666666667
9 0.690625 0.22083333333333333 0.025 0.016666666666666666
9 0.5171875 0.3034722222222222 0.0078125 0.018055555555555554
9 0.516015625 0.32569444444444445 0.00546875 0.020833333333333332
9 0.551171875 0.31875 0.00546875 0.015277777777777777
9 0.53359375 0.3020833333333333 0.0046875 0.020833333333333332
9 0.535546875 0.3277777777777778 0.00390625 0.013888888888888888
9 0.53125 0.3145833333333333 0.0078125 0.0125
9 0.690234375 0.34791666666666665 0.00703125 0.0375
8 0.48984375 0.2875 0.00625 0.025
8 0.498046875 0.28402777777777777 0.00859375 0.0125
3 0.452734375 0.34375 0.01640625 0.0625
3 0.426171875 0.34305555555555556 0.03828125 0.08888888888888889
2 0.53359375 0.3680555555555556 0.0265625 0.03888888888888889
2 0.534375 0.3729166666666667 0.0203125 0.043055555555555555
2 0.542578125 0.3763888888888889 0.03203125 0.04722222222222222
2 0.54609375 0.3784722222222222 0.028125 0.04861111111111111
2 0.2453125 0.3861111111111111 0.0296875 0.06388888888888888
2 0.56015625 0.37777777777777777 0.0421875 0.05555555555555555
2 0.484765625 0.38333333333333336 0.07265625 0.11666666666666667
2 0.616015625 0.39375 0.07109375 0.08194444444444444
2 0.20390625 0.39791666666666664 0.0765625 0.07083333333333333
3 0.3265625 0.3159722222222222 0.1671875 0.26805555555555555
2 0.057421875 0.42291666666666666 0.11484375 0.12361111111111112
