9 0.51953125 0.23402777777777778 0.0171875 0.0375
9 0.608984375 0.2125 0.01640625 0.016666666666666666
9 0.6046875 0.23472222222222222 0.0109375 0.016666666666666666
9 0.291796875 0.22847222222222222 0.01015625 0.018055555555555554
2 0.41875 0.28888888888888886 0.0140625 0.025
2 0.400390625 0.2965277777777778 0.01640625 0.02361111111111111
2 0.397265625 0.30069444444444443 0.01328125 0.020833333333333332
2 0.38671875 0.30277777777777776 0.015625 0.03333333333333333
2 0.37265625 0.30416666666666664 0.01875 0.041666666666666664
2 0.354296875 0.3194444444444444 0.04296875 0.08333333333333333
2 0.31953125 0.33194444444444443 0.059375 0.12222222222222222
2 0.2875 0.35625 0.0953125 0.12361111111111112
2 0.126171875 0.39305555555555555 0.25234375 0.3638888888888889
2 0.436328125 0.3013888888888889 0.01015625 0.016666666666666666
2 0.441015625 0.3020833333333333 0.00703125 0.018055555555555554
2 0.446875 0.3013888888888889 0.0125 0.022222222222222223
2 0.45859375 0.3034722222222222 0.01875 0.03194444444444444
2 0.487890625 0.3104166666666667 0.03671875 0.04861111111111111
2 0.55703125 0.3236111111111111 0.0796875 0.125
2 0.587109375 0.34375 0.07421875 0.11527777777777778
2 0.6953125 0.3472222222222222 0.1921875 0.23333333333333334
2 0.869140625 0.40694444444444444 0.26015625 0.44722222222222224
