8 0.45390625 0.5340277777777778 0.00625 0.029166666666666667
8 0.49921875 0.5388888888888889 0.0078125 0.027777777777777776
8 0.383984375 0.6 0.01171875 0.013888888888888888
8 0.46015625 0.5326388888888889 0.0078125 0.02638888888888889
9 0.551953125 0.5631944444444444 0.02109375 0.0125
9 0.592578125 0.5527777777777778 0.01171875 0.027777777777777776
9 0.911328125 0.2263888888888889 0.09140625 0.1527777777777778
9 0.519921875 0.5645833333333333 0.01171875 0.015277777777777777
2 0.460546875 0.6131944444444445 0.01171875 0.020833333333333332
2 0.4515625 0.6180555555555556 0.0171875 0.027777777777777776
2 0.440625 0.6256944444444444 0.0171875 0.029166666666666667
2 0.42890625 0.6243055555555556 0.0140625 0.02638888888888889
2 0.476953125 0.6090277777777777 0.01015625 0.02361111111111111
2 0.486328125 0.6104166666666667 0.01640625 0.02638888888888889
2 0.5140625 0.6055555555555555 0.0109375 0.030555555555555555
2 0.519140625 0.6125 0.01015625 0.03611111111111111
2 0.525 0.6194444444444445 0.0171875 0.05
2 0.5390625 0.6388888888888888 0.034375 0.10555555555555556
2 0.5828125 0.6368055555555555 0.084375 0.14027777777777778
2 0.60390625 0.6513888888888889 0.084375 0.15555555555555556
2 0.348828125 0.6291666666666667 0.01328125 0.016666666666666666
2 0.326171875 0.6541666666666667 0.04296875 0.06111111111111111
2 0.298828125 0.6618055555555555 0.04453125 0.0763888888888889
2 0.23828125 0.6618055555555555 0.0921875 0.10972222222222222
2 0.147265625 0.6888888888888889 0.12109375 0.13055555555555556
2 0.503515625 0.6173611111111111 0.02109375 0.034722222222222224
2 0.390234375 0.6638888888888889 0.10546875 0.11944444444444445
2 0.04609375 0.6979166666666666 0.0921875 0.16805555555555557
2 0.80390625 0.6395833333333333 0.390625 0.7180555555555556
8 0.505078125 0.5673611111111111 0.00546875 0.02638888888888889
8 0.490234375 0.5722222222222222 0.00546875 0.022222222222222223
