3 0.62421875 0.3638888888888889 0.0125 0.022222222222222223
2 0.58828125 0.38125 0.0421875 0.02361111111111111
2 0.55078125 0.3798611111111111 0.0140625 0.034722222222222224
2 0.537109375 0.38263888888888886 0.02421875 0.04027777777777778
2 0.530859375 0.3902777777777778 0.01328125 0.030555555555555555
2 0.51015625 0.39305555555555555 0.034375 0.044444444444444446
2 0.46015625 0.3993055555555556 0.0578125 0.06805555555555555
2 0.40859375 0.4173611111111111 0.04375 0.07361111111111111
2 0.342578125 0.41805555555555557 0.10546875 0.125
2 0.24921875 0.45416666666666666 0.053125 0.11666666666666667
2 0.120703125 0.5173611111111112 0.24140625 0.39861111111111114
2 0.662890625 0.3625 0.03359375 0.041666666666666664
2 0.65859375 0.3659722222222222 0.0171875 0.02638888888888889
2 0.6734375 0.3645833333333333 0.03125 0.029166666666666667
2 0.672265625 0.40555555555555556 0.03828125 0.10555555555555556
2 0.81796875 0.5013888888888889 0.359375 0.6055555555555555
2 0.58828125 0.25069444444444444 0.0296875 0.020833333333333332
2 0.513671875 0.3090277777777778 0.02578125 0.015277777777777777
2 0.546875 0.3055555555555556 0.0203125 0.016666666666666666
9 0.012890625 0.28958333333333336 0.02578125 0.043055555555555555
