2 0.096875 0.5173611111111112 0.1921875 0.32916666666666666
2 0.21484375 0.5291666666666667 0.04375 0.07777777777777778
2 0.296875 0.49722222222222223 0.096875 0.16111111111111112
4 0.420703125 0.5090277777777777 0.04296875 0.07361111111111111
4 0.236328125 0.48333333333333334 0.04453125 0.07777777777777778
2 0.456640625 0.5118055555555555 0.03515625 0.0625
2 0.6 0.5034722222222222 0.0484375 0.09305555555555556
2 0.5265625 0.5069444444444444 0.1203125 0.18333333333333332
2 0.344921875 0.5284722222222222 0.14140625 0.15416666666666667
9 0.706640625 0.32013888888888886 0.03046875 0.09027777777777778
8 0.75625 0.34097222222222223 0.0203125 0.04861111111111111
9 0.00703125 0.3034722222222222 0.0140625 0.018055555555555554
9 0.007421875 0.2423611111111111 0.01484375 0.015277777777777777
9 0.0046875 0.17291666666666666 0.009375 0.0763888888888889
