9 0.634375 0.3173611111111111 0.06875 0.07361111111111111
9 0.63515625 0.4 0.0375 0.058333333333333334
9 0.6578125 0.44166666666666665 0.009375 0.03611111111111111
9 0.619140625 0.44513888888888886 0.00703125 0.034722222222222224
9 0.601953125 0.39305555555555555 0.01171875 0.019444444444444445
9 0.437109375 0.4152777777777778 0.00859375 0.016666666666666666
9 0.3859375 0.4048611111111111 0.015625 0.029166666666666667
9 0.26484375 0.3909722222222222 0.015625 0.02361111111111111
9 0.15859375 0.4013888888888889 0.034375 0.058333333333333334
9 0.338671875 0.40694444444444444 0.01015625 0.019444444444444445
2 0.14921875 0.4666666666666667 0.028125 0.027777777777777776
3 0.275390625 0.4388888888888889 0.05234375 0.05277777777777778
2 0.457421875 0.43333333333333335 0.01328125 0.019444444444444445
2 0.442578125 0.43819444444444444 0.01953125 0.020833333333333332
2 0.423046875 0.4354166666666667 0.02109375 0.02638888888888889
2 0.49921875 0.45416666666666666 0.0765625 0.125
2 0.402734375 0.45069444444444445 0.04296875 0.043055555555555555
2 0.58984375 0.425 0.0125 0.013888888888888888
2 0.533984375 0.43333333333333335 0.00859375 0.030555555555555555
2 0.5703125 0.425 0.0140625 0.022222222222222223
2 0.548828125 0.42777777777777776 0.01328125 0.019444444444444445
