9 0.428125 0.4173611111111111 0.0234375 0.04027777777777778
9 0.534765625 0.35208333333333336 0.01328125 0.020833333333333332
9 0.4609375 0.42430555555555555 0.0171875 0.020833333333333332
2 0.432421875 0.4708333333333333 0.02109375 0.03611111111111111
3 0.396875 0.44375 0.0390625 0.08472222222222223
2 0.356640625 0.4652777777777778 0.02578125 0.03888888888888889
2 0.326171875 0.4618055555555556 0.03046875 0.05416666666666667
2 0.280078125 0.47430555555555554 0.10078125 0.12083333333333333
2 0.11328125 0.4756944444444444 0.1515625 0.14027777777777778
2 0.02109375 0.6027777777777777 0.0421875 0.3638888888888889
3 0.223828125 0.37916666666666665 0.08671875 0.09166666666666666
2 0.121875 0.3909722222222222 0.05625 0.04027777777777778
3 0.030078125 0.3402777777777778 0.06015625 0.1
