9 0.630859375 0.5625 0.00859375 0.025
9 0.33203125 0.5291666666666667 0.0078125 0.013888888888888888
9 0.3546875 0.5465277777777777 0.0078125 0.0125
2 0.6984375 0.6215277777777778 0.0375 0.02361111111111111
2 0.674609375 0.6152777777777778 0.02890625 0.030555555555555555
2 0.98125 0.6284722222222222 0.03125 0.018055555555555554
2 0.626953125 0.6131944444444445 0.03046875 0.020833333333333332
2 0.584375 0.6034722222222222 0.046875 0.020833333333333332
2 0.554296875 0.6027777777777777 0.02890625 0.022222222222222223
2 0.54140625 0.5979166666666667 0.025 0.02361111111111111
2 0.516015625 0.5951388888888889 0.01640625 0.018055555555555554
2 0.473828125 0.5888888888888889 0.06484375 0.019444444444444445
2 0.436328125 0.5847222222222223 0.01953125 0.013888888888888888
2 0.419921875 0.5847222222222223 0.01953125 0.013888888888888888
2 0.737109375 0.6118055555555556 0.02578125 0.015277777777777777
2 0.3703125 0.5847222222222223 0.015625 0.013888888888888888
2 0.35390625 0.5847222222222223 0.0125 0.013888888888888888
2 0.342578125 0.5826388888888889 0.01171875 0.0125
2 0.330078125 0.5833333333333334 0.01328125 0.019444444444444445
2 0.316796875 0.5847222222222223 0.01171875 0.013888888888888888
2 0.303125 0.5826388888888889 0.0125 0.018055555555555554
2 0.287109375 0.58125 0.01328125 0.020833333333333332
2 0.281640625 0.5868055555555556 0.01484375 0.02361111111111111
2 0.27578125 0.5909722222222222 0.01875 0.02638888888888889
2 0.2578125 0.5944444444444444 0.025 0.03611111111111111
2 0.171484375 0.5631944444444444 0.02265625 0.015277777777777777
2 0.167578125 0.5833333333333334 0.02421875 0.019444444444444445
2 0.301171875 0.6013888888888889 0.02265625 0.03611111111111111
2 0.339453125 0.5909722222222222 0.01640625 0.018055555555555554
2 0.21171875 0.6131944444444445 0.0828125 0.12083333333333333
2 0.127734375 0.5458333333333333 0.02890625 0.019444444444444445
