2 0.466015625 0.4409722222222222 0.02421875 0.02361111111111111
2 0.4484375 0.4423611111111111 0.0140625 0.018055555555555554
2 0.4171875 0.44583333333333336 0.01875 0.025
2 0.4 0.44722222222222224 0.015625 0.022222222222222223
2 0.4328125 0.44027777777777777 0.0125 0.022222222222222223
9 0.49140625 0.3840277777777778 0.015625 0.020833333333333332
9 0.498046875 0.4013888888888889 0.01484375 0.03611111111111111
9 0.484375 0.3958333333333333 0.009375 0.022222222222222223
2 0.03828125 0.5722222222222222 0.0765625 0.2222222222222222
2 0.12734375 0.45555555555555555 0.1 0.06388888888888888
