2 0.498046875 0.4756944444444444 0.00703125 0.018055555555555554
2 0.490234375 0.475 0.00703125 0.019444444444444445
2 0.48203125 0.4756944444444444 0.0078125 0.02361111111111111
2 0.470703125 0.4722222222222222 0.01796875 0.041666666666666664
2 0.447265625 0.47847222222222224 0.03984375 0.05416666666666667
2 0.407421875 0.49027777777777776 0.06328125 0.08333333333333333
2 0.3921875 0.5041666666666667 0.053125 0.08333333333333333
2 0.335546875 0.5097222222222222 0.11015625 0.13333333333333333
2 0.252734375 0.5375 0.16328125 0.175
2 0.53203125 0.47291666666666665 0.0109375 0.020833333333333332
2 0.546484375 0.4701388888888889 0.01640625 0.04027777777777778
2 0.56640625 0.475 0.0375 0.08055555555555556
2 0.60078125 0.4847222222222222 0.0546875 0.1
2 0.607421875 0.49444444444444446 0.05078125 0.11666666666666667
2 0.718359375 0.5 0.21484375 0.3138888888888889
2 0.8546875 0.5958333333333333 0.28125 0.5583333333333333
2 0.11328125 0.5819444444444445 0.2265625 0.38333333333333336
