2 0.421484375 0.45069444444444445 0.03046875 0.0375
2 0.452734375 0.45069444444444445 0.03046875 0.04027777777777778
2 0.555078125 0.4583333333333333 0.03828125 0.05
2 0.74140625 0.4583333333333333 0.0890625 0.05555555555555555
2 0.589453125 0.43819444444444444 0.02265625 0.02361111111111111
2 0.534765625 0.4465277777777778 0.01171875 0.034722222222222224
2 0.530078125 0.44166666666666665 0.01171875 0.022222222222222223
2 0.521875 0.44375 0.0078125 0.015277777777777777
2 0.502734375 0.4375 0.01484375 0.025
2 0.474609375 0.4395833333333333 0.00703125 0.0125
2 0.4828125 0.43819444444444444 0.009375 0.015277777777777777
2 0.49375 0.4375 0.00625 0.011111111111111112
9 0.04609375 0.43819444444444444 0.0546875 0.06805555555555555
