9 0.63203125 0.4791666666666667 0.0265625 0.044444444444444446
9 0.149609375 0.6229166666666667 0.01796875 0.009722222222222222
9 0.38125 0.6673611111111111 0.0109375 0.0125
9 0.0375 0.55625 0.0140625 0.020833333333333332
9 0.027734375 0.5826388888888889 0.01796875 0.015277777777777777
8 0.033203125 0.61875 0.01328125 0.02638888888888889
8 0.183984375 0.5604166666666667 0.01015625 0.034722222222222224
8 0.1921875 0.5604166666666667 0.009375 0.034722222222222224
8 0.30234375 0.6097222222222223 0.00625 0.03333333333333333
8 0.36171875 0.64375 0.0046875 0.020833333333333332
8 0.147265625 0.6423611111111112 0.01328125 0.018055555555555554
4 0.4671875 0.6972222222222222 0.1296875 0.25833333333333336
2 0.402734375 0.7229166666666667 0.01796875 0.059722222222222225
2 0.39375 0.7215277777777778 0.0109375 0.02638888888888889
2 0.359765625 0.7208333333333333 0.05390625 0.06388888888888888
2 0.3171875 0.7104166666666667 0.03125 0.04861111111111111
2 0.14921875 0.6909722222222222 0.0640625 0.06527777777777778
2 0.217578125 0.6993055555555555 0.04140625 0.04861111111111111
2 0.263671875 0.7041666666666667 0.03359375 0.04722222222222222
2 0.296875 0.7104166666666667 0.0171875 0.02638888888888889
2 0.069140625 0.7520833333333333 0.13828125 0.22083333333333333
9 0.63203125 0.5506944444444445 0.046875 0.07916666666666666
