2 0.073828125 0.6083333333333333 0.14765625 0.2861111111111111
2 0.723828125 0.4576388888888889 0.04140625 0.05138888888888889
2 0.795703125 0.44375 0.03984375 0.05138888888888889
8 0.643359375 0.3854166666666667 0.00859375 0.02361111111111111
8 0.75546875 0.36944444444444446 0.0078125 0.022222222222222223
2 0.6296875 0.4534722222222222 0.0390625 0.034722222222222224
2 0.67265625 0.44722222222222224 0.0296875 0.030555555555555555
2 0.76796875 0.44375 0.0109375 0.0375
2 0.756640625 0.44166666666666665 0.01484375 0.022222222222222223
2 0.900390625 0.4638888888888889 0.08984375 0.05555555555555555
2 0.698046875 0.45069444444444445 0.01953125 0.0375
