9 0.65390625 0.2326388888888889 0.025 0.07083333333333333
9 0.125 0.41597222222222224 0.0296875 0.059722222222222225
8 0.362109375 0.3423611111111111 0.01953125 0.04861111111111111
9 0.5859375 0.45208333333333334 0.0125 0.029166666666666667
2 0.480859375 0.4979166666666667 0.01953125 0.02638888888888889
2 0.4078125 0.4979166666666667 0.021875 0.034722222222222224
2 0.3828125 0.5013888888888889 0.034375 0.03888888888888889
2 0.349609375 0.49930555555555556 0.04140625 0.05138888888888889
2 0.45 0.49722222222222223 0.028125 0.03888888888888889
2 0.508203125 0.5013888888888889 0.03203125 0.04722222222222222
2 0.575390625 0.48541666666666666 0.04453125 0.034722222222222224
2 0.723828125 0.49930555555555556 0.09765625 0.07916666666666666
2 0.522265625 0.5 0.03203125 0.04722222222222222
2 0.176953125 0.4979166666666667 0.03828125 0.04027777777777778
2 0.13046875 0.5027777777777778 0.0546875 0.06388888888888888
2 0.05234375 0.5090277777777777 0.0765625 0.07083333333333333
8 0.53359375 0.3611111111111111 0.0171875 0.03611111111111111
8 0.48125 0.44513888888888886 0.0125 0.015277777777777777
8 0.56640625 0.44375 0.0109375 0.020833333333333332
8 0.512890625 0.46458333333333335 0.00703125 0.0125
