9 0.339453125 0.4486111111111111 0.01640625 0.011111111111111112
9 0.580078125 0.33819444444444446 0.01484375 0.04583333333333333
9 0.580078125 0.4236111111111111 0.01796875 0.025
9 0.754296875 0.4201388888888889 0.01171875 0.029166666666666667
9 0.519140625 0.43819444444444444 0.01484375 0.0125
9 0.518359375 0.4583333333333333 0.01015625 0.022222222222222223
9 0.596484375 0.42291666666666666 0.01328125 0.02361111111111111
8 0.359375 0.44722222222222224 0.009375 0.013888888888888888
8 0.443359375 0.4423611111111111 0.00859375 0.020833333333333332
8 0.438671875 0.46319444444444446 0.01015625 0.0125
8 0.45390625 0.4736111111111111 0.0109375 0.016666666666666666
8 0.312109375 0.4736111111111111 0.00859375 0.016666666666666666
9 0.587109375 0.38819444444444445 0.01953125 0.0125
9 0.5796875 0.4027777777777778 0.0140625 0.008333333333333333
9 0.4640625 0.46944444444444444 0.009375 0.016666666666666666
2 0.564453125 0.49166666666666664 0.02109375 0.03333333333333333
2 0.52734375 0.49027777777777776 0.0171875 0.025
2 0.445703125 0.48680555555555555 0.02265625 0.034722222222222224
2 0.433984375 0.4847222222222222 0.02421875 0.044444444444444446
2 0.344140625 0.4979166666666667 0.02109375 0.04583333333333333
2 0.30390625 0.5048611111111111 0.034375 0.0375
2 0.281640625 0.5076388888888889 0.01484375 0.03194444444444444
2 0.244921875 0.5215277777777778 0.06953125 0.0625
2 0.208984375 0.5340277777777778 0.03515625 0.04583333333333333
2 0.161328125 0.5138888888888888 0.03203125 0.04722222222222222
2 0.0921875 0.5298611111111111 0.1296875 0.1125
2 0.648046875 0.5298611111111111 0.17734375 0.2375
2 0.398046875 0.5430555555555555 0.11015625 0.16944444444444445
2 0.840234375 0.48680555555555555 0.07734375 0.07361111111111111
2 0.903515625 0.4465277777777778 0.05859375 0.0625
2 0.748828125 0.49236111111111114 0.03203125 0.05416666666666667
2 0.9734375 0.42083333333333334 0.05 0.05555555555555555
9 0.012890625 0.4895833333333333 0.01015625 0.029166666666666667
2 0.324609375 0.4951388888888889 0.01640625 0.02361111111111111
2 0.475390625 0.49583333333333335 0.04609375 0.06944444444444445
