2 0.008203125 0.6868055555555556 0.01484375 0.06527777777777778
2 0.0890625 0.6576388888888889 0.1109375 0.07083333333333333
2 0.388671875 0.6395833333333333 0.04296875 0.06805555555555555
2 0.509375 0.6166666666666667 0.0171875 0.019444444444444445
2 0.476953125 0.6125 0.01328125 0.013888888888888888
2 0.4921875 0.6118055555555556 0.0078125 0.015277777777777777
2 0.498046875 0.6131944444444445 0.01015625 0.020833333333333332
2 0.464453125 0.6138888888888889 0.00703125 0.013888888888888888
2 0.458984375 0.6138888888888889 0.00859375 0.016666666666666666
2 0.455078125 0.6131944444444445 0.01015625 0.015277777777777777
2 0.450390625 0.6166666666666667 0.01328125 0.022222222222222223
9 0.51796875 0.5666666666666667 0.0078125 0.019444444444444445
9 0.541796875 0.5715277777777777 0.00703125 0.015277777777777777
9 0.626953125 0.5368055555555555 0.00859375 0.0375
9 0.330078125 0.5618055555555556 0.01171875 0.018055555555555554
9 0.227734375 0.5854166666666667 0.01484375 0.02638888888888889
8 0.34296875 0.6020833333333333 0.009375 0.015277777777777777
