2 0.5921875 0.5513888888888889 0.146875 0.19444444444444445
8 0.39453125 0.30486111111111114 0.0078125 0.034722222222222224
8 0.60859375 0.2326388888888889 0.009375 0.05138888888888889
8 0.324609375 0.29930555555555555 0.01015625 0.05138888888888889
8 0.326953125 0.35208333333333336 0.01015625 0.04583333333333333
8 0.385546875 0.30625 0.00703125 0.03194444444444444
8 0.41015625 0.30416666666666664 0.0078125 0.03611111111111111
8 0.590625 0.24027777777777778 0.0125 0.041666666666666664
8 0.618359375 0.23819444444444443 0.01171875 0.043055555555555555
8 0.7578125 0.3972222222222222 0.0078125 0.013888888888888888
8 0.021484375 0.4013888888888889 0.01484375 0.019444444444444445
8 0.7484375 0.39791666666666664 0.0078125 0.018055555555555554
8 0.863671875 0.3680555555555556 0.02421875 0.027777777777777776
9 0.862109375 0.2847222222222222 0.03203125 0.016666666666666666
4 0.203125 0.45069444444444445 0.259375 0.13472222222222222
4 0.049609375 0.43819444444444444 0.09921875 0.13472222222222222
2 0.497265625 0.46041666666666664 0.10078125 0.07083333333333333
2 0.678125 0.4625 0.0828125 0.058333333333333334
2 0.809375 0.4583333333333333 0.0609375 0.05277777777777778
2 0.91328125 0.4576388888888889 0.0875 0.05138888888888889
2 0.38046875 0.45625 0.0390625 0.02361111111111111
2 0.580859375 0.4465277777777778 0.01796875 0.02361111111111111
2 0.41875 0.4576388888888889 0.0296875 0.02361111111111111
2 0.43828125 0.4576388888888889 0.0078125 0.029166666666666667
