9 0.9859375 0.2604166666666667 0.025 0.0625
9 0.984375 0.3277777777777778 0.0265625 0.07222222222222222
8 0.584765625 0.4875 0.00703125 0.019444444444444445
2 0.33828125 0.5826388888888889 0.04375 0.0625
2 0.2859375 0.5965277777777778 0.0765625 0.07916666666666666
2 0.099609375 0.6486111111111111 0.03359375 0.08055555555555556
2 0.478515625 0.5548611111111111 0.02265625 0.020833333333333332
2 0.4546875 0.5590277777777778 0.0203125 0.02361111111111111
2 0.435546875 0.5631944444444444 0.01484375 0.02361111111111111
2 0.40546875 0.5798611111111112 0.05 0.07361111111111111
2 0.627734375 0.5340277777777778 0.01953125 0.03194444444444444
2 0.633984375 0.5416666666666666 0.01796875 0.03333333333333333
2 0.64609375 0.5465277777777777 0.028125 0.04027777777777778
2 0.676953125 0.5416666666666666 0.06171875 0.08055555555555556
2 0.734765625 0.56875 0.06640625 0.09861111111111111
2 0.781640625 0.5805555555555556 0.08046875 0.14166666666666666
3 0.8953125 0.5645833333333333 0.2046875 0.2875
2 0.9796875 0.6895833333333333 0.0359375 0.2013888888888889
2 0.042578125 0.6368055555555555 0.08515625 0.2013888888888889
3 0.605859375 0.5173611111111112 0.03515625 0.08472222222222223
2 0.183984375 0.6236111111111111 0.10546875 0.09444444444444444
