8 0.01328125 0.19375 0.015625 0.07916666666666666
8 0.35859375 0.11805555555555555 0.0171875 0.07222222222222222
8 0.511328125 0.41597222222222224 0.01328125 0.02361111111111111
8 0.48046875 0.29583333333333334 0.0140625 0.06388888888888888
8 0.045703125 0.38819444444444445 0.01171875 0.043055555555555555
8 0.1359375 0.32430555555555557 0.0140625 0.05416666666666667
8 0.033984375 0.3819444444444444 0.00859375 0.030555555555555555
8 0.00234375 0.2152777777777778 0.0046875 0.075
8 0.3421875 0.1375 0.0265625 0.09166666666666666
9 0.47890625 0.3798611111111111 0.0265625 0.018055555555555554
8 0.297265625 0.3034722222222222 0.00859375 0.043055555555555555
8 0.3109375 0.31319444444444444 0.0125 0.04861111111111111
8 0.281640625 0.4736111111111111 0.00390625 0.011111111111111112
8 0.248046875 0.47430555555555554 0.00390625 0.0125
9 0.82734375 0.3784722222222222 0.04375 0.059722222222222225
2 0.123828125 0.5527777777777778 0.05078125 0.05555555555555555
2 0.264453125 0.5486111111111112 0.02578125 0.044444444444444446
2 0.296484375 0.5270833333333333 0.01640625 0.02361111111111111
2 0.305859375 0.5270833333333333 0.00859375 0.02361111111111111
2 0.313671875 0.5284722222222222 0.01328125 0.02638888888888889
2 0.316015625 0.5409722222222222 0.01171875 0.029166666666666667
2 0.3234375 0.5430555555555555 0.0171875 0.03611111111111111
2 0.431640625 0.5208333333333334 0.20703125 0.1361111111111111
3 0.683984375 0.48819444444444443 0.18046875 0.09305555555555556
2 0.5875 0.5444444444444444 0.053125 0.03611111111111111
2 0.7 0.50625 0.1140625 0.05138888888888889
2 0.78515625 0.5118055555555555 0.01875 0.03194444444444444
2 0.815234375 0.5145833333333333 0.04296875 0.02638888888888889
2 0.846484375 0.4986111111111111 0.05390625 0.03888888888888889
2 0.79609375 0.4930555555555556 0.03125 0.022222222222222223
2 0.19765625 0.5576388888888889 0.1171875 0.1375
2 0.281640625 0.525 0.01640625 0.025
8 0.4890625 0.4326388888888889 0.015625 0.03194444444444444
