9 0.59453125 0.47708333333333336 0.0109375 0.020833333333333332
8 0.4640625 0.6173611111111111 0.0046875 0.0125
2 0.471484375 0.6423611111111112 0.01484375 0.04027777777777778
2 0.455859375 0.6409722222222223 0.01640625 0.02638888888888889
2 0.434375 0.6402777777777777 0.0234375 0.03611111111111111
2 0.3203125 0.6402777777777777 0.03125 0.07222222222222222
2 0.301953125 0.6548611111111111 0.04140625 0.07916666666666666
2 0.24453125 0.6576388888888889 0.0859375 0.09583333333333334
2 0.1359375 0.6777777777777778 0.1359375 0.14722222222222223
2 0.531640625 0.6395833333333333 0.00859375 0.0125
2 0.548046875 0.6361111111111111 0.02421875 0.03888888888888889
2 0.499609375 0.6416666666666667 0.05078125 0.07777777777777778
2 0.366015625 0.6444444444444445 0.07734375 0.125
2 0.640625 0.6326388888888889 0.065625 0.07361111111111111
2 0.036328125 0.7215277777777778 0.07265625 0.22916666666666666
