8 0.455078125 0.4965277777777778 0.01328125 0.02638888888888889
8 0.543359375 0.46597222222222223 0.01171875 0.029166666666666667
8 0.4921875 0.5347222222222222 0.0078125 0.019444444444444445
8 0.43203125 0.5388888888888889 0.0078125 0.019444444444444445
8 0.436328125 0.5569444444444445 0.00859375 0.019444444444444445
8 0.23125 0.4736111111111111 0.0109375 0.03888888888888889
8 0.24140625 0.4722222222222222 0.009375 0.041666666666666664
9 0.5359375 0.5076388888888889 0.0109375 0.015277777777777777
9 0.6 0.475 0.0078125 0.030555555555555555
9 0.597265625 0.5069444444444444 0.01328125 0.022222222222222223
9 0.37734375 0.5402777777777777 0.0078125 0.022222222222222223
9 0.358203125 0.5229166666666667 0.01328125 0.029166666666666667
8 0.461328125 0.5597222222222222 0.00703125 0.022222222222222223
8 0.45234375 0.5673611111111111 0.0109375 0.018055555555555554
2 0.446484375 0.5840277777777778 0.01484375 0.03194444444444444
2 0.456640625 0.5854166666666667 0.01640625 0.029166666666666667
2 0.471484375 0.5888888888888889 0.01640625 0.03611111111111111
2 0.521875 0.5881944444444445 0.0328125 0.05416666666666667
2 0.580859375 0.5819444444444445 0.02734375 0.03611111111111111
2 0.370703125 0.6 0.01640625 0.019444444444444445
2 0.3875 0.5916666666666667 0.0125 0.022222222222222223
2 0.3546875 0.5986111111111111 0.0125 0.022222222222222223
2 0.3375 0.6118055555555556 0.021875 0.029166666666666667
2 0.3140625 0.6180555555555556 0.0234375 0.03611111111111111
2 0.4328125 0.5979166666666667 0.0203125 0.034722222222222224
2 0.487890625 0.6027777777777777 0.03828125 0.05277777777777778
2 0.54765625 0.5972222222222222 0.0421875 0.058333333333333334
8 0.64453125 0.5222222222222223 0.0125 0.019444444444444445
2 0.14921875 0.6701388888888888 0.084375 0.0875
2 0.83515625 0.575 0.328125 0.8472222222222222
9 0.053125 0.5395833333333333 0.0234375 0.02361111111111111
9 0.050390625 0.56875 0.01796875 0.015277777777777777
9 0.051171875 0.5854166666666667 0.01953125 0.015277777777777777
2 0.03515625 0.6645833333333333 0.034375 0.04027777777777778
2 0.011328125 0.6597222222222222 0.02265625 0.041666666666666664
1 0.269921875 0.6256944444444444 0.01484375 0.04027777777777778
2 0.294140625 0.6180555555555556 0.01640625 0.022222222222222223
8 0.58359375 0.5430555555555555 0.0109375 0.016666666666666666
