9 0.3703125 0.43333333333333335 0.025 0.058333333333333334
9 0.722265625 0.4527777777777778 0.02421875 0.05277777777777778
2 0.309375 0.47291666666666665 0.0234375 0.03194444444444444
2 0.277734375 0.4701388888888889 0.02109375 0.02638888888888889
2 0.265234375 0.48194444444444445 0.03515625 0.03611111111111111
2 0.244140625 0.4798611111111111 0.01796875 0.03194444444444444
2 0.224609375 0.47847222222222224 0.03515625 0.04583333333333333
2 0.2296875 0.4930555555555556 0.0359375 0.03888888888888889
2 0.178515625 0.49236111111111114 0.04140625 0.05694444444444444
2 0.146484375 0.49375 0.02890625 0.029166666666666667
2 0.08671875 0.4534722222222222 0.0859375 0.10694444444444444
2 0.01953125 0.4388888888888889 0.0390625 0.14444444444444443
3 0.55859375 0.4756944444444444 0.028125 0.06527777777777778
2 0.53515625 0.5145833333333333 0.059375 0.08472222222222223
