2 0.196875 0.4618055555555556 0.0515625 0.07916666666666666
2 0.17890625 0.48194444444444445 0.034375 0.07222222222222222
2 0.12421875 0.48333333333333334 0.096875 0.11666666666666667
2 0.051171875 0.5611111111111111 0.10234375 0.33611111111111114
2 0.7703125 0.5319444444444444 0.4578125 0.7916666666666666
2 0.336328125 0.5347222222222222 0.23828125 0.45
8 0.483984375 0.22569444444444445 0.01328125 0.05416666666666667
8 0.1984375 0.2638888888888889 0.0109375 0.05555555555555555
8 0.470703125 0.23402777777777778 0.01015625 0.05416666666666667
9 0.158203125 0.4125 0.01953125 0.044444444444444446
9 0.611328125 0.33055555555555555 0.01171875 0.013888888888888888
9 0.617578125 0.31319444444444444 0.03046875 0.015277777777777777
9 0.6234375 0.29583333333333334 0.0265625 0.013888888888888888
9 0.9 0.13194444444444445 0.040625 0.058333333333333334
8 0.893359375 0.05 0.02109375 0.1
