1 0.443359375 0.48680555555555555 0.01015625 0.020833333333333332
1 0.50078125 0.5159722222222223 0.034375 0.10138888888888889
1 0.425 0.49930555555555556 0.0125 0.034722222222222224
2 0.4140625 0.5027777777777778 0.0109375 0.025
2 0.402734375 0.5027777777777778 0.01796875 0.03611111111111111
2 0.38671875 0.5055555555555555 0.025 0.044444444444444446
2 0.377734375 0.5083333333333333 0.02265625 0.041666666666666664
2 0.36796875 0.5083333333333333 0.0203125 0.05
2 0.34921875 0.5125 0.034375 0.058333333333333334
2 0.309375 0.5097222222222222 0.0546875 0.08333333333333333
2 0.290625 0.5263888888888889 0.0578125 0.09166666666666666
2 0.2546875 0.5319444444444444 0.0578125 0.11388888888888889
2 0.190234375 0.5451388888888888 0.11796875 0.15694444444444444
2 0.075390625 0.5666666666666667 0.15078125 0.2111111111111111
2 0.470703125 0.5173611111111112 0.04921875 0.0763888888888889
