8 0.5671875 0.11666666666666667 0.0234375 0.09444444444444444
9 0.583203125 0.2013888888888889 0.05078125 0.03611111111111111
9 0.887109375 0.11875 0.03828125 0.1736111111111111
9 0.507421875 0.37083333333333335 0.01328125 0.05555555555555555
8 0.623828125 0.30833333333333335 0.02265625 0.05555555555555555
8 0.601171875 0.3076388888888889 0.01796875 0.05416666666666667
2 0.329296875 0.49236111111111114 0.01640625 0.020833333333333332
3 0.266015625 0.47708333333333336 0.05859375 0.09305555555555556
2 0.154296875 0.48541666666666666 0.06640625 0.10416666666666667
2 0.099609375 0.5027777777777778 0.08828125 0.09722222222222222
2 0.446875 0.48541666666666666 0.0359375 0.04861111111111111
3 0.944921875 0.39305555555555555 0.10859375 0.3111111111111111
2 0.402734375 0.48541666666666666 0.01328125 0.020833333333333332
2 0.380078125 0.4840277777777778 0.00859375 0.02361111111111111
