9 0.355859375 0.41388888888888886 0.01640625 0.025
9 0.41875 0.41041666666666665 0.0109375 0.02361111111111111
9 0.47734375 0.41875 0.0078125 0.018055555555555554
9 0.157421875 0.2569444444444444 0.03046875 0.06666666666666667
9 0.19140625 0.3375 0.0890625 0.08888888888888889
9 0.182421875 0.40208333333333335 0.03203125 0.02638888888888889
9 0.1140625 0.4083333333333333 0.01875 0.022222222222222223
9 0.334765625 0.41805555555555557 0.01640625 0.025
9 0.664453125 0.36666666666666664 0.02265625 0.022222222222222223
9 0.800390625 0.36736111111111114 0.01640625 0.0375
9 0.465625 0.3736111111111111 0.0390625 0.041666666666666664
2 0.42734375 0.44583333333333336 0.0234375 0.027777777777777776
2 0.53515625 0.43472222222222223 0.0140625 0.016666666666666666
2 0.346484375 0.4597222222222222 0.02109375 0.030555555555555555
2 0.323046875 0.45625 0.02578125 0.05138888888888889
2 0.236328125 0.4736111111111111 0.04140625 0.058333333333333334
2 0.19296875 0.48055555555555557 0.0640625 0.07222222222222222
2 0.104296875 0.4875 0.11484375 0.08888888888888889
2 0.0375 0.4777777777777778 0.06875 0.09166666666666666
2 0.006640625 0.49930555555555556 0.01328125 0.10138888888888889
2 0.28203125 0.4444444444444444 0.0328125 0.041666666666666664
2 0.312109375 0.43333333333333335 0.01484375 0.019444444444444445
2 0.37421875 0.4423611111111111 0.0171875 0.020833333333333332
2 0.367578125 0.45625 0.03046875 0.034722222222222224
2 0.394140625 0.45555555555555555 0.02265625 0.022222222222222223
2 0.290234375 0.4618055555555556 0.04921875 0.059722222222222225
2 0.444921875 0.48194444444444445 0.05390625 0.075
2 0.50546875 0.4465277777777778 0.0171875 0.020833333333333332
2 0.63046875 0.40208333333333335 0.0109375 0.0125
2 0.6140625 0.4131944444444444 0.0109375 0.015277777777777777
