2 0.522265625 0.36736111111111114 0.01015625 0.020833333333333332
2 0.512109375 0.36875 0.01015625 0.015277777777777777
2 0.498828125 0.36736111111111114 0.01796875 0.02638888888888889
2 0.48203125 0.36319444444444443 0.025 0.0375
2 0.47265625 0.37083333333333335 0.025 0.03611111111111111
2 0.445703125 0.3736111111111111 0.03828125 0.05555555555555555
2 0.4078125 0.375 0.040625 0.041666666666666664
2 0.369140625 0.37777777777777777 0.02734375 0.04722222222222222
2 0.352734375 0.3770833333333333 0.02421875 0.05416666666666667
2 0.32890625 0.38125 0.0328125 0.06527777777777778
2 0.281640625 0.3819444444444444 0.06328125 0.07777777777777778
2 0.232421875 0.3888888888888889 0.05390625 0.07222222222222222
2 0.15390625 0.3819444444444444 0.109375 0.10833333333333334
2 0.803125 0.4423611111111111 0.2390625 0.23472222222222222
2 0.5375 0.36527777777777776 0.015625 0.019444444444444445
2 0.5546875 0.36666666666666664 0.009375 0.016666666666666666
2 0.571875 0.3541666666666667 0.0203125 0.03888888888888889
2 0.594140625 0.36875 0.02890625 0.06805555555555555
2 0.6125 0.37430555555555556 0.0328125 0.07361111111111111
3 0.70703125 0.2826388888888889 0.178125 0.35694444444444445
4 0.12578125 0.34444444444444444 0.25 0.21944444444444444
2 0.03203125 0.5027777777777778 0.0640625 0.4
1 0.572265625 0.3715277777777778 0.01796875 0.05138888888888889
