9 0.041015625 0.17083333333333334 0.03671875 0.013888888888888888
9 0.043359375 0.22569444444444445 0.02734375 0.07083333333333333
9 0.623046875 0.33819444444444446 0.02734375 0.015277777777777777
2 0.516796875 0.43194444444444446 0.02265625 0.019444444444444445
2 0.489453125 0.42916666666666664 0.03203125 0.025
2 0.440234375 0.4201388888888889 0.05390625 0.05416666666666667
2 0.28203125 0.4083333333333333 0.05 0.06944444444444445
2 0.63671875 0.4354166666666667 0.015625 0.0125
2 0.669140625 0.39861111111111114 0.04296875 0.09722222222222222
2 0.567578125 0.3902777777777778 0.10234375 0.16111111111111112
2 0.730859375 0.3909722222222222 0.10234375 0.13194444444444445
2 0.354296875 0.39444444444444443 0.11171875 0.10555555555555556
3 0.18125 0.40555555555555556 0.1671875 0.1361111111111111
