2 0.87734375 0.6104166666666667 0.165625 0.1625
2 0.794921875 0.6 0.04453125 0.08611111111111111
2 0.751953125 0.5868055555555556 0.07421875 0.09027777777777778
2 0.698828125 0.5770833333333333 0.05078125 0.0625
2 0.656640625 0.56875 0.03828125 0.04861111111111111
2 0.631640625 0.56875 0.02421875 0.029166666666666667
2 0.6171875 0.5680555555555555 0.01875 0.022222222222222223
2 0.58984375 0.5631944444444444 0.0234375 0.029166666666666667
2 0.576953125 0.55625 0.01796875 0.02638888888888889
2 0.563671875 0.5472222222222223 0.01484375 0.016666666666666666
2 0.551953125 0.5381944444444444 0.01484375 0.015277777777777777
2 0.5109375 0.5381944444444444 0.0140625 0.018055555555555554
2 0.544921875 0.5604166666666667 0.03515625 0.04861111111111111
8 0.467578125 0.4840277777777778 0.00859375 0.02638888888888889
8 0.484765625 0.5090277777777777 0.00703125 0.018055555555555554
8 0.5890625 0.4777777777777778 0.00625 0.019444444444444445
8 0.5375 0.5076388888888889 0.00625 0.0125
