9 0.16875 0.5243055555555556 0.10625 0.2152777777777778
9 0.65234375 0.5743055555555555 0.090625 0.1736111111111111
9 0.290625 0.18611111111111112 0.0453125 0.09722222222222222
9 0.558203125 0.2152777777777778 0.03984375 0.09444444444444444
9 0.40625 0.38680555555555557 0.009375 0.015277777777777777
9 0.3734375 0.4048611111111111 0.00625 0.0125
2 0.369921875 0.41597222222222224 0.01015625 0.020833333333333332
2 0.39140625 0.4166666666666667 0.034375 0.041666666666666664
9 0.920703125 0.3 0.06796875 0.2388888888888889
9 0.983203125 0.28055555555555556 0.03046875 0.15
3 0.12421875 0.30833333333333335 0.2484375 0.6138888888888889
