8 0.43515625 0.37777777777777777 0.0125 0.013888888888888888
8 0.4296875 0.3958333333333333 0.0125 0.016666666666666666
8 0.359375 0.3819444444444444 0.0109375 0.019444444444444445
8 0.338671875 0.3875 0.01328125 0.019444444444444445
9 0.447265625 0.36875 0.01640625 0.009722222222222222
9 0.475 0.39861111111111114 0.0125 0.025
2 0.4328125 0.41180555555555554 0.0125 0.015277777777777777
2 0.4265625 0.4131944444444444 0.0109375 0.0125
2 0.41640625 0.4111111111111111 0.0125 0.016666666666666666
2 0.509375 0.425 0.0203125 0.016666666666666666
2 0.7375 0.4513888888888889 0.059375 0.058333333333333334
2 0.895703125 0.45902777777777776 0.12421875 0.10416666666666667
2 0.30703125 0.42430555555555555 0.0109375 0.02638888888888889
2 0.2953125 0.4236111111111111 0.0125 0.019444444444444445
2 0.282421875 0.4263888888888889 0.01328125 0.019444444444444445
2 0.26484375 0.4284722222222222 0.021875 0.020833333333333332
2 0.24296875 0.42569444444444443 0.01875 0.02638888888888889
2 0.213671875 0.4215277777777778 0.01796875 0.03194444444444444
2 0.11171875 0.41180555555555554 0.025 0.03194444444444444
2 0.078125 0.43194444444444446 0.0484375 0.03333333333333333
2 0.007421875 0.41041666666666665 0.01484375 0.029166666666666667
2 0.02890625 0.4236111111111111 0.05625 0.041666666666666664
2 0.37109375 0.4222222222222222 0.01875 0.025
2 0.228125 0.4236111111111111 0.0109375 0.022222222222222223
2 0.978515625 0.43680555555555556 0.03984375 0.06805555555555555
2 0.15703125 0.44027777777777777 0.0859375 0.07777777777777778
2 0.33359375 0.42916666666666664 0.0375 0.03611111111111111
2 0.424609375 0.4222222222222222 0.01640625 0.019444444444444445
