9 0.508203125 0.4951388888888889 0.01484375 0.02361111111111111
9 0.50703125 0.4618055555555556 0.0171875 0.0375
3 0.401953125 0.5576388888888889 0.01640625 0.029166666666666667
2 0.394140625 0.5868055555555556 0.01484375 0.02638888888888889
2 0.369921875 0.5840277777777778 0.02578125 0.04583333333333333
2 0.446875 0.5881944444444445 0.0859375 0.1375
2 0.3328125 0.5805555555555556 0.059375 0.08333333333333333
2 0.248828125 0.6083333333333333 0.14140625 0.14166666666666666
2 0.063671875 0.6833333333333333 0.12734375 0.32222222222222224
9 0.25 0.5236111111111111 0.0453125 0.03888888888888889
9 0.85 0.11319444444444444 0.0765625 0.1736111111111111
