2 0.375390625 0.4534722222222222 0.04765625 0.02638888888888889
2 0.4046875 0.49444444444444446 0.0921875 0.08333333333333333
2 0.480078125 0.5006944444444444 0.09140625 0.1125
2 0.609765625 0.55 0.16796875 0.2222222222222222
2 0.34765625 0.6395833333333333 0.2421875 0.3402777777777778
2 0.795703125 0.7111111111111111 0.40390625 0.575
9 0.049609375 0.32222222222222224 0.07421875 0.11944444444444445
9 0.19921875 0.3597222222222222 0.01875 0.013888888888888888
9 0.2140625 0.3840277777777778 0.01875 0.0125
9 0.275 0.3861111111111111 0.025 0.025
9 0.516015625 0.38958333333333334 0.02109375 0.02361111111111111
9 0.787109375 0.23958333333333334 0.02578125 0.043055555555555555
9 0.807421875 0.25625 0.02578125 0.03194444444444444
9 0.822265625 0.2861111111111111 0.04921875 0.022222222222222223
9 0.050390625 0.5506944444444445 0.02421875 0.029166666666666667
9 0.05 0.5840277777777778 0.025 0.03194444444444444
8 0.34765625 0.30694444444444446 0.009375 0.03888888888888889
8 0.544921875 0.24375 0.01171875 0.05416666666666667
8 0.4078125 0.41805555555555557 0.0046875 0.019444444444444445
8 0.380078125 0.4131944444444444 0.00546875 0.020833333333333332
8 0.22421875 0.4326388888888889 0.015625 0.020833333333333332
8 0.358203125 0.30833333333333335 0.00859375 0.03888888888888889
8 0.812890625 0.33958333333333335 0.03046875 0.04583333333333333
8 0.78359375 0.34444444444444444 0.0125 0.04722222222222222
8 0.49765625 0.44166666666666665 0.0078125 0.016666666666666666
8 0.505078125 0.44166666666666665 0.00703125 0.016666666666666666
