9 0.358203125 0.45416666666666666 0.00703125 0.013888888888888888
9 0.401953125 0.4513888888888889 0.00546875 0.019444444444444445
9 0.434375 0.44930555555555557 0.0078125 0.02361111111111111
9 0.456640625 0.45 0.01328125 0.030555555555555555
9 0.5015625 0.4222222222222222 0.0125 0.030555555555555555
9 0.678515625 0.19652777777777777 0.06484375 0.11805555555555555
9 0.686328125 0.29930555555555555 0.06640625 0.10972222222222222
9 0.693359375 0.36527777777777776 0.03203125 0.05
2 0.371484375 0.47291666666666665 0.01171875 0.020833333333333332
2 0.355078125 0.5104166666666666 0.04140625 0.059722222222222225
