8 0.60390625 0.14305555555555555 0.0125 0.06111111111111111
8 0.77890625 0.3104166666666667 0.009375 0.020833333333333332
8 0.4 0.26805555555555555 0.009375 0.041666666666666664
8 0.725 0.35347222222222224 0.0078125 0.018055555555555554
8 0.013671875 0.06111111111111111 0.02421875 0.10555555555555556
8 0.194140625 0.30416666666666664 0.01015625 0.04722222222222222
8 0.390234375 0.26458333333333334 0.00703125 0.03194444444444444
8 0.01640625 0.26319444444444445 0.0328125 0.05138888888888889
8 0.1984375 0.3680555555555556 0.009375 0.022222222222222223
8 0.312109375 0.3659722222222222 0.01171875 0.018055555555555554
8 0.3328125 0.29444444444444445 0.009375 0.044444444444444446
8 0.5859375 0.14375 0.0140625 0.06805555555555555
8 0.77421875 0.21180555555555555 0.0140625 0.05694444444444444
8 0.744921875 0.20902777777777778 0.01328125 0.05694444444444444
8 0.7671875 0.31527777777777777 0.009375 0.025
8 0.721484375 0.2916666666666667 0.01015625 0.03888888888888889
2 0.49609375 0.3972222222222222 0.0140625 0.044444444444444446
2 0.5359375 0.4152777777777778 0.0515625 0.06388888888888888
2 0.458203125 0.41041666666666665 0.06640625 0.12361111111111112
2 0.33515625 0.4173611111111111 0.0140625 0.02638888888888889
2 0.302734375 0.41944444444444445 0.02109375 0.030555555555555555
2 0.279296875 0.41944444444444445 0.02265625 0.030555555555555555
2 0.263671875 0.43125 0.02734375 0.02361111111111111
2 0.23515625 0.43194444444444446 0.0296875 0.030555555555555555
2 0.23046875 0.41180555555555554 0.03125 0.02361111111111111
3 0.137109375 0.4152777777777778 0.08359375 0.08888888888888889
2 0.08671875 0.4354166666666667 0.03125 0.04027777777777778
2 0.167578125 0.42986111111111114 0.10234375 0.06805555555555555
2 0.984375 0.3854166666666667 0.03125 0.09305555555555556
2 0.912890625 0.3638888888888889 0.09453125 0.05555555555555555
3 0.865625 0.3854166666666667 0.1953125 0.11805555555555555
4 0.971484375 0.3854166666666667 0.05546875 0.09305555555555556
