2 0.359375 0.5972222222222222 0.009375 0.019444444444444445
2 0.321875 0.6534722222222222 0.021875 0.0375
2 0.2875 0.6673611111111111 0.021875 0.04861111111111111
2 0.274609375 0.6701388888888888 0.01328125 0.05138888888888889
2 0.134375 0.70625 0.0703125 0.10972222222222222
2 0.3515625 0.65 0.0515625 0.044444444444444446
2 0.363671875 0.5277777777777778 0.00703125 0.011111111111111112
2 0.362890625 0.5354166666666667 0.00859375 0.009722222222222222
2 0.359375 0.5451388888888888 0.0078125 0.0125
2 0.392578125 0.4798611111111111 0.00859375 0.0125
2 0.39609375 0.4930555555555556 0.009375 0.013888888888888888
2 0.39375 0.6604166666666667 0.04375 0.0625
2 0.21015625 0.6972222222222222 0.128125 0.175
2 0.052734375 0.7409722222222223 0.10546875 0.15416666666666667
9 0.057421875 0.5493055555555556 0.01953125 0.03194444444444444
9 0.059375 0.5861111111111111 0.01875 0.03888888888888889
9 0.55390625 0.5458333333333333 0.01875 0.03888888888888889
