9 0.53046875 0.19791666666666666 0.040625 0.043055555555555555
9 0.419140625 0.1673611111111111 0.02578125 0.034722222222222224
9 0.5703125 0.3659722222222222 0.0140625 0.03194444444444444
9 0.5921875 0.3638888888888889 0.0125 0.027777777777777776
9 0.627734375 0.3472222222222222 0.02421875 0.016666666666666666
9 0.598828125 0.33958333333333335 0.02265625 0.0125
9 0.514453125 0.3388888888888889 0.01484375 0.013888888888888888
9 0.33046875 0.3402777777777778 0.01875 0.011111111111111112
9 0.320703125 0.3659722222222222 0.01328125 0.006944444444444444
9 0.2953125 0.35208333333333336 0.0125 0.02638888888888889
9 0.535546875 0.3701388888888889 0.00703125 0.015277777777777777
8 0.49296875 0.33819444444444446 0.0109375 0.018055555555555554
8 0.49765625 0.35347222222222224 0.00625 0.0125
8 0.442578125 0.3472222222222222 0.01171875 0.025
2 0.520703125 0.39791666666666664 0.00703125 0.02361111111111111
2 0.526953125 0.40347222222222223 0.01171875 0.0375
2 0.533984375 0.40625 0.01796875 0.04027777777777778
2 0.5453125 0.42430555555555555 0.025 0.034722222222222224
2 0.580859375 0.4284722222222222 0.06796875 0.05138888888888889
2 0.476171875 0.38333333333333336 0.02265625 0.030555555555555555
2 0.455078125 0.3861111111111111 0.01171875 0.027777777777777776
2 0.485546875 0.40625 0.01796875 0.034722222222222224
2 0.36328125 0.4305555555555556 0.0421875 0.06666666666666667
3 0.420703125 0.4083333333333333 0.07265625 0.1361111111111111
2 0.5015625 0.43333333333333335 0.040625 0.058333333333333334
2 0.167578125 0.42986111111111114 0.10234375 0.14305555555555555
9 0.74765625 0.29444444444444445 0.0234375 0.03333333333333333
2 0.67109375 0.43125 0.0234375 0.04583333333333333
