9 0.34921875 0.36041666666666666 0.053125 0.043055555555555555
9 0.43984375 0.3763888888888889 0.0421875 0.044444444444444446
9 0.5265625 0.3819444444444444 0.0078125 0.013888888888888888
9 0.5578125 0.3854166666666667 0.0109375 0.018055555555555554
9 0.541015625 0.3819444444444444 0.01640625 0.019444444444444445
9 0.612890625 0.4 0.01796875 0.022222222222222223
9 0.639453125 0.39444444444444443 0.00703125 0.019444444444444445
2 0.555078125 0.41458333333333336 0.01484375 0.03194444444444444
2 0.369921875 0.4395833333333333 0.06484375 0.07083333333333333
2 0.51328125 0.46944444444444444 0.1140625 0.175
