2 0.0578125 0.2673611111111111 0.1140625 0.43194444444444446
2 0.902734375 0.20902777777777778 0.18828125 0.3375
2 0.170703125 0.21944444444444444 0.22890625 0.26666666666666666
2 0.038671875 0.12222222222222222 0.04296875 0.030555555555555555
2 0.314453125 0.18958333333333333 0.09140625 0.13472222222222222
2 0.36328125 0.15902777777777777 0.05625 0.09027777777777778
2 0.761328125 0.20972222222222223 0.25859375 0.2611111111111111
2 0.5828125 0.16666666666666666 0.090625 0.14444444444444443
2 0.533984375 0.1798611111111111 0.04296875 0.10416666666666667
2 0.500390625 0.16527777777777777 0.03203125 0.06944444444444445
2 0.48203125 0.13819444444444445 0.0375 0.04861111111111111
2 0.45859375 0.125 0.0171875 0.03611111111111111
2 0.396875 0.1326388888888889 0.0109375 0.0375
2 0.444140625 0.125 0.01171875 0.022222222222222223
