9 0.1828125 0.23125 0.021875 0.04027777777777778
9 0.4484375 0.19444444444444445 0.025 0.04722222222222222
8 0.323046875 0.39166666666666666 0.01015625 0.027777777777777776
9 0.491015625 0.46597222222222223 0.01015625 0.018055555555555554
2 0.428515625 0.5034722222222222 0.02421875 0.02638888888888889
2 0.4515625 0.5076388888888889 0.03125 0.034722222222222224
2 0.4890625 0.5104166666666666 0.046875 0.04027777777777778
2 0.5421875 0.5305555555555556 0.0515625 0.09166666666666666
2 0.598046875 0.5520833333333334 0.10078125 0.13194444444444445
9 0.591796875 0.41041666666666665 0.01015625 0.02361111111111111
2 0.84375 0.6472222222222223 0.3125 0.4111111111111111
2 0.259375 0.49375 0.0265625 0.04583333333333333
