9 0.15625 0.34444444444444444 0.0375 0.08333333333333333
2 0.483203125 0.48055555555555557 0.01484375 0.022222222222222223
2 0.49765625 0.4930555555555556 0.01875 0.03611111111111111
2 0.6046875 0.5034722222222222 0.015625 0.04027777777777778
2 0.6234375 0.5048611111111111 0.025 0.05416666666666667
2 0.65234375 0.5090277777777777 0.0328125 0.05416666666666667
2 0.65859375 0.5152777777777777 0.0203125 0.05
2 0.68671875 0.5173611111111112 0.0453125 0.0625
2 0.69453125 0.5236111111111111 0.0375 0.058333333333333334
2 0.734375 0.5243055555555556 0.06875 0.07361111111111111
2 0.804296875 0.5402777777777777 0.07421875 0.075
2 0.893359375 0.5361111111111111 0.15234375 0.125
2 0.964453125 0.5506944444444445 0.06796875 0.14583333333333334
2 0.44453125 0.49027777777777776 0.0203125 0.03333333333333333
2 0.405859375 0.4840277777777778 0.01953125 0.029166666666666667
2 0.283203125 0.49027777777777776 0.02578125 0.03333333333333333
2 0.25 0.49444444444444446 0.01875 0.03333333333333333
2 0.20546875 0.49444444444444446 0.028125 0.041666666666666664
2 0.1609375 0.5006944444444444 0.0234375 0.0375
2 0.1859375 0.5118055555555555 0.05 0.04861111111111111
2 0.12265625 0.5090277777777777 0.0484375 0.05416666666666667
2 0.419921875 0.5090277777777777 0.04609375 0.0875
2 0.465625 0.49930555555555556 0.03125 0.05138888888888889
2 0.541015625 0.5368055555555555 0.09140625 0.13194444444444445
2 0.580859375 0.5152777777777777 0.03984375 0.08333333333333333
2 0.344140625 0.4798611111111111 0.02109375 0.029166666666666667
9 0.194921875 0.45416666666666666 0.01640625 0.022222222222222223
