9 0.429296875 0.53125 0.01484375 0.05138888888888889
9 0.195703125 0.5590277777777778 0.02421875 0.0125
9 0.187109375 0.4909722222222222 0.01171875 0.009722222222222222
9 0.221484375 0.44930555555555557 0.03984375 0.015277777777777777
8 0.196875 0.4888888888888889 0.0125 0.05555555555555555
8 0.259765625 0.4284722222222222 0.01328125 0.04861111111111111
8 0.210546875 0.58125 0.01328125 0.02361111111111111
8 0.268359375 0.4305555555555556 0.01328125 0.044444444444444446
8 0.24765625 0.4270833333333333 0.015625 0.05138888888888889
8 0.315234375 0.5791666666666667 0.00703125 0.022222222222222223
8 0.89375 0.4930555555555556 0.0109375 0.03888888888888889
2 0.472265625 0.6493055555555556 0.02578125 0.04583333333333333
2 0.702734375 0.5909722222222222 0.03046875 0.029166666666666667
2 0.73984375 0.6166666666666667 0.0796875 0.04722222222222222
9 0.916015625 0.5215277777777778 0.01953125 0.009722222222222222
8 0.969921875 0.21041666666666667 0.03671875 0.1125
8 0.93046875 0.1986111111111111 0.015625 0.09166666666666666
8 0.94609375 0.19930555555555557 0.0203125 0.10694444444444444
2 0.8953125 0.7208333333333333 0.2046875 0.36944444444444446
3 0.63359375 0.7569444444444444 0.3515625 0.4722222222222222
2 0.189453125 0.7770833333333333 0.36015625 0.35138888888888886
