9 0.690625 0.2777777777777778 0.046875 0.09166666666666666
9 0.700390625 0.19236111111111112 0.02265625 0.06527777777777778
2 0.45859375 0.4548611111111111 0.0109375 0.02361111111111111
2 0.469921875 0.4618055555555556 0.01953125 0.02361111111111111
2 0.482421875 0.46319444444444446 0.02109375 0.0375
2 0.3953125 0.4673611111111111 0.015625 0.015277777777777777
2 0.384375 0.4722222222222222 0.0171875 0.030555555555555555
2 0.368359375 0.47638888888888886 0.01953125 0.030555555555555555
2 0.33984375 0.4875 0.0421875 0.04722222222222222
2 0.304296875 0.49027777777777776 0.03671875 0.058333333333333334
2 0.270703125 0.5006944444444444 0.04921875 0.08194444444444444
2 0.234375 0.5097222222222222 0.046875 0.09166666666666666
2 0.50859375 0.47638888888888886 0.053125 0.06388888888888888
2 0.1578125 0.5326388888888889 0.134375 0.14305555555555555
2 0.62265625 0.4888888888888889 0.1625 0.22777777777777777
2 0.022265625 0.5222222222222223 0.04453125 0.06944444444444445
2 0.430859375 0.4576388888888889 0.03046875 0.04583333333333333
