8 0.0828125 0.07222222222222222 0.01875 0.06944444444444445
8 0.307421875 0.3326388888888889 0.01953125 0.0375
8 0.25546875 0.3854166666666667 0.0109375 0.02638888888888889
8 0.245703125 0.39305555555555555 0.00859375 0.027777777777777776
8 0.2265625 0.38680555555555557 0.0046875 0.02361111111111111
8 0.1875 0.39444444444444443 0.009375 0.025
8 0.175390625 0.40694444444444444 0.01328125 0.030555555555555555
2 0.05390625 0.43333333333333335 0.0578125 0.075
2 0.257421875 0.4388888888888889 0.04921875 0.058333333333333334
9 0.303515625 0.25763888888888886 0.03046875 0.029166666666666667
