2 0.48671875 0.5298611111111111 0.0265625 0.04583333333333333
2 0.546875 0.5048611111111111 0.096875 0.1597222222222222
2 0.215625 0.5354166666666667 0.0328125 0.04027777777777778
2 0.1875 0.5458333333333333 0.0328125 0.03333333333333333
2 0.153125 0.5430555555555555 0.0390625 0.06111111111111111
2 0.633984375 0.5416666666666666 0.17890625 0.22777777777777777
2 0.319140625 0.53125 0.02265625 0.02638888888888889
2 0.408984375 0.5270833333333333 0.01484375 0.02361111111111111
2 0.067578125 0.5270833333333333 0.13515625 0.18194444444444444
9 0.4828125 0.4673611111111111 0.01875 0.03194444444444444
9 0.455078125 0.48680555555555555 0.01171875 0.020833333333333332
2 0.246484375 0.5333333333333333 0.03046875 0.041666666666666664
