9 0.14375 0.15763888888888888 0.0203125 0.020833333333333332
9 0.2015625 0.2652777777777778 0.0171875 0.005555555555555556
9 0.295703125 0.22777777777777777 0.01328125 0.025
9 0.296875 0.25763888888888886 0.0078125 0.02361111111111111
9 0.49765625 0.26458333333333334 0.03125 0.04583333333333333
8 0.28203125 0.03333333333333333 0.01875 0.06666666666666667
8 0.120703125 0.1284722222222222 0.01015625 0.04861111111111111
8 0.1984375 0.24305555555555555 0.00625 0.027777777777777776
8 0.20546875 0.24305555555555555 0.00625 0.027777777777777776
8 0.207421875 0.2791666666666667 0.00546875 0.016666666666666666
8 0.199609375 0.2798611111111111 0.01015625 0.018055555555555554
8 0.953515625 0.22361111111111112 0.01796875 0.027777777777777776
8 0.98046875 0.225 0.01875 0.025
8 0.894140625 0.11805555555555555 0.01171875 0.041666666666666664
2 0.0765625 0.32569444444444445 0.059375 0.04583333333333333
2 0.4890625 0.3347222222222222 0.0265625 0.03333333333333333
2 0.756640625 0.38263888888888886 0.31796875 0.2152777777777778
2 0.943359375 0.32222222222222224 0.11015625 0.06944444444444445
2 0.09375 0.3909722222222222 0.1875 0.2152777777777778
3 0.124609375 0.325 0.03984375 0.05
2 0.153515625 0.3173611111111111 0.01796875 0.03194444444444444
