2 0.8859375 0.7402777777777778 0.225 0.4583333333333333
2 0.7609375 0.5965277777777778 0.3015625 0.29583333333333334
2 0.601171875 0.5270833333333333 0.11796875 0.15138888888888888
2 0.532421875 0.4736111111111111 0.07109375 0.09722222222222222
2 0.491796875 0.4708333333333333 0.01328125 0.05555555555555555
2 0.040625 0.4652777777777778 0.08125 0.08333333333333333
2 0.105859375 0.4618055555555556 0.06171875 0.059722222222222225
2 0.2953125 0.45416666666666666 0.05 0.05277777777777778
2 0.349609375 0.4479166666666667 0.02890625 0.034722222222222224
2 0.413671875 0.44722222222222224 0.01484375 0.019444444444444445
2 0.40078125 0.44375 0.0109375 0.018055555555555554
2 0.458203125 0.45069444444444445 0.01640625 0.018055555555555554
2 0.441015625 0.4513888888888889 0.01328125 0.016666666666666666
2 0.3671875 0.44583333333333336 0.009375 0.013888888888888888
2 0.376171875 0.44583333333333336 0.00703125 0.013888888888888888
