9 0.497265625 0.2326388888888889 0.04921875 0.10972222222222222
9 0.127734375 0.41875 0.02890625 0.04861111111111111
9 0.257421875 0.4097222222222222 0.10234375 0.06944444444444445
2 0.8421875 0.44027777777777777 0.0125 0.013888888888888888
2 0.8203125 0.4361111111111111 0.0125 0.022222222222222223
2 0.8140625 0.4388888888888889 0.0109375 0.022222222222222223
2 0.8078125 0.45069444444444445 0.0125 0.03194444444444444
2 0.833984375 0.44722222222222224 0.01171875 0.025
2 0.915234375 0.44513888888888886 0.01328125 0.029166666666666667
2 0.79140625 0.43333333333333335 0.009375 0.019444444444444445
2 0.78125 0.4361111111111111 0.0109375 0.016666666666666666
2 0.797265625 0.4583333333333333 0.01796875 0.027777777777777776
2 0.8265625 0.46458333333333335 0.0171875 0.02361111111111111
2 0.772265625 0.4618055555555556 0.02578125 0.04861111111111111
2 0.751171875 0.46597222222222223 0.03515625 0.05138888888888889
2 0.855859375 0.44027777777777777 0.01171875 0.025
