9 0.16171875 0.2986111111111111 0.0171875 0.025
9 0.769140625 0.20347222222222222 0.04453125 0.029166666666666667
9 0.633203125 0.19166666666666668 0.01796875 0.03888888888888889
9 0.403125 0.36736111111111114 0.009375 0.015277777777777777
2 0.439453125 0.3923611111111111 0.01015625 0.018055555555555554
2 0.430078125 0.39375 0.01015625 0.02361111111111111
2 0.4171875 0.39652777777777776 0.0203125 0.029166666666666667
2 0.39921875 0.3993055555555556 0.0203125 0.04027777777777778
2 0.387890625 0.4048611111111111 0.01484375 0.0375
2 0.374609375 0.40208333333333335 0.02578125 0.05138888888888889
2 0.35546875 0.4083333333333333 0.040625 0.06388888888888888
2 0.335546875 0.41180555555555554 0.03046875 0.06805555555555555
2 0.299609375 0.4125 0.07421875 0.08611111111111111
2 0.4671875 0.42569444444444443 0.0765625 0.10694444444444444
2 0.26171875 0.4354166666666667 0.090625 0.10138888888888889
2 0.922265625 0.4111111111111111 0.11328125 0.14722222222222223
