3 0.134375 0.3951388888888889 0.26875 0.37916666666666665
3 0.2953125 0.33194444444444443 0.2046875 0.4111111111111111
3 0.480859375 0.35555555555555557 0.06328125 0.05
9 0.542578125 0.27708333333333335 0.02109375 0.04861111111111111
9 0.545703125 0.32916666666666666 0.01328125 0.016666666666666666
2 0.540234375 0.3840277777777778 0.06171875 0.0375
2 0.560546875 0.4361111111111111 0.05703125 0.09722222222222222
2 0.64765625 0.4666666666666667 0.1796875 0.21944444444444444
2 0.837109375 0.6208333333333333 0.32421875 0.4583333333333333
2 0.45390625 0.5173611111111112 0.2109375 0.29305555555555557
