9 0.45625 0.5576388888888889 0.0046875 0.015277777777777777
9 0.45078125 0.5590277777777778 0.0046875 0.015277777777777777
9 0.464453125 0.5597222222222222 0.00546875 0.013888888888888888
9 0.46796875 0.5555555555555556 0.0078125 0.011111111111111112
9 0.502734375 0.46111111111111114 0.02578125 0.011111111111111112
9 0.44609375 0.49722222222222223 0.0421875 0.04722222222222222
9 0.49375 0.4930555555555556 0.0453125 0.05
2 0.505078125 0.59375 0.00703125 0.009722222222222222
2 0.525390625 0.5895833333333333 0.01484375 0.015277777777777777
2 0.4796875 0.5916666666666667 0.0109375 0.013888888888888888
2 0.449609375 0.5777777777777777 0.01484375 0.016666666666666666
