8 0.459765625 0.37916666666666665 0.01171875 0.06944444444444445
8 0.545703125 0.36041666666666666 0.01171875 0.05416666666666667
8 0.9796875 0.13680555555555557 0.025 0.10138888888888889
8 0.643359375 0.46041666666666664 0.01171875 0.018055555555555554
9 0.58671875 0.5319444444444444 0.009375 0.016666666666666666
9 0.558984375 0.5444444444444444 0.01953125 0.016666666666666666
9 0.538671875 0.5506944444444445 0.01171875 0.020833333333333332
9 0.555859375 0.5284722222222222 0.01484375 0.018055555555555554
9 0.3453125 0.5618055555555556 0.0140625 0.018055555555555554
9 0.41171875 0.5541666666666667 0.0078125 0.016666666666666666
2 0.228515625 0.6006944444444444 0.07109375 0.0625
2 0.352734375 0.59375 0.03828125 0.04861111111111111
2 0.415625 0.5875 0.021875 0.03611111111111111
2 0.496484375 0.5798611111111112 0.01484375 0.020833333333333332
9 0.173828125 0.5444444444444444 0.03046875 0.03333333333333333
2 0.432421875 0.5854166666666667 0.01171875 0.020833333333333332
