9 0.262890625 0.1875 0.02109375 0.04722222222222222
9 0.772265625 0.12638888888888888 0.02265625 0.044444444444444446
9 0.47578125 0.16944444444444445 0.009375 0.016666666666666666
9 0.3046875 0.17916666666666667 0.0203125 0.025
9 0.46328125 0.2076388888888889 0.00625 0.0125
8 0.5078125 0.16875 0.0078125 0.0125
8 0.555078125 0.18888888888888888 0.00546875 0.011111111111111112
9 0.7203125 0.18541666666666667 0.009375 0.0375
2 0.5140625 0.23819444444444443 0.015625 0.009722222222222222
2 0.493359375 0.2513888888888889 0.02265625 0.041666666666666664
2 0.683203125 0.2625 0.04296875 0.07777777777777778
2 0.71875 0.2777777777777778 0.0546875 0.07777777777777778
2 0.538671875 0.22013888888888888 0.03671875 0.059722222222222225
2 0.563671875 0.23819444444444443 0.00859375 0.029166666666666667
2 0.318359375 0.2722222222222222 0.02890625 0.025
2 0.282421875 0.2972222222222222 0.06484375 0.06944444444444445
2 0.220703125 0.3125 0.10546875 0.09722222222222222
2 0.52421875 0.30625 0.08125 0.13472222222222222
2 0.373046875 0.29791666666666666 0.12265625 0.1763888888888889
2 0.765625 0.2847222222222222 0.0921875 0.08611111111111111
4 0.63828125 0.23472222222222222 0.0546875 0.1
3 0.587890625 0.23472222222222222 0.04140625 0.10555555555555556
2 0.124609375 0.3458333333333333 0.14921875 0.125
2 0.955078125 0.32916666666666666 0.08828125 0.18055555555555555
