2 0.3953125 0.6444444444444445 0.0625 0.08333333333333333
9 0.120703125 0.5916666666666667 0.03203125 0.06944444444444445
9 0.203125 0.6465277777777778 0.0265625 0.059722222222222225
9 0.256640625 0.6506944444444445 0.02265625 0.020833333333333332
9 0.540234375 0.5618055555555556 0.00859375 0.02638888888888889
9 0.053515625 0.5819444444444445 0.10703125 0.07777777777777778
9 0.029296875 0.6777777777777778 0.01484375 0.030555555555555555
4 0.136328125 0.70625 0.09140625 0.13194444444444445
3 0.0171875 0.7236111111111111 0.034375 0.2361111111111111
2 0.0703125 0.7097222222222223 0.0328125 0.041666666666666664
2 0.044921875 0.6895833333333333 0.02109375 0.043055555555555555
