9 0.7 0.5423611111111111 0.0203125 0.009722222222222222
9 0.681640625 0.5770833333333333 0.00703125 0.015277777777777777
8 0.68359375 0.5381944444444444 0.00625 0.02361111111111111
8 0.676171875 0.5368055555555555 0.00703125 0.02638888888888889
8 0.590625 0.5847222222222223 0.0046875 0.016666666666666666
8 0.56328125 0.5506944444444445 0.0078125 0.020833333333333332
8 0.632421875 0.5770833333333333 0.00703125 0.0125
2 0.63203125 0.6111111111111112 0.0078125 0.011111111111111112
2 0.648828125 0.6145833333333334 0.00859375 0.0125
2 0.653125 0.6159722222222223 0.009375 0.018055555555555554
2 0.660546875 0.6229166666666667 0.01484375 0.029166666666666667
2 0.66953125 0.6256944444444444 0.0171875 0.029166666666666667
2 0.6890625 0.6298611111111111 0.021875 0.034722222222222224
2 0.7421875 0.6555555555555556 0.025 0.058333333333333334
2 0.771875 0.65625 0.0421875 0.07361111111111111
2 0.80078125 0.6618055555555555 0.0578125 0.08194444444444444
2 0.51953125 0.61875 0.0375 0.029166666666666667
2 0.15234375 0.6368055555555555 0.0609375 0.04861111111111111
2 0.066015625 0.6479166666666667 0.09140625 0.08472222222222223
2 0.694921875 0.6381944444444444 0.02890625 0.034722222222222224
2 0.638671875 0.6201388888888889 0.01484375 0.02361111111111111
2 0.84296875 0.6826388888888889 0.09375 0.09583333333333334
9 0.99140625 0.3715277777777778 0.015625 0.059722222222222225
9 0.9921875 0.41805555555555557 0.0140625 0.027777777777777776
2 0.560546875 0.6291666666666667 0.01015625 0.016666666666666666
9 0.725390625 0.5736111111111111 0.01328125 0.005555555555555556
