2 0.677734375 0.5256944444444445 0.09765625 0.10416666666666667
2 0.4921875 0.4826388888888889 0.01875 0.018055555555555554
2 0.365625 0.4909722222222222 0.0375 0.034722222222222224
2 0.471875 0.48125 0.01875 0.029166666666666667
2 0.449609375 0.48055555555555557 0.02421875 0.030555555555555555
2 0.494140625 0.46597222222222223 0.01484375 0.018055555555555554
8 0.438671875 0.42986111111111114 0.00703125 0.018055555555555554
8 0.51953125 0.42916666666666664 0.00625 0.016666666666666666
9 0.485546875 0.4465277777777778 0.00546875 0.018055555555555554
2 0.52734375 0.4777777777777778 0.0203125 0.03333333333333333
2 0.515625 0.46458333333333335 0.009375 0.015277777777777777
2 0.506640625 0.46458333333333335 0.00859375 0.015277777777777777
