8 0.561328125 0.06041666666666667 0.01796875 0.059722222222222225
8 0.6234375 0.275 0.015625 0.05555555555555555
8 0.944140625 0.3125 0.01953125 0.05555555555555555
8 0.625390625 0.4 0.01171875 0.027777777777777776
8 0.605859375 0.4 0.01015625 0.022222222222222223
8 0.53125 0.10069444444444445 0.01875 0.0875
8 0.33046875 0.41458333333333336 0.009375 0.03194444444444444
8 0.41328125 0.4027777777777778 0.009375 0.016666666666666666
8 0.419140625 0.44513888888888886 0.00703125 0.018055555555555554
8 0.426953125 0.43333333333333335 0.00859375 0.022222222222222223
2 0.381640625 0.45694444444444443 0.01640625 0.016666666666666666
2 0.3671875 0.4597222222222222 0.015625 0.022222222222222223
2 0.43515625 0.45625 0.0125 0.018055555555555554
2 0.44296875 0.46458333333333335 0.0140625 0.020833333333333332
2 0.451953125 0.4673611111111111 0.02109375 0.0375
2 0.460546875 0.47638888888888886 0.02109375 0.03888888888888889
2 0.402734375 0.45694444444444443 0.02109375 0.03333333333333333
2 0.306640625 0.4618055555555556 0.03046875 0.043055555555555555
2 0.27734375 0.4722222222222222 0.0234375 0.030555555555555555
2 0.2640625 0.4736111111111111 0.03125 0.03333333333333333
2 0.344921875 0.4597222222222222 0.02265625 0.03888888888888889
2 0.323828125 0.4597222222222222 0.02734375 0.03888888888888889
2 0.228125 0.4909722222222222 0.040625 0.05138888888888889
2 0.476953125 0.48055555555555557 0.02578125 0.03888888888888889
2 0.63828125 0.46111111111111114 0.0375 0.058333333333333334
2 0.759765625 0.4673611111111111 0.11640625 0.09583333333333334
2 0.870703125 0.4548611111111111 0.05390625 0.09583333333333334
2 0.93828125 0.4513888888888889 0.0578125 0.07222222222222222
9 0.495703125 0.41944444444444445 0.00703125 0.025
