2 0.025 0.40625 0.05 0.04583333333333333
2 0.06640625 0.4 0.0328125 0.03333333333333333
2 0.23828125 0.4013888888888889 0.103125 0.19166666666666668
2 0.32890625 0.39861111111111114 0.0359375 0.05555555555555555
2 0.371875 0.39166666666666666 0.0265625 0.05
2 0.3828125 0.3763888888888889 0.0234375 0.04722222222222222
2 0.405078125 0.3736111111111111 0.02109375 0.03333333333333333
2 0.4234375 0.40347222222222223 0.0515625 0.0763888888888889
2 0.454296875 0.3923611111111111 0.01328125 0.029166666666666667
2 0.46640625 0.39375 0.015625 0.029166666666666667
2 0.48359375 0.39166666666666666 0.0265625 0.041666666666666664
2 0.532421875 0.40625 0.04453125 0.07916666666666666
2 0.5484375 0.4152777777777778 0.0546875 0.07222222222222222
2 0.5875 0.40625 0.075 0.10694444444444444
2 0.6375 0.41597222222222224 0.09375 0.12638888888888888
2 0.735546875 0.4354166666666667 0.15078125 0.15694444444444444
2 0.811328125 0.38472222222222224 0.04765625 0.06388888888888888
2 0.87578125 0.4826388888888889 0.24375 0.20694444444444443
9 0.782421875 0.2125 0.02890625 0.08611111111111111
9 0.771875 0.2604166666666667 0.0265625 0.020833333333333332
9 0.508203125 0.2826388888888889 0.01328125 0.029166666666666667
9 0.58671875 0.2833333333333333 0.03125 0.016666666666666666
8 0.571484375 0.2569444444444444 0.01328125 0.03888888888888889
8 0.431640625 0.2652777777777778 0.00859375 0.022222222222222223
8 0.438671875 0.2611111111111111 0.00703125 0.030555555555555555
8 0.3375 0.3423611111111111 0.009375 0.020833333333333332
8 0.40546875 0.33125 0.0109375 0.015277777777777777
8 0.276953125 0.2916666666666667 0.00859375 0.030555555555555555
2 0.116796875 0.40555555555555556 0.04765625 0.03888888888888889
2 0.158984375 0.3993055555555556 0.02578125 0.04027777777777778
2 0.183984375 0.3951388888888889 0.02265625 0.034722222222222224
