9 0.63359375 0.2923611111111111 0.015625 0.03194444444444444
9 0.446875 0.42430555555555555 0.009375 0.020833333333333332
9 0.480078125 0.3861111111111111 0.01171875 0.008333333333333333
9 0.4765625 0.4076388888888889 0.009375 0.0125
8 0.31328125 0.39166666666666666 0.00625 0.019444444444444445
8 0.4046875 0.3902777777777778 0.00625 0.016666666666666666
8 0.726953125 0.32569444444444445 0.01953125 0.034722222222222224
8 0.7125 0.3284722222222222 0.015625 0.0375
2 0.383203125 0.46041666666666664 0.00859375 0.015277777777777777
2 0.378125 0.45902777777777776 0.0078125 0.0125
2 0.36484375 0.45694444444444443 0.0171875 0.030555555555555555
2 0.224609375 0.48125 0.02421875 0.0375
2 0.246875 0.4798611111111111 0.05 0.04027777777777778
2 0.2765625 0.48194444444444445 0.021875 0.03888888888888889
2 0.429296875 0.4548611111111111 0.00703125 0.020833333333333332
2 0.43671875 0.45555555555555555 0.015625 0.030555555555555555
2 0.46875 0.4465277777777778 0.0109375 0.018055555555555554
2 0.398828125 0.4409722222222222 0.03046875 0.07916666666666666
2 0.400390625 0.45625 0.02578125 0.05416666666666667
3 0.303125 0.4576388888888889 0.04375 0.08472222222222223
2 0.44921875 0.4583333333333333 0.025 0.03611111111111111
2 0.4140625 0.4618055555555556 0.034375 0.05416666666666667
2 0.37421875 0.4597222222222222 0.0078125 0.016666666666666666
2 0.3296875 0.4673611111111111 0.0625 0.06527777777777778
2 0.087890625 0.5173611111111112 0.12265625 0.1375
