2 0.32265625 0.38263888888888886 0.0109375 0.018055555555555554
2 0.311328125 0.38680555555555557 0.00859375 0.015277777777777777
2 0.301953125 0.38819444444444445 0.01484375 0.020833333333333332
2 0.273828125 0.40347222222222223 0.01796875 0.034722222222222224
2 0.230859375 0.3993055555555556 0.01640625 0.02638888888888889
2 0.211328125 0.4041666666666667 0.02265625 0.025
2 0.18515625 0.4076388888888889 0.028125 0.029166666666666667
3 0.25390625 0.3923611111111111 0.025 0.034722222222222224
2 0.58203125 0.38680555555555557 0.021875 0.034722222222222224
2 0.607421875 0.3875 0.01328125 0.013888888888888888
2 0.62109375 0.39166666666666666 0.0234375 0.016666666666666666
2 0.6390625 0.39861111111111114 0.0171875 0.025
2 0.651953125 0.39652777777777776 0.01796875 0.029166666666666667
2 0.48671875 0.37430555555555556 0.00625 0.009722222222222222
2 0.4921875 0.3784722222222222 0.009375 0.015277777777777777
2 0.498046875 0.3854166666666667 0.01328125 0.02361111111111111
2 0.459375 0.3736111111111111 0.0484375 0.03333333333333333
2 0.451171875 0.4513888888888889 0.09296875 0.13333333333333333
2 0.66171875 0.4048611111111111 0.03125 0.03194444444444444
2 0.60859375 0.42569444444444443 0.059375 0.07083333333333333
2 0.839453125 0.4756944444444444 0.31796875 0.4625
