9 0.071484375 0.30833333333333335 0.02734375 0.041666666666666664
9 0.204296875 0.3659722222222222 0.01015625 0.02638888888888889
9 0.494921875 0.2923611111111111 0.01171875 0.03194444444444444
8 0.391015625 0.2951388888888889 0.00390625 0.02361111111111111
8 0.394921875 0.3020833333333333 0.00390625 0.02361111111111111
8 0.385546875 0.2965277777777778 0.00390625 0.02361111111111111
8 0.305859375 0.30069444444444443 0.00546875 0.02638888888888889
8 0.3109375 0.3020833333333333 0.0046875 0.02361111111111111
2 0.36015625 0.37916666666666665 0.009375 0.03333333333333333
2 0.3453125 0.38472222222222224 0.0234375 0.03888888888888889
2 0.323828125 0.3902777777777778 0.02109375 0.03333333333333333
2 0.296875 0.39652777777777776 0.040625 0.04861111111111111
2 0.244921875 0.41180555555555554 0.05234375 0.06527777777777778
2 0.15 0.4263888888888889 0.084375 0.10555555555555556
2 0.20546875 0.4222222222222222 0.0265625 0.06388888888888888
2 0.41328125 0.39652777777777776 0.1015625 0.17916666666666667
2 0.56796875 0.47430555555555554 0.265625 0.3541666666666667
2 0.762890625 0.3298611111111111 0.07890625 0.03194444444444444
4 0.6109375 0.3263888888888889 0.078125 0.06388888888888888
2 0.66640625 0.3506944444444444 0.040625 0.04583333333333333
2 0.9109375 0.29791666666666666 0.01875 0.02638888888888889
2 0.8890625 0.30416666666666664 0.0203125 0.019444444444444445
2 0.859765625 0.3055555555555556 0.01953125 0.016666666666666666
2 0.94765625 0.2972222222222222 0.0296875 0.03333333333333333
8 0.93828125 0.19583333333333333 0.0078125 0.027777777777777776
9 0.875390625 0.23125 0.01328125 0.015277777777777777
9 0.547265625 0.22361111111111112 0.01328125 0.027777777777777776
9 0.537890625 0.19027777777777777 0.01484375 0.027777777777777776
