8 0.24375 0.40208333333333335 0.0078125 0.018055555555555554
8 0.303125 0.375 0.00625 0.011111111111111112
8 0.312890625 0.4166666666666667 0.00546875 0.011111111111111112
8 0.421484375 0.4048611111111111 0.00546875 0.020833333333333332
8 0.44609375 0.3638888888888889 0.00625 0.025
8 0.493359375 0.39791666666666664 0.00703125 0.0125
8 0.82578125 0.3763888888888889 0.00625 0.019444444444444445
8 0.926171875 0.3527777777777778 0.00546875 0.019444444444444445
8 0.699609375 0.4305555555555556 0.00859375 0.016666666666666666
8 0.9203125 0.36041666666666666 0.00625 0.029166666666666667
8 0.83359375 0.37916666666666665 0.00625 0.022222222222222223
9 0.454296875 0.42083333333333334 0.01171875 0.030555555555555555
9 0.78203125 0.36875 0.0171875 0.0375
9 0.7921875 0.41597222222222224 0.025 0.05416666666666667
2 0.073828125 0.4625 0.02578125 0.027777777777777776
2 0.099609375 0.47291666666666665 0.03671875 0.04027777777777778
2 0.1265625 0.4673611111111111 0.0234375 0.02638888888888889
2 0.194140625 0.46111111111111114 0.01640625 0.025
2 0.22109375 0.4638888888888889 0.0125 0.019444444444444445
2 0.25390625 0.46111111111111114 0.0171875 0.025
2 0.275 0.45555555555555555 0.0125 0.013888888888888888
2 0.309375 0.4548611111111111 0.0171875 0.020833333333333332
2 0.296484375 0.43819444444444444 0.01328125 0.015277777777777777
2 0.321484375 0.43472222222222223 0.00859375 0.011111111111111112
2 0.31015625 0.44027777777777777 0.0078125 0.011111111111111112
2 0.43125 0.4375 0.0078125 0.013888888888888888
2 0.415625 0.46111111111111114 0.0078125 0.019444444444444445
2 0.43359375 0.46458333333333335 0.0125 0.0125
2 0.787109375 0.47291666666666665 0.02734375 0.029166666666666667
2 0.762109375 0.45555555555555555 0.01328125 0.016666666666666666
2 0.7421875 0.47430555555555554 0.0328125 0.03194444444444444
2 0.82265625 0.48125 0.028125 0.04027777777777778
2 0.877734375 0.47638888888888886 0.01171875 0.022222222222222223
2 0.9625 0.5229166666666667 0.071875 0.09583333333333334
2 0.0546875 0.5652777777777778 0.109375 0.39444444444444443
2 0.167578125 0.4673611111111111 0.04140625 0.04861111111111111
2 0.234765625 0.4618055555555556 0.01640625 0.020833333333333332
2 0.285546875 0.46041666666666664 0.01953125 0.029166666666666667
2 0.299609375 0.46041666666666664 0.01328125 0.02361111111111111
2 0.398046875 0.4861111111111111 0.03828125 0.05555555555555555
