9 0.19765625 0.36875 0.015625 0.0125
9 0.18984375 0.3840277777777778 0.01875 0.0125
9 0.205859375 0.39652777777777776 0.02265625 0.018055555555555554
9 0.31171875 0.43472222222222223 0.0109375 0.025
2 0.23125 0.47708333333333336 0.0390625 0.07916666666666666
2 0.080078125 0.4756944444444444 0.02734375 0.034722222222222224
2 0.11015625 0.47152777777777777 0.0796875 0.08194444444444444
2 0.005859375 0.49722222222222223 0.01015625 0.04722222222222222
2 0.034375 0.47847222222222224 0.06875 0.09583333333333334
2 0.34296875 0.4736111111111111 0.025 0.03333333333333333
2 0.423046875 0.45902777777777776 0.01328125 0.02361111111111111
2 0.4734375 0.4527777777777778 0.0109375 0.019444444444444445
2 0.484375 0.4513888888888889 0.0109375 0.019444444444444445
2 0.49609375 0.4465277777777778 0.0140625 0.015277777777777777
2 0.521484375 0.4618055555555556 0.01796875 0.03194444444444444
2 0.499609375 0.4736111111111111 0.02890625 0.041666666666666664
2 0.457421875 0.4625 0.02890625 0.04722222222222222
2 0.388671875 0.49166666666666664 0.08515625 0.10833333333333334
2 0.54921875 0.4756944444444444 0.028125 0.029166666666666667
2 0.57890625 0.46458333333333335 0.040625 0.08472222222222223
2 0.601171875 0.4652777777777778 0.04296875 0.11944444444444445
2 0.618359375 0.4673611111111111 0.05234375 0.14027777777777778
2 0.66015625 0.4701388888888889 0.09375 0.19305555555555556
9 0.7609375 0.3111111111111111 0.0234375 0.03333333333333333
2 0.732421875 0.48194444444444445 0.13203125 0.2611111111111111
2 0.862890625 0.49166666666666664 0.27109375 0.5138888888888888
2 0.182421875 0.48125 0.07578125 0.09861111111111111
9 0.572265625 0.3972222222222222 0.01171875 0.027777777777777776
