8 0.387109375 0.5013888888888889 0.00859375 0.027777777777777776
8 0.42734375 0.5131944444444444 0.0078125 0.02638888888888889
8 0.409765625 0.5298611111111111 0.00546875 0.02638888888888889
8 0.43515625 0.5326388888888889 0.009375 0.018055555555555554
8 0.32734375 0.5173611111111112 0.009375 0.02638888888888889
9 0.232421875 0.5013888888888889 0.01953125 0.027777777777777776
2 0.21640625 0.5715277777777777 0.0453125 0.034722222222222224
2 0.1546875 0.5708333333333333 0.0703125 0.03888888888888889
2 0.041796875 0.5729166666666666 0.05078125 0.06805555555555555
2 0.098828125 0.5763888888888888 0.04765625 0.041666666666666664
8 0.167578125 0.5402777777777777 0.01171875 0.013888888888888888
8 0.206640625 0.5402777777777777 0.01328125 0.022222222222222223
2 0.05546875 0.6701388888888888 0.109375 0.2847222222222222
2 0.30703125 0.5902777777777778 0.0859375 0.10277777777777777
2 0.428515625 0.5895833333333333 0.05859375 0.0875
2 0.465234375 0.5743055555555555 0.01484375 0.04583333333333333
2 0.484765625 0.5798611111111112 0.02265625 0.05416666666666667
2 0.505078125 0.5930555555555556 0.03828125 0.06666666666666667
2 0.533203125 0.6055555555555555 0.06015625 0.08333333333333333
2 0.5546875 0.6222222222222222 0.04375 0.10833333333333334
2 0.656640625 0.6305555555555555 0.19453125 0.25277777777777777
