2 0.487890625 0.5993055555555555 0.03359375 0.04027777777777778
2 0.384765625 0.5944444444444444 0.04140625 0.05
2 0.08046875 0.5673611111111111 0.0609375 0.04583333333333333
9 0.1046875 0.35 0.0234375 0.08611111111111111
9 0.253125 0.5069444444444444 0.015625 0.027777777777777776
2 0.5109375 0.6194444444444445 0.01875 0.05277777777777778
2 0.56015625 0.6152777777777778 0.0875 0.12222222222222222
9 0.648046875 0.4 0.01015625 0.027777777777777776
9 0.66953125 0.4152777777777778 0.025 0.022222222222222223
9 0.655859375 0.44375 0.04296875 0.02361111111111111
