8 0.299609375 0.4548611111111111 0.00703125 0.020833333333333332
8 0.39609375 0.46041666666666664 0.0078125 0.02361111111111111
8 0.44765625 0.5145833333333333 0.0109375 0.018055555555555554
8 0.458984375 0.45208333333333334 0.00859375 0.02638888888888889
8 0.468359375 0.5076388888888889 0.01171875 0.018055555555555554
8 0.39140625 0.4576388888888889 0.0078125 0.02361111111111111
9 0.59375 0.4527777777777778 0.0296875 0.058333333333333334
9 0.47421875 0.46597222222222223 0.0109375 0.020833333333333332
9 0.476953125 0.49444444444444446 0.01015625 0.030555555555555555
9 0.4625 0.4930555555555556 0.0109375 0.013888888888888888
2 0.36328125 0.5513888888888889 0.0109375 0.027777777777777776
2 0.109765625 0.5833333333333334 0.06171875 0.07222222222222222
2 0.4328125 0.5506944444444445 0.009375 0.020833333333333332
2 0.41015625 0.5493055555555556 0.021875 0.03194444444444444
3 0.337890625 0.5354166666666667 0.02734375 0.05694444444444444
3 0.353515625 0.5298611111111111 0.00859375 0.02638888888888889
3 0.2859375 0.5340277777777778 0.0421875 0.02638888888888889
4 0.396484375 0.5381944444444444 0.02421875 0.04027777777777778
4 0.368359375 0.5201388888888889 0.01171875 0.020833333333333332
2 0.323046875 0.5479166666666667 0.02734375 0.05416666666666667
2 0.30546875 0.56875 0.05 0.06527777777777778
2 0.4609375 0.5611111111111111 0.046875 0.09444444444444444
2 0.501953125 0.5701388888888889 0.08203125 0.1125
2 0.5484375 0.5881944444444445 0.0859375 0.1375
2 0.612109375 0.6048611111111111 0.12265625 0.1875
3 0.176171875 0.5305555555555556 0.10546875 0.18055555555555555
2 0.379296875 0.5541666666666667 0.02109375 0.03611111111111111
2 0.233984375 0.5736111111111111 0.11171875 0.1638888888888889
2 0.04921875 0.5833333333333334 0.0984375 0.10833333333333334
2 0.996484375 0.4708333333333333 0.00546875 0.041666666666666664
2 0.809375 0.6416666666666667 0.3796875 0.375
2 0.96484375 0.8298611111111112 0.06875 0.3375
