8 0.4828125 0.24444444444444444 0.009375 0.044444444444444446
8 0.47265625 0.24583333333333332 0.009375 0.041666666666666664
8 0.10625 0.24791666666666667 0.0171875 0.06527777777777778
8 0.047265625 0.11736111111111111 0.02578125 0.09861111111111111
8 0.64765625 0.19305555555555556 0.0171875 0.022222222222222223
9 0.152734375 0.35347222222222224 0.02578125 0.02361111111111111
9 0.969140625 0.43472222222222223 0.01171875 0.025
9 0.920703125 0.375 0.03046875 0.04722222222222222
9 0.428125 0.3277777777777778 0.034375 0.04722222222222222
9 0.4703125 0.3159722222222222 0.0390625 0.02361111111111111
9 0.869140625 0.24166666666666667 0.05703125 0.08888888888888889
9 0.869140625 0.3138888888888889 0.02734375 0.06666666666666667
9 0.883984375 0.3701388888888889 0.01171875 0.04583333333333333
9 0.919921875 0.09375 0.10546875 0.1875
2 0.081640625 0.42777777777777776 0.03203125 0.030555555555555555
2 0.1078125 0.4354166666666667 0.0234375 0.018055555555555554
2 0.41796875 0.43472222222222223 0.015625 0.03611111111111111
2 0.405859375 0.4388888888888889 0.02421875 0.044444444444444446
2 0.4625 0.425 0.084375 0.33055555555555555
2 0.973828125 0.4534722222222222 0.02890625 0.020833333333333332
2 0.391796875 0.44513888888888886 0.03046875 0.043055555555555555
2 0.69453125 0.48819444444444443 0.4875 0.5875
