9 0.438671875 0.425 0.01171875 0.016666666666666666
9 0.450390625 0.42291666666666666 0.01484375 0.0125
2 0.45546875 0.44583333333333336 0.0203125 0.025
8 0.376953125 0.42291666666666666 0.00859375 0.02638888888888889
8 0.410546875 0.3736111111111111 0.01015625 0.03611111111111111
8 0.46953125 0.38055555555555554 0.0125 0.03611111111111111
9 0.46171875 0.40347222222222223 0.0125 0.020833333333333332
9 0.493359375 0.38958333333333334 0.02734375 0.018055555555555554
9 0.491015625 0.4013888888888889 0.01328125 0.019444444444444445
9 0.5625 0.37916666666666665 0.01875 0.016666666666666666
9 0.61875 0.2673611111111111 0.0265625 0.0875
9 0.618359375 0.33819444444444446 0.02734375 0.05138888888888889
9 0.56484375 0.4013888888888889 0.01875 0.016666666666666666
8 0.56484375 0.41805555555555557 0.0109375 0.022222222222222223
8 0.51484375 0.3993055555555556 0.0078125 0.02361111111111111
8 0.5546875 0.35208333333333336 0.00625 0.02361111111111111
8 0.52109375 0.39791666666666664 0.0078125 0.02638888888888889
8 0.548046875 0.3506944444444444 0.01015625 0.03194444444444444
9 0.352734375 0.4076388888888889 0.02109375 0.04027777777777778
9 0.215234375 0.2847222222222222 0.07734375 0.1
9 0.21640625 0.3770833333333333 0.046875 0.09583333333333334
2 0.68203125 0.4736111111111111 0.01875 0.03333333333333333
2 0.507421875 0.45069444444444445 0.04765625 0.029166666666666667
2 0.612109375 0.5131944444444444 0.11328125 0.18194444444444444
2 0.4046875 0.49722222222222223 0.096875 0.16111111111111112
2 0.52421875 0.5986111111111111 0.2234375 0.33055555555555555
2 0.868359375 0.68125 0.26015625 0.5541666666666667
