2 0.018359375 0.48680555555555555 0.03515625 0.09861111111111111
2 0.0578125 0.4861111111111111 0.0625 0.075
2 0.213671875 0.47152777777777777 0.10390625 0.11527777777777778
2 0.166015625 0.46944444444444444 0.04140625 0.06388888888888888
2 0.300390625 0.46875 0.05859375 0.07083333333333333
2 0.33671875 0.46458333333333335 0.01875 0.043055555555555555
2 0.366796875 0.4576388888888889 0.04140625 0.06805555555555555
2 0.421875 0.4756944444444444 0.0984375 0.1486111111111111
2 0.55078125 0.47152777777777777 0.0734375 0.12083333333333333
2 0.67578125 0.47708333333333336 0.13125 0.1986111111111111
2 0.8671875 0.5034722222222222 0.140625 0.12083333333333333
2 0.49765625 0.45069444444444445 0.0328125 0.04861111111111111
2 0.608203125 0.4625 0.03515625 0.06111111111111111
2 0.587109375 0.44513888888888886 0.02109375 0.0375
2 0.778515625 0.48194444444444445 0.08515625 0.08888888888888889
2 0.744921875 0.46805555555555556 0.03828125 0.06388888888888888
2 0.519921875 0.44375 0.00703125 0.015277777777777777
8 0.52421875 0.38333333333333336 0.00625 0.013888888888888888
8 0.558984375 0.3909722222222222 0.00546875 0.015277777777777777
8 0.476171875 0.4 0.00390625 0.013888888888888888
9 0.512109375 0.3819444444444444 0.01015625 0.016666666666666666
9 0.33359375 0.40347222222222223 0.0078125 0.020833333333333332
9 0.615625 0.41944444444444445 0.0109375 0.013888888888888888
