9 0.584375 0.25972222222222224 0.009375 0.025
2 0.473828125 0.3145833333333333 0.01015625 0.018055555555555554
2 0.465234375 0.3173611111111111 0.00859375 0.020833333333333332
2 0.45703125 0.31666666666666665 0.0078125 0.022222222222222223
2 0.447265625 0.3173611111111111 0.01015625 0.02361111111111111
2 0.437890625 0.31875 0.00859375 0.03194444444444444
2 0.4265625 0.3229166666666667 0.0171875 0.029166666666666667
2 0.414453125 0.32708333333333334 0.00703125 0.029166666666666667
2 0.40234375 0.3277777777777778 0.0265625 0.03888888888888889
2 0.528125 0.32708333333333334 0.04375 0.08472222222222223
2 0.55703125 0.3548611111111111 0.075 0.12638888888888888
2 0.070703125 0.39861111111111114 0.14140625 0.1527777777777778
