2 0.06796875 0.5805555555555556 0.1359375 0.1361111111111111
2 0.196484375 0.5416666666666666 0.15703125 0.10555555555555556
2 0.4125 0.5090277777777777 0.0359375 0.02638888888888889
2 0.45 0.5416666666666666 0.0734375 0.08055555555555556
2 0.506640625 0.5291666666666667 0.05546875 0.06111111111111111
2 0.353125 0.5534722222222223 0.11875 0.14583333333333334
2 0.59296875 0.5090277777777777 0.034375 0.04861111111111111
2 0.638671875 0.5034722222222222 0.02421875 0.034722222222222224
2 0.65390625 0.49583333333333335 0.0125 0.022222222222222223
2 0.730078125 0.47847222222222224 0.02421875 0.02361111111111111
2 0.7046875 0.4861111111111111 0.009375 0.03333333333333333
2 0.680078125 0.5222222222222223 0.05859375 0.08055555555555556
2 0.8421875 0.5555555555555556 0.2578125 0.275
