8 0.65703125 0.15625 0.0234375 0.07916666666666666
8 0.267578125 0.25555555555555554 0.00859375 0.041666666666666664
8 0.138671875 0.25763888888888886 0.01328125 0.04583333333333333
8 0.394140625 0.33611111111111114 0.01171875 0.027777777777777776
8 0.393359375 0.29791666666666666 0.01171875 0.02638888888888889
8 0.612890625 0.09861111111111111 0.01328125 0.05
8 0.5734375 0.12638888888888888 0.0109375 0.05
8 0.801953125 0.1736111111111111 0.01953125 0.08611111111111111
9 0.7171875 0.23125 0.021875 0.09027777777777778
9 0.5890625 0.11319444444444444 0.0109375 0.0375
9 0.81796875 0.04583333333333333 0.021875 0.08888888888888889
2 0.710546875 0.3506944444444444 0.02578125 0.02361111111111111
2 0.678125 0.3458333333333333 0.0390625 0.03888888888888889
2 0.61875 0.35833333333333334 0.059375 0.030555555555555555
2 0.548046875 0.36875 0.07578125 0.0375
2 0.418359375 0.3784722222222222 0.10546875 0.04861111111111111
2 0.223828125 0.39305555555555555 0.01484375 0.022222222222222223
2 0.138671875 0.4201388888888889 0.03984375 0.04583333333333333
2 0.090234375 0.41875 0.04140625 0.03194444444444444
2 0.0734375 0.4263888888888889 0.0453125 0.030555555555555555
2 0.244140625 0.42083333333333334 0.13046875 0.07222222222222222
2 0.44296875 0.4652777777777778 0.115625 0.16666666666666666
8 0.627734375 0.15902777777777777 0.01953125 0.09027777777777778
9 0.35703125 0.30833333333333335 0.028125 0.013888888888888888
