8 0.414453125 0.16319444444444445 0.01328125 0.02638888888888889
8 0.500390625 0.1673611111111111 0.01640625 0.02361111111111111
9 0.55859375 0.18472222222222223 0.0140625 0.011111111111111112
9 0.54453125 0.1986111111111111 0.0140625 0.011111111111111112
9 0.37421875 0.1638888888888889 0.034375 0.013888888888888888
9 0.34453125 0.17916666666666667 0.0140625 0.008333333333333333
9 0.59765625 0.1763888888888889 0.0109375 0.016666666666666666
2 0.522265625 0.2673611111111111 0.01328125 0.043055555555555555
2 0.534765625 0.2569444444444444 0.02578125 0.05
2 0.5625 0.2701388888888889 0.059375 0.0763888888888889
2 0.5921875 0.29375 0.0390625 0.09305555555555556
2 0.664453125 0.2951388888888889 0.12421875 0.16805555555555557
2 0.809765625 0.3298611111111111 0.27109375 0.30972222222222223
2 0.4671875 0.24583333333333332 0.0109375 0.022222222222222223
2 0.45390625 0.2625 0.0234375 0.03888888888888889
2 0.415625 0.25277777777777777 0.015625 0.041666666666666664
2 0.4875 0.24444444444444444 0.028125 0.019444444444444445
2 0.3265625 0.2708333333333333 0.04375 0.075
2 0.29609375 0.275 0.0484375 0.08611111111111111
4 0.369140625 0.23680555555555555 0.08046875 0.10694444444444444
2 0.226171875 0.28888888888888886 0.11171875 0.10833333333333334
2 0.485546875 0.27291666666666664 0.04765625 0.07361111111111111
2 0.429296875 0.2604166666666667 0.03671875 0.05694444444444444
2 0.933203125 0.4513888888888889 0.12890625 0.3527777777777778
