9 0.315625 0.4152777777777778 0.0375 0.06111111111111111
9 0.616015625 0.4375 0.02578125 0.04722222222222222
9 0.534375 0.46944444444444444 0.0109375 0.025
9 0.593359375 0.4597222222222222 0.01328125 0.019444444444444445
2 0.453125 0.4875 0.015625 0.016666666666666666
2 0.49609375 0.4888888888888889 0.0125 0.019444444444444445
2 0.508203125 0.4888888888888889 0.01171875 0.013888888888888888
2 0.52734375 0.49583333333333335 0.0265625 0.027777777777777776
2 0.473828125 0.49027777777777776 0.01484375 0.022222222222222223
2 0.701953125 0.4798611111111111 0.03515625 0.043055555555555555
2 0.576171875 0.4875 0.01484375 0.03333333333333333
2 0.087109375 0.5083333333333333 0.15078125 0.075
9 0.634765625 0.46597222222222223 0.01171875 0.029166666666666667
9 0.43203125 0.46805555555555556 0.0109375 0.016666666666666666
