8 0.40859375 0.3770833333333333 0.009375 0.043055555555555555
8 0.55703125 0.3090277777777778 0.0140625 0.059722222222222225
8 0.76328125 0.35694444444444445 0.01875 0.044444444444444446
8 0.98046875 0.3277777777777778 0.025 0.04722222222222222
8 0.762890625 0.45416666666666666 0.01953125 0.03333333333333333
8 0.446875 0.50625 0.0078125 0.020833333333333332
8 0.47109375 0.5208333333333334 0.0109375 0.025
8 0.527734375 0.5104166666666666 0.01015625 0.018055555555555554
8 0.588671875 0.5083333333333333 0.01171875 0.025
9 0.5921875 0.46597222222222223 0.015625 0.029166666666666667
9 0.635546875 0.32569444444444445 0.05390625 0.02638888888888889
9 0.408203125 0.4263888888888889 0.01328125 0.03611111111111111
9 0.409375 0.4673611111111111 0.0140625 0.04027777777777778
2 0.49609375 0.5451388888888888 0.0234375 0.02361111111111111
2 0.528125 0.5506944444444445 0.03125 0.04583333333333333
2 0.61953125 0.5458333333333333 0.0421875 0.03888888888888889
2 0.572265625 0.5347222222222222 0.03046875 0.03611111111111111
2 0.24765625 0.55 0.034375 0.030555555555555555
2 0.20390625 0.5597222222222222 0.0390625 0.03888888888888889
8 0.5390625 0.31180555555555556 0.01875 0.06527777777777778
8 0.572265625 0.3125 0.01796875 0.03333333333333333
8 0.748046875 0.45902777777777776 0.01484375 0.029166666666666667
9 0.771484375 0.4041666666666667 0.02421875 0.013888888888888888
