8 0.515234375 0.2951388888888889 0.01171875 0.05138888888888889
8 0.30703125 0.19305555555555556 0.015625 0.075
8 0.32265625 0.2013888888888889 0.0140625 0.06666666666666667
8 0.5296875 0.29791666666666666 0.0171875 0.05138888888888889
8 0.637109375 0.4861111111111111 0.02265625 0.030555555555555555
8 0.47109375 0.49375 0.0078125 0.0125
8 0.505078125 0.49444444444444446 0.00546875 0.013888888888888888
9 0.275 0.4027777777777778 0.025 0.011111111111111112
9 0.875 0.05763888888888889 0.03125 0.07083333333333333
9 0.904296875 0.125 0.07734375 0.03611111111111111
9 0.850390625 0.18680555555555556 0.03359375 0.07083333333333333
9 0.85859375 0.2375 0.0828125 0.05277777777777778
9 0.87265625 0.28194444444444444 0.0390625 0.06666666666666667
8 0.9 0.3125 0.0453125 0.075
8 0.844140625 0.31875 0.01796875 0.0763888888888889
9 0.62109375 0.4340277777777778 0.0265625 0.018055555555555554
2 0.479296875 0.5430555555555555 0.01171875 0.019444444444444445
2 0.47421875 0.5486111111111112 0.0109375 0.013888888888888888
2 0.4640625 0.5479166666666667 0.0109375 0.018055555555555554
2 0.458984375 0.5479166666666667 0.00859375 0.02361111111111111
2 0.45390625 0.55 0.0140625 0.025
2 0.4515625 0.5527777777777778 0.0125 0.025
2 0.440625 0.5527777777777778 0.0203125 0.03333333333333333
2 0.435546875 0.55625 0.01953125 0.03194444444444444
2 0.42578125 0.5583333333333333 0.025 0.03888888888888889
2 0.415625 0.5659722222222222 0.021875 0.05138888888888889
2 0.404296875 0.56875 0.02734375 0.0625
2 0.3859375 0.5701388888888889 0.04375 0.07361111111111111
2 0.500390625 0.5451388888888888 0.00703125 0.0125
2 0.507421875 0.5486111111111112 0.01015625 0.019444444444444445
2 0.513671875 0.5506944444444445 0.01015625 0.029166666666666667
2 0.525390625 0.5527777777777778 0.02109375 0.03333333333333333
2 0.52421875 0.5548611111111111 0.0140625 0.02638888888888889
2 0.5390625 0.5652777777777778 0.0359375 0.05
2 0.571484375 0.5840277777777778 0.05546875 0.06805555555555555
2 0.1671875 0.6458333333333334 0.334375 0.5083333333333333
2 0.83984375 0.6722222222222223 0.3140625 0.525
2 0.355859375 0.5777777777777777 0.06171875 0.08611111111111111
4 0.0390625 0.5944444444444444 0.078125 0.7527777777777778
