9 0.711328125 0.35555555555555557 0.02578125 0.019444444444444445
9 0.704296875 0.4409722222222222 0.02109375 0.02361111111111111
9 0.56484375 0.425 0.0109375 0.044444444444444446
2 0.4796875 0.45902777777777776 0.00625 0.0125
2 0.489453125 0.4618055555555556 0.01640625 0.0375
2 0.502734375 0.4618055555555556 0.00859375 0.015277777777777777
2 0.5046875 0.4666666666666667 0.00625 0.013888888888888888
2 0.507421875 0.47152777777777777 0.00859375 0.018055555555555554
2 0.51015625 0.475 0.009375 0.019444444444444445
2 0.51328125 0.47708333333333336 0.0109375 0.020833333333333332
2 0.528125 0.48194444444444445 0.01875 0.019444444444444445
2 0.47578125 0.46805555555555556 0.015625 0.013888888888888888
2 0.47578125 0.48055555555555557 0.01875 0.03333333333333333
2 0.467578125 0.4666666666666667 0.00859375 0.011111111111111112
2 0.455859375 0.4756944444444444 0.02578125 0.043055555555555555
2 0.453125 0.48333333333333334 0.025 0.03611111111111111
2 0.44921875 0.4979166666666667 0.021875 0.04583333333333333
2 0.439453125 0.5020833333333333 0.03203125 0.04583333333333333
2 0.432421875 0.5166666666666667 0.03359375 0.05
2 0.420703125 0.5243055555555556 0.03203125 0.059722222222222225
2 0.405859375 0.5319444444444444 0.04921875 0.06944444444444445
2 0.39296875 0.5506944444444445 0.0609375 0.0763888888888889
2 0.378125 0.5618055555555556 0.06875 0.07361111111111111
2 0.3671875 0.5847222222222223 0.0875 0.11666666666666667
2 0.55546875 0.4736111111111111 0.0390625 0.03611111111111111
2 0.55703125 0.5166666666666667 0.0359375 0.05
2 0.562890625 0.5236111111111111 0.03203125 0.05555555555555555
2 0.5703125 0.5270833333333333 0.046875 0.059722222222222225
2 0.583984375 0.5506944444444445 0.05546875 0.0763888888888889
2 0.61796875 0.5694444444444444 0.0875 0.1
2 0.51953125 0.5208333333333334 0.04375 0.06666666666666667
9 0.909375 0.3993055555555556 0.0140625 0.059722222222222225
