2 0.281640625 0.6083333333333333 0.00859375 0.03333333333333333
2 0.273828125 0.6090277777777777 0.01484375 0.0375
2 0.26484375 0.6083333333333333 0.025 0.03888888888888889
2 0.319921875 0.59375 0.01796875 0.043055555555555555
2 0.24296875 0.6118055555555556 0.040625 0.05138888888888889
2 0.30078125 0.6090277777777777 0.0421875 0.05416666666666667
3 0.372265625 0.5652777777777778 0.09921875 0.20555555555555555
9 0.058984375 0.5034722222222222 0.01953125 0.015277777777777777
9 0.538671875 0.48194444444444445 0.01328125 0.03333333333333333
9 0.52421875 0.5222222222222223 0.0125 0.019444444444444445
9 0.52265625 0.4930555555555556 0.028125 0.03888888888888889
9 0.0046875 0.5527777777777778 0.009375 0.03333333333333333
