8 0.35625 0.30833333333333335 0.0125 0.03888888888888889
8 0.408203125 0.38333333333333336 0.00703125 0.019444444444444445
8 0.44609375 0.3875 0.009375 0.022222222222222223
8 0.441015625 0.40555555555555556 0.01171875 0.013888888888888888
8 0.42109375 0.40069444444444446 0.0109375 0.015277777777777777
8 0.3171875 0.3972222222222222 0.0078125 0.022222222222222223
8 0.310546875 0.39305555555555555 0.00859375 0.019444444444444445
8 0.53046875 0.39305555555555555 0.0109375 0.019444444444444445
9 0.257421875 0.33402777777777776 0.01328125 0.0125
8 0.255859375 0.3819444444444444 0.01640625 0.019444444444444445
2 0.441796875 0.42916666666666664 0.01640625 0.022222222222222223
2 0.455859375 0.42777777777777776 0.01484375 0.019444444444444445
2 0.466015625 0.4326388888888889 0.01953125 0.029166666666666667
2 0.483203125 0.4375 0.02578125 0.044444444444444446
2 0.49375 0.45069444444444445 0.021875 0.05138888888888889
2 0.50703125 0.45208333333333334 0.021875 0.0625
2 0.51875 0.4548611111111111 0.0234375 0.06805555555555555
2 0.537109375 0.44930555555555557 0.03515625 0.08194444444444444
2 0.584375 0.46875 0.0921875 0.12638888888888888
2 0.767578125 0.5423611111111111 0.27734375 0.24305555555555555
2 0.415625 0.4263888888888889 0.0140625 0.022222222222222223
2 0.4 0.42777777777777776 0.0203125 0.025
2 0.373046875 0.42986111111111114 0.01640625 0.034722222222222224
2 0.363671875 0.43333333333333335 0.01640625 0.041666666666666664
2 0.346875 0.4375 0.0234375 0.03333333333333333
2 0.3015625 0.44375 0.034375 0.05138888888888889
2 0.282421875 0.44722222222222224 0.03359375 0.058333333333333334
2 0.238671875 0.45208333333333334 0.07265625 0.08194444444444444
2 0.162890625 0.46041666666666664 0.08203125 0.11805555555555555
2 0.07578125 0.48819444444444443 0.15 0.14027777777777778
2 0.006640625 0.4798611111111111 0.01171875 0.059722222222222225
9 0.81015625 0.24305555555555555 0.065625 0.12222222222222222
