8 0.01796875 0.16180555555555556 0.015625 0.0625
8 0.04296875 0.16944444444444445 0.0328125 0.07777777777777778
8 0.476953125 0.14444444444444443 0.02578125 0.07777777777777778
8 0.640234375 0.30486111111111114 0.04140625 0.07361111111111111
8 0.403515625 0.30069444444444443 0.00859375 0.03194444444444444
8 0.414453125 0.30069444444444443 0.00703125 0.0375
8 0.05859375 0.4048611111111111 0.0296875 0.029166666666666667
9 0.027734375 0.4284722222222222 0.02265625 0.04583333333333333
9 0.29375 0.37222222222222223 0.015625 0.05
9 0.061328125 0.3145833333333333 0.01484375 0.018055555555555554
9 0.051171875 0.33402777777777776 0.03515625 0.015277777777777777
9 0.540625 0.3784722222222222 0.0203125 0.006944444444444444
9 0.069140625 0.25416666666666665 0.02578125 0.06944444444444445
8 0.521875 0.3451388888888889 0.009375 0.02638888888888889
2 0.10234375 0.5541666666666667 0.0265625 0.08333333333333333
2 0.319921875 0.49444444444444446 0.01328125 0.04722222222222222
2 0.455859375 0.4597222222222222 0.00859375 0.008333333333333333
2 0.45390625 0.4708333333333333 0.009375 0.013888888888888888
2 0.4609375 0.4777777777777778 0.0171875 0.019444444444444445
2 0.485546875 0.48333333333333334 0.03515625 0.058333333333333334
3 0.415234375 0.43333333333333335 0.07734375 0.175
3 0.362890625 0.49722222222222223 0.08515625 0.11944444444444445
3 0.20703125 0.5138888888888888 0.2 0.225
2 0.028515625 0.5055555555555555 0.05703125 0.06388888888888888
3 0.789453125 0.49166666666666664 0.09453125 0.10277777777777777
2 0.713671875 0.475 0.03828125 0.06111111111111111
2 0.734375 0.4736111111111111 0.04375 0.06388888888888888
2 0.828515625 0.46875 0.03671875 0.043055555555555555
2 0.832421875 0.4465277777777778 0.03515625 0.018055555555555554
3 0.86015625 0.4534722222222222 0.021875 0.06805555555555555
2 0.5125 0.4798611111111111 0.0125 0.020833333333333332
