2 0.1125 0.6083333333333333 0.225 0.24722222222222223
2 0.86953125 0.7076388888888889 0.259375 0.44027777777777777
2 0.191015625 0.5145833333333333 0.02578125 0.029166666666666667
2 0.21015625 0.5194444444444445 0.015625 0.025
2 0.240234375 0.51875 0.01640625 0.018055555555555554
2 0.260546875 0.5125 0.01484375 0.022222222222222223
2 0.3109375 0.5034722222222222 0.015625 0.006944444444444444
2 0.33203125 0.4930555555555556 0.028125 0.019444444444444445
2 0.339453125 0.5256944444444445 0.03671875 0.05694444444444444
2 0.366796875 0.5097222222222222 0.01484375 0.027777777777777776
2 0.45859375 0.5243055555555556 0.025 0.04027777777777778
2 0.441015625 0.5145833333333333 0.01484375 0.029166666666666667
2 0.38125 0.5048611111111111 0.0125 0.015277777777777777
2 0.3890625 0.4965277777777778 0.00625 0.006944444444444444
2 0.290234375 0.5479166666666667 0.07734375 0.08472222222222223
2 0.410546875 0.5548611111111111 0.07265625 0.09583333333333334
2 0.559375 0.5479166666666667 0.1078125 0.1375
2 0.48515625 0.5305555555555556 0.05 0.06666666666666667
9 0.425 0.45416666666666666 0.021875 0.013888888888888888
