9 0.56484375 0.32083333333333336 0.0171875 0.022222222222222223
9 0.47265625 0.45069444444444445 0.0125 0.0125
9 0.27578125 0.4798611111111111 0.0109375 0.020833333333333332
9 0.45625 0.46805555555555556 0.0109375 0.022222222222222223
2 0.3125 0.5236111111111111 0.0234375 0.041666666666666664
2 0.30625 0.5284722222222222 0.015625 0.034722222222222224
2 0.288671875 0.5256944444444445 0.01953125 0.05416666666666667
2 0.3625 0.4965277777777778 0.0484375 0.0375
2 0.4171875 0.49930555555555556 0.028125 0.02638888888888889
2 0.487890625 0.49027777777777776 0.02265625 0.025
2 0.435546875 0.5111111111111111 0.01640625 0.05
2 0.45859375 0.5055555555555555 0.034375 0.06111111111111111
2 0.466015625 0.5409722222222222 0.02109375 0.08472222222222223
2 0.49609375 0.5506944444444445 0.06875 0.10416666666666667
2 0.55625 0.6055555555555555 0.121875 0.2361111111111111
2 0.194921875 0.5451388888888888 0.07734375 0.10138888888888889
2 0.096484375 0.5743055555555555 0.14296875 0.1486111111111111
3 0.266015625 0.5305555555555556 0.05078125 0.06944444444444445
2 0.393359375 0.5180555555555556 0.03046875 0.03888888888888889
2 0.015234375 0.6055555555555555 0.03046875 0.14444444444444443
2 0.778515625 0.6368055555555555 0.43828125 0.6013888888888889
