8 0.209765625 0.15347222222222223 0.02265625 0.09583333333333334
8 0.7375 0.41944444444444445 0.0125 0.058333333333333334
8 0.026171875 0.46805555555555556 0.03515625 0.044444444444444446
8 0.233203125 0.15902777777777777 0.02578125 0.09305555555555556
8 0.190234375 0.15833333333333333 0.01640625 0.08333333333333333
8 0.019921875 0.38333333333333336 0.02109375 0.075
9 0.270703125 0.49166666666666664 0.01171875 0.04722222222222222
9 0.74765625 0.3770833333333333 0.0328125 0.015277777777777777
9 0.744140625 0.3590277777777778 0.02421875 0.015277777777777777
9 0.7171875 0.3486111111111111 0.0140625 0.022222222222222223
9 0.68125 0.4979166666666667 0.01875 0.020833333333333332
9 0.498828125 0.5430555555555555 0.00859375 0.013888888888888888
9 0.11015625 0.20416666666666666 0.1109375 0.05555555555555555
2 0.419140625 0.5763888888888888 0.00703125 0.008333333333333333
2 0.413671875 0.5777777777777777 0.00859375 0.013888888888888888
2 0.40859375 0.5805555555555556 0.009375 0.019444444444444445
2 0.39453125 0.5833333333333334 0.021875 0.022222222222222223
2 0.38046875 0.5930555555555556 0.021875 0.03888888888888889
2 0.44140625 0.5791666666666667 0.009375 0.016666666666666666
2 0.449609375 0.5791666666666667 0.01015625 0.022222222222222223
2 0.483984375 0.5798611111111112 0.00546875 0.020833333333333332
2 0.48828125 0.5854166666666667 0.0078125 0.02361111111111111
2 0.49921875 0.5826388888888889 0.0234375 0.03194444444444444
2 0.5125 0.5868055555555556 0.0109375 0.0375
2 0.516796875 0.5861111111111111 0.01015625 0.03611111111111111
2 0.528125 0.5777777777777777 0.015625 0.03333333333333333
2 0.646875 0.6215277777777778 0.0703125 0.09583333333333334
2 0.354296875 0.5951388888888889 0.04765625 0.06805555555555555
2 0.469140625 0.5847222222222223 0.02890625 0.04722222222222222
2 0.56640625 0.6180555555555556 0.1125 0.12777777777777777
2 0.99375 0.6743055555555556 0.0109375 0.04027777777777778
