2 0.423046875 0.4076388888888889 0.03828125 0.05416666666666667
2 0.471484375 0.3888888888888889 0.02109375 0.027777777777777776
2 0.4484375 0.38819444444444445 0.01875 0.034722222222222224
2 0.384765625 0.38125 0.01796875 0.02361111111111111
2 0.3953125 0.3840277777777778 0.009375 0.018055555555555554
2 0.040625 0.35208333333333336 0.08125 0.03194444444444444
2 0.08828125 0.36319444444444443 0.015625 0.015277777777777777
2 0.134765625 0.36180555555555555 0.03203125 0.018055555555555554
2 0.2390625 0.3659722222222222 0.0140625 0.02361111111111111
2 0.2640625 0.36944444444444446 0.0109375 0.016666666666666666
2 0.188671875 0.36736111111111114 0.01328125 0.009722222222222222
2 0.201171875 0.3659722222222222 0.01015625 0.0125
2 0.2125 0.3680555555555556 0.009375 0.013888888888888888
2 0.370703125 0.3854166666666667 0.00859375 0.018055555555555554
2 0.934765625 0.4444444444444444 0.06015625 0.05555555555555555
2 0.9828125 0.45694444444444443 0.03125 0.03888888888888889
9 0.61484375 0.3451388888888889 0.0421875 0.05138888888888889
9 0.676171875 0.3611111111111111 0.01640625 0.03333333333333333
9 0.758203125 0.3590277777777778 0.01328125 0.0125
9 0.75859375 0.37916666666666665 0.015625 0.022222222222222223
9 0.81640625 0.3715277777777778 0.0265625 0.04027777777777778
9 0.84296875 0.3861111111111111 0.0203125 0.03888888888888889
9 0.840234375 0.4125 0.01640625 0.016666666666666666
9 0.73046875 0.3840277777777778 0.0125 0.04027777777777778
9 0.3265625 0.36180555555555555 0.0078125 0.018055555555555554
9 0.259765625 0.33541666666666664 0.01953125 0.03194444444444444
9 0.276171875 0.3388888888888889 0.01328125 0.025
9 0.361328125 0.3875 0.00703125 0.019444444444444445
