2 0.03984375 0.5819444444444445 0.0796875 0.1638888888888889
2 0.855078125 0.6868055555555556 0.28515625 0.43472222222222223
2 0.428515625 0.6277777777777778 0.31328125 0.4444444444444444
2 0.15625 0.5479166666666667 0.1421875 0.13472222222222222
2 0.27109375 0.5277777777777778 0.0765625 0.11666666666666667
2 0.580859375 0.5548611111111111 0.05703125 0.1875
8 0.3234375 0.40069444444444446 0.0125 0.034722222222222224
8 0.4859375 0.40208333333333335 0.00625 0.02638888888888889
8 0.57421875 0.4527777777777778 0.0078125 0.022222222222222223
8 0.479296875 0.40069444444444446 0.00703125 0.034722222222222224
8 0.494140625 0.4027777777777778 0.00703125 0.03888888888888889
8 0.185546875 0.46597222222222223 0.01171875 0.020833333333333332
9 0.197265625 0.44583333333333336 0.01328125 0.011111111111111112
9 0.67734375 0.3888888888888889 0.0109375 0.019444444444444445
2 0.062109375 0.5326388888888889 0.06640625 0.04861111111111111
