2 0.245703125 0.36875 0.30078125 0.41805555555555557
2 0.045703125 0.29930555555555555 0.08984375 0.15416666666666667
2 0.4265625 0.3368055555555556 0.0609375 0.05694444444444444
2 0.897265625 0.3770833333333333 0.07421875 0.07361111111111111
2 0.8515625 0.37083333333333335 0.0265625 0.06388888888888888
2 0.553125 0.33194444444444443 0.04375 0.041666666666666664
2 0.519140625 0.3548611111111111 0.06328125 0.04027777777777778
2 0.596875 0.3423611111111111 0.0375 0.059722222222222225
2 0.62265625 0.3388888888888889 0.0234375 0.041666666666666664
2 0.64375 0.3458333333333333 0.0234375 0.05
2 0.664453125 0.3486111111111111 0.02109375 0.030555555555555555
2 0.6875 0.3527777777777778 0.021875 0.027777777777777776
2 0.708203125 0.35555555555555557 0.01328125 0.025
2 0.75 0.3527777777777778 0.0140625 0.030555555555555555
2 0.7703125 0.3625 0.0203125 0.016666666666666666
2 0.8046875 0.36319444444444443 0.0140625 0.02361111111111111
9 0.40625 0.2701388888888889 0.0140625 0.029166666666666667
9 0.4390625 0.25833333333333336 0.0171875 0.041666666666666664
9 0.48125 0.19722222222222222 0.0296875 0.05277777777777778
8 0.261328125 0.10347222222222222 0.01328125 0.043055555555555555
