2 0.05 0.6777777777777778 0.1 0.2388888888888889
2 0.50703125 0.6583333333333333 0.2890625 0.24166666666666667
2 0.11875 0.5493055555555556 0.1046875 0.06805555555555555
2 0.344140625 0.53125 0.03984375 0.05138888888888889
2 0.455859375 0.44027777777777777 0.01484375 0.019444444444444445
2 0.433203125 0.44166666666666665 0.01640625 0.019444444444444445
2 0.651953125 0.6680555555555555 0.10859375 0.18055555555555555
2 0.407421875 0.5270833333333333 0.03828125 0.0625
2 0.359765625 0.5090277777777777 0.02734375 0.05138888888888889
2 0.381640625 0.48680555555555555 0.02421875 0.03194444444444444
2 0.397265625 0.4638888888888889 0.01796875 0.025
2 0.40546875 0.44583333333333336 0.0203125 0.022222222222222223
2 0.494140625 0.4840277777777778 0.02265625 0.029166666666666667
2 0.483984375 0.4618055555555556 0.01953125 0.02361111111111111
2 0.705078125 0.5409722222222222 0.08984375 0.05138888888888889
2 0.754296875 0.5104166666666666 0.03515625 0.02361111111111111
2 0.870703125 0.5159722222222223 0.03828125 0.02638888888888889
2 0.948046875 0.4965277777777778 0.05390625 0.03194444444444444
9 0.03046875 0.5215277777777778 0.0140625 0.03194444444444444
9 0.77421875 0.4375 0.0390625 0.09166666666666666
9 0.56171875 0.3541666666666667 0.0328125 0.019444444444444445
9 0.5625 0.40208333333333335 0.0171875 0.0125
9 0.5609375 0.3840277777777778 0.0125 0.034722222222222224
9 0.837109375 0.32222222222222224 0.01484375 0.041666666666666664
8 0.04296875 0.4201388888888889 0.01875 0.06805555555555555
8 0.24140625 0.4444444444444444 0.009375 0.03888888888888889
8 0.83515625 0.4083333333333333 0.01875 0.07222222222222222
8 0.8546875 0.4041666666666667 0.0171875 0.075
8 0.83203125 0.49444444444444446 0.01875 0.03611111111111111
8 0.860546875 0.48680555555555555 0.01640625 0.03194444444444444
9 0.86484375 0.45416666666666666 0.025 0.025
8 0.223828125 0.44930555555555557 0.01015625 0.02638888888888889
8 0.221875 0.4791666666666667 0.0078125 0.019444444444444445
8 0.55234375 0.47638888888888886 0.0078125 0.019444444444444445
8 0.56484375 0.4777777777777778 0.0109375 0.022222222222222223
8 0.56640625 0.43819444444444444 0.009375 0.034722222222222224
8 0.549609375 0.44375 0.00859375 0.03194444444444444
9 0.66640625 0.4673611111111111 0.0125 0.03194444444444444
8 0.66015625 0.4270833333333333 0.0109375 0.029166666666666667
9 0.84375 0.27847222222222223 0.034375 0.0375
2 0.988671875 0.4951388888888889 0.02109375 0.02361111111111111
