2 0.25078125 0.48680555555555555 0.021875 0.03194444444444444
2 0.225 0.4930555555555556 0.0359375 0.041666666666666664
2 0.0765625 0.4895833333333333 0.03125 0.02638888888888889
2 0.091796875 0.5055555555555555 0.04765625 0.03611111111111111
2 0.089453125 0.5298611111111111 0.05234375 0.0375
2 0.14140625 0.5034722222222222 0.040625 0.04027777777777778
2 0.57265625 0.44513888888888886 0.05 0.08472222222222223
2 0.694921875 0.4465277777777778 0.04140625 0.059722222222222225
2 0.791796875 0.40694444444444444 0.01015625 0.016666666666666666
2 0.81640625 0.4076388888888889 0.0140625 0.018055555555555554
2 0.825390625 0.43125 0.02734375 0.02361111111111111
2 0.865234375 0.4354166666666667 0.03671875 0.029166666666666667
9 0.206640625 0.45069444444444445 0.01328125 0.02638888888888889
9 0.480078125 0.3770833333333333 0.01953125 0.034722222222222224
9 0.4796875 0.4041666666666667 0.009375 0.025
9 0.620703125 0.41180555555555554 0.01015625 0.018055555555555554
9 0.6203125 0.44930555555555557 0.009375 0.0125
9 0.73203125 0.4013888888888889 0.0109375 0.022222222222222223
9 0.779296875 0.3736111111111111 0.01953125 0.03333333333333333
9 0.83984375 0.39652777777777776 0.0078125 0.020833333333333332
9 0.961328125 0.39305555555555555 0.01015625 0.022222222222222223
8 0.185546875 0.43333333333333335 0.00546875 0.016666666666666666
8 0.449609375 0.38680555555555557 0.00859375 0.018055555555555554
9 0.556640625 0.31666666666666665 0.04765625 0.07222222222222222
9 0.609765625 0.3104166666666667 0.04921875 0.0763888888888889
9 0.68828125 0.3034722222222222 0.0625 0.07916666666666666
9 0.503515625 0.4409722222222222 0.00546875 0.018055555555555554
