2 0.214453125 0.4125 0.08359375 0.058333333333333334
2 0.26640625 0.41597222222222224 0.0421875 0.04027777777777778
2 0.4015625 0.4152777777777778 0.0125 0.011111111111111112
2 0.39296875 0.41597222222222224 0.0078125 0.009722222222222222
2 0.412890625 0.4152777777777778 0.01015625 0.011111111111111112
2 0.4234375 0.41805555555555557 0.00625 0.013888888888888888
2 0.43828125 0.41875 0.009375 0.009722222222222222
2 0.335546875 0.41458333333333336 0.01484375 0.018055555555555554
2 0.3796875 0.41458333333333336 0.0140625 0.0125
2 0.48046875 0.41944444444444445 0.0125 0.013888888888888888
2 0.539453125 0.4125 0.01171875 0.013888888888888888
2 0.541015625 0.425 0.01171875 0.022222222222222223
2 0.626171875 0.40347222222222223 0.01328125 0.0125
2 0.646484375 0.4048611111111111 0.01796875 0.018055555555555554
2 0.671484375 0.4076388888888889 0.02421875 0.020833333333333332
2 0.698046875 0.4152777777777778 0.02265625 0.022222222222222223
2 0.75234375 0.43333333333333335 0.03125 0.03333333333333333
2 0.530078125 0.41458333333333336 0.01015625 0.018055555555555554
2 0.548828125 0.4305555555555556 0.01640625 0.025
9 0.648828125 0.34930555555555554 0.04609375 0.05416666666666667
9 0.690234375 0.23194444444444445 0.07578125 0.11388888888888889
9 0.778515625 0.23541666666666666 0.07734375 0.1125
9 0.864453125 0.23819444444444443 0.07890625 0.10972222222222222
9 0.553125 0.36875 0.0203125 0.029166666666666667
9 0.261328125 0.33611111111111114 0.02109375 0.027777777777777776
9 0.226953125 0.33125 0.02109375 0.02638888888888889
9 0.333203125 0.3625 0.01484375 0.019444444444444445
9 0.378125 0.3576388888888889 0.04375 0.0375
9 0.529296875 0.36666666666666664 0.01640625 0.03333333333333333
