2 0.533984375 0.4173611111111111 0.01015625 0.020833333333333332
2 0.54375 0.4131944444444444 0.009375 0.0125
2 0.55546875 0.41597222222222224 0.0109375 0.015277777777777777
2 0.5109375 0.4236111111111111 0.0109375 0.013888888888888888
2 0.5046875 0.4131944444444444 0.0125 0.0125
2 0.491015625 0.4131944444444444 0.00859375 0.0125
2 0.490234375 0.4222222222222222 0.01171875 0.016666666666666666
2 0.48125 0.4236111111111111 0.0109375 0.019444444444444445
2 0.47265625 0.4305555555555556 0.0125 0.025
2 0.464453125 0.4340277777777778 0.01328125 0.020833333333333332
2 0.455078125 0.4354166666666667 0.01484375 0.020833333333333332
2 0.44609375 0.43819444444444444 0.0140625 0.015277777777777777
2 0.41796875 0.4326388888888889 0.0125 0.015277777777777777
2 0.405078125 0.4375 0.01640625 0.013888888888888888
2 0.44765625 0.4236111111111111 0.0109375 0.013888888888888888
2 0.434375 0.42916666666666664 0.009375 0.019444444444444445
2 0.43515625 0.4583333333333333 0.01875 0.03611111111111111
2 0.451953125 0.4638888888888889 0.02734375 0.03611111111111111
2 0.3875 0.4423611111111111 0.0125 0.018055555555555554
2 0.365234375 0.4340277777777778 0.01328125 0.0125
2 0.3796875 0.4548611111111111 0.0140625 0.03194444444444444
2 0.369921875 0.4701388888888889 0.02265625 0.043055555555555555
2 0.35078125 0.47430555555555554 0.0296875 0.05694444444444444
2 0.33984375 0.48819444444444443 0.0234375 0.08472222222222223
2 0.3015625 0.4840277777777778 0.065625 0.12361111111111112
2 0.40703125 0.4951388888888889 0.0640625 0.10416666666666667
2 0.271484375 0.49930555555555556 0.09765625 0.13194444444444445
2 0.12109375 0.5090277777777777 0.1984375 0.24305555555555555
2 0.52890625 0.48125 0.0421875 0.08194444444444444
2 0.48828125 0.50625 0.0875 0.12916666666666668
2 0.064453125 0.5430555555555555 0.12890625 0.375
2 0.814453125 0.5868055555555556 0.32890625 0.33194444444444443
9 0.473828125 0.35208333333333336 0.04453125 0.0375
9 0.5265625 0.3527777777777778 0.0484375 0.03333333333333333
