9 0.505078125 0.4583333333333333 0.00859375 0.008333333333333333
9 0.8625 0.3701388888888889 0.0265625 0.0763888888888889
9 0.2875 0.43472222222222223 0.0078125 0.013888888888888888
2 0.23828125 0.48680555555555555 0.0265625 0.029166666666666667
2 0.205859375 0.49027777777777776 0.02578125 0.03333333333333333
2 0.390234375 0.4756944444444444 0.00703125 0.0125
2 0.4140625 0.475 0.0109375 0.016666666666666666
2 0.433984375 0.47638888888888886 0.00703125 0.016666666666666666
2 0.4671875 0.4861111111111111 0.0046875 0.022222222222222223
2 0.175390625 0.49236111111111114 0.03515625 0.04583333333333333
2 0.369921875 0.47708333333333336 0.01171875 0.0125
2 0.399609375 0.49027777777777776 0.02734375 0.03333333333333333
2 0.45078125 0.49027777777777776 0.0328125 0.05277777777777778
2 0.309765625 0.5069444444444444 0.08671875 0.11666666666666667
2 0.42421875 0.4777777777777778 0.015625 0.022222222222222223
3 0.783203125 0.4930555555555556 0.09921875 0.08888888888888889
3 0.34921875 0.4736111111111111 0.0203125 0.03333333333333333
