9 0.3234375 0.33055555555555555 0.01875 0.041666666666666664
9 0.325 0.36736111111111114 0.0171875 0.03194444444444444
9 0.355859375 0.43125 0.01171875 0.020833333333333332
9 0.49296875 0.4111111111111111 0.009375 0.019444444444444445
9 0.650390625 0.4284722222222222 0.02109375 0.02361111111111111
8 0.435546875 0.2263888888888889 0.01484375 0.041666666666666664
2 0.481640625 0.4652777777777778 0.03046875 0.044444444444444446
2 0.441015625 0.4701388888888889 0.02578125 0.029166666666666667
2 0.394921875 0.4777777777777778 0.07109375 0.08888888888888889
2 0.240625 0.4756944444444444 0.0578125 0.04861111111111111
2 0.128125 0.47708333333333336 0.090625 0.07083333333333333
2 0.664453125 0.4576388888888889 0.03359375 0.043055555555555555
2 0.573046875 0.48680555555555555 0.16015625 0.2652777777777778
2 0.467578125 0.4701388888888889 0.01796875 0.02638888888888889
8 0.45 0.4173611111111111 0.0078125 0.02638888888888889
