8 0.332421875 0.07708333333333334 0.01328125 0.06805555555555555
8 0.12734375 0.15 0.0171875 0.03611111111111111
8 0.353125 0.3701388888888889 0.00625 0.015277777777777777
8 0.377734375 0.34375 0.00703125 0.015277777777777777
8 0.426953125 0.34444444444444444 0.00703125 0.011111111111111112
8 0.53828125 0.14722222222222223 0.015625 0.058333333333333334
8 0.31875 0.08888888888888889 0.0140625 0.06666666666666667
8 0.546484375 0.1527777777777778 0.00859375 0.041666666666666664
9 0.136328125 0.23819444444444443 0.02890625 0.029166666666666667
9 0.136328125 0.27708333333333335 0.02734375 0.043055555555555555
9 0.75703125 0.21041666666666667 0.0328125 0.020833333333333332
9 0.598828125 0.2902777777777778 0.02421875 0.058333333333333334
9 0.3453125 0.3770833333333333 0.0078125 0.015277777777777777
9 0.35703125 0.38333333333333336 0.0078125 0.013888888888888888
8 0.27890625 0.38263888888888886 0.0078125 0.018055555555555554
2 0.3515625 0.4013888888888889 0.0265625 0.030555555555555555
2 0.3328125 0.42569444444444443 0.05 0.06527777777777778
2 0.302734375 0.42083333333333334 0.01953125 0.04722222222222222
2 0.667578125 0.4361111111111111 0.09296875 0.10277777777777777
2 0.616796875 0.40625 0.09609375 0.16527777777777777
2 0.44765625 0.48055555555555557 0.18125 0.275
2 0.808984375 0.5222222222222223 0.36484375 0.3111111111111111
2 0.252734375 0.45625 0.13671875 0.19305555555555556
2 0.563671875 0.39305555555555555 0.03046875 0.04722222222222222
