2 0.419140625 0.4125 0.01640625 0.027777777777777776
2 0.43046875 0.41875 0.0140625 0.043055555555555555
2 0.447265625 0.425 0.01953125 0.05555555555555555
2 0.464453125 0.4263888888888889 0.01953125 0.06944444444444445
2 0.49453125 0.42430555555555555 0.04375 0.10972222222222222
2 0.55078125 0.45208333333333334 0.078125 0.1597222222222222
2 0.64609375 0.4736111111111111 0.1734375 0.225
2 0.3765625 0.41805555555555557 0.0140625 0.022222222222222223
2 0.361328125 0.42083333333333334 0.01640625 0.03333333333333333
2 0.23359375 0.4652777777777778 0.0625 0.10555555555555556
2 0.3140625 0.45694444444444443 0.0984375 0.1388888888888889
2 0.39296875 0.4048611111111111 0.0171875 0.018055555555555554
2 0.10078125 0.44375 0.2015625 0.24861111111111112
2 0.83359375 0.5465277777777777 0.33125 0.4375
8 0.42265625 0.3715277777777778 0.00625 0.020833333333333332
8 0.37578125 0.37569444444444444 0.0078125 0.020833333333333332
