9 0.2671875 0.2361111111111111 0.0609375 0.03611111111111111
9 0.728515625 0.31319444444444444 0.06328125 0.02361111111111111
9 0.805859375 0.3770833333333333 0.02265625 0.018055555555555554
9 0.79375 0.4111111111111111 0.0328125 0.016666666666666666
9 0.728125 0.46041666666666664 0.0171875 0.03194444444444444
9 0.29296875 0.3958333333333333 0.0296875 0.019444444444444445
8 0.40703125 0.3416666666666667 0.0078125 0.041666666666666664
8 0.682421875 0.28958333333333336 0.01484375 0.0625
8 0.812890625 0.44930555555555557 0.01484375 0.02638888888888889
8 0.578515625 0.45416666666666666 0.00546875 0.022222222222222223
8 0.665234375 0.29375 0.01484375 0.05138888888888889
8 0.798046875 0.45416666666666666 0.00859375 0.025
8 0.764453125 0.4465277777777778 0.01796875 0.02638888888888889
2 0.160546875 0.5111111111111111 0.03984375 0.041666666666666664
2 0.24765625 0.5284722222222222 0.134375 0.09305555555555556
2 0.288671875 0.5083333333333333 0.03203125 0.03888888888888889
2 0.33828125 0.5090277777777777 0.04375 0.03194444444444444
3 0.651171875 0.49166666666666664 0.01640625 0.022222222222222223
3 0.629296875 0.4986111111111111 0.02109375 0.03611111111111111
2 0.66171875 0.5 0.0140625 0.027777777777777776
2 0.673046875 0.5145833333333333 0.01953125 0.034722222222222224
2 0.911328125 0.5430555555555555 0.17265625 0.19722222222222222
2 0.629296875 0.5166666666666667 0.01484375 0.022222222222222223
2 0.6515625 0.5111111111111111 0.01875 0.019444444444444445
2 0.692578125 0.5256944444444445 0.03671875 0.04861111111111111
