9 0.728125 0.22777777777777777 0.04375 0.05277777777777778
9 0.72578125 0.29444444444444445 0.0328125 0.05555555555555555
9 0.726171875 0.34791666666666665 0.03046875 0.034722222222222224
9 0.922265625 0.425 0.01640625 0.022222222222222223
9 0.849609375 0.41944444444444445 0.01953125 0.030555555555555555
9 0.884765625 0.4222222222222222 0.01171875 0.011111111111111112
9 0.528515625 0.3590277777777778 0.00859375 0.02638888888888889
9 0.05625 0.4375 0.015625 0.030555555555555555
9 0.170703125 0.425 0.01640625 0.013888888888888888
9 0.172265625 0.4444444444444444 0.01015625 0.016666666666666666
2 0.129296875 0.5354166666666667 0.25859375 0.14027777777777778
2 0.3125 0.5027777777777778 0.1265625 0.09444444444444444
2 0.4578125 0.49166666666666664 0.053125 0.03888888888888889
2 0.019921875 0.5194444444444445 0.03984375 0.05555555555555555
2 0.847265625 0.4875 0.07734375 0.08333333333333333
2 0.7734375 0.4527777777777778 0.015625 0.022222222222222223
2 0.8046875 0.4486111111111111 0.015625 0.013888888888888888
2 0.74921875 0.4444444444444444 0.0140625 0.016666666666666666
2 0.748046875 0.43194444444444446 0.02421875 0.013888888888888888
2 0.7765625 0.42777777777777776 0.009375 0.019444444444444445
2 0.802734375 0.4284722222222222 0.01796875 0.020833333333333332
