8 0.409765625 0.42291666666666666 0.00703125 0.015277777777777777
8 0.42734375 0.41805555555555557 0.0078125 0.013888888888888888
3 0.319140625 0.47291666666666665 0.06796875 0.12638888888888888
2 0.461328125 0.5006944444444444 0.02265625 0.06805555555555555
2 0.465625 0.5027777777777778 0.0234375 0.06666666666666667
2 0.481640625 0.5034722222222222 0.03671875 0.11527777777777778
2 0.532421875 0.5090277777777777 0.10859375 0.19583333333333333
2 0.63828125 0.5645833333333333 0.221875 0.29305555555555557
2 0.366015625 0.48125 0.02578125 0.05138888888888889
2 0.380078125 0.47152777777777777 0.01171875 0.018055555555555554
2 0.283984375 0.5027777777777778 0.03203125 0.08055555555555556
2 0.258203125 0.5180555555555556 0.05546875 0.10277777777777777
2 0.191015625 0.5270833333333333 0.11953125 0.15138888888888888
2 0.075 0.5569444444444445 0.15 0.25
2 0.80390625 0.6576388888888889 0.3875 0.49583333333333335
2 0.04296875 0.7194444444444444 0.084375 0.21666666666666667
2 0.437109375 0.4583333333333333 0.01171875 0.013888888888888888
