9 0.32109375 0.32083333333333336 0.028125 0.04722222222222222
9 0.546875 0.34444444444444444 0.015625 0.030555555555555555
9 0.588671875 0.34652777777777777 0.02890625 0.059722222222222225
9 0.625 0.3659722222222222 0.015625 0.02361111111111111
9 0.908984375 0.35 0.02109375 0.030555555555555555
9 0.908203125 0.3138888888888889 0.02109375 0.03611111111111111
9 0.596875 0.18680555555555556 0.0265625 0.0375
9 0.548046875 0.37916666666666665 0.01640625 0.027777777777777776
9 0.176171875 0.3590277777777778 0.02421875 0.0375
9 0.46796875 0.39166666666666666 0.015625 0.03888888888888889
9 0.476953125 0.2881944444444444 0.00859375 0.02638888888888889
8 0.483984375 0.34305555555555556 0.01640625 0.058333333333333334
2 0.07109375 0.5 0.1296875 0.08888888888888889
1 0.36640625 0.4791666666666667 0.0328125 0.10277777777777777
2 0.859375 0.5194444444444445 0.175 0.1527777777777778
2 0.6375 0.5645833333333333 0.403125 0.30416666666666664
