2 0.933984375 0.5284722222222222 0.13046875 0.4625
9 0.797265625 0.26666666666666666 0.03984375 0.09444444444444444
9 0.844140625 0.2152777777777778 0.02734375 0.04722222222222222
9 0.667578125 0.32083333333333336 0.02109375 0.03333333333333333
9 0.186328125 0.34444444444444444 0.01328125 0.016666666666666666
9 0.246484375 0.32083333333333336 0.01328125 0.013888888888888888
9 0.05859375 0.04236111111111111 0.0390625 0.08472222222222223
8 0.5734375 0.32569444444444445 0.0046875 0.02361111111111111
8 0.568359375 0.32430555555555557 0.00546875 0.020833333333333332
8 0.6765625 0.37916666666666665 0.0109375 0.013888888888888888
8 0.309765625 0.3215277777777778 0.00703125 0.029166666666666667
8 0.303515625 0.32013888888888886 0.00859375 0.03194444444444444
3 0.6390625 0.39861111111111114 0.0671875 0.11666666666666667
2 0.088671875 0.41944444444444445 0.01796875 0.041666666666666664
2 0.1078125 0.40902777777777777 0.0234375 0.02638888888888889
2 0.10703125 0.4361111111111111 0.025 0.05555555555555555
2 0.1828125 0.4215277777777778 0.1296875 0.11527777777777778
2 0.315234375 0.4215277777777778 0.02265625 0.0375
2 0.33359375 0.42569444444444443 0.0359375 0.04861111111111111
2 0.35703125 0.41180555555555554 0.01875 0.02638888888888889
2 0.49765625 0.4166666666666667 0.0140625 0.027777777777777776
2 0.480078125 0.41875 0.02734375 0.04583333333333333
2 0.467578125 0.4270833333333333 0.03515625 0.04861111111111111
2 0.540625 0.4222222222222222 0.015625 0.03888888888888889
2 0.51953125 0.4263888888888889 0.040625 0.06666666666666667
2 0.408203125 0.45555555555555555 0.12734375 0.13333333333333333
2 0.566796875 0.4395833333333333 0.05078125 0.08194444444444444
2 0.012109375 0.43194444444444446 0.01796875 0.019444444444444445
8 0.28515625 0.3840277777777778 0.0109375 0.018055555555555554
8 0.476171875 0.3368055555555556 0.00390625 0.018055555555555554
9 0.501171875 0.3638888888888889 0.00703125 0.019444444444444445
9 0.4765625 0.30972222222222223 0.0109375 0.019444444444444445
2 0.5984375 0.41597222222222224 0.021875 0.02638888888888889
9 0.003125 0.37430555555555556 0.00625 0.02638888888888889
