9 0.1421875 0.46041666666666664 0.0375 0.06527777777777778
9 0.14921875 0.4166666666666667 0.0203125 0.019444444444444445
9 0.61796875 0.40208333333333335 0.0453125 0.02638888888888889
9 0.619921875 0.47430555555555554 0.03671875 0.06527777777777778
9 0.6203125 0.5159722222222223 0.021875 0.015277777777777777
9 0.753515625 0.36041666666666666 0.03828125 0.04583333333333333
2 0.46953125 0.61875 0.0609375 0.09305555555555556
2 0.31171875 0.6236111111111111 0.05 0.06944444444444445
2 0.383984375 0.6083333333333333 0.00859375 0.016666666666666666
2 0.3671875 0.6097222222222223 0.025 0.030555555555555555
2 0.05859375 0.6958333333333333 0.1125 0.3138888888888889
9 0.1265625 0.3590277777777778 0.0328125 0.020833333333333332
9 0.2671875 0.5326388888888889 0.025 0.018055555555555554
2 0.973046875 0.8875 0.05390625 0.20277777777777778
