4 0.179296875 0.3326388888888889 0.21328125 0.0763888888888889
2 0.261328125 0.39652777777777776 0.04140625 0.05694444444444444
2 0.220703125 0.40555555555555556 0.04921875 0.06388888888888888
2 0.062109375 0.4152777777777778 0.07734375 0.08888888888888889
2 0.427734375 0.38472222222222224 0.01484375 0.013888888888888888
2 0.41875 0.3854166666666667 0.0125 0.0125
2 0.407421875 0.3861111111111111 0.01328125 0.011111111111111112
2 0.393359375 0.3875 0.02109375 0.016666666666666666
2 0.53125 0.39444444444444443 0.0375 0.05
2 0.0140625 0.4215277777777778 0.0265625 0.12361111111111112
2 0.137890625 0.4166666666666667 0.12890625 0.125
2 0.32578125 0.4236111111111111 0.1234375 0.1527777777777778
4 0.4671875 0.36180555555555555 0.0515625 0.09861111111111111
2 0.494140625 0.42916666666666664 0.10703125 0.14722222222222223
9 0.54765625 0.33125 0.009375 0.020833333333333332
