8 0.42265625 0.39652777777777776 0.0078125 0.02361111111111111
8 0.4875 0.3923611111111111 0.009375 0.015277777777777777
8 0.46875 0.4111111111111111 0.0046875 0.013888888888888888
4 0.461328125 0.43680555555555556 0.02421875 0.0375
2 0.4203125 0.45 0.01875 0.025
2 0.36015625 0.4652777777777778 0.0484375 0.044444444444444446
2 0.29375 0.4895833333333333 0.0546875 0.07916666666666666
2 0.2328125 0.5083333333333333 0.078125 0.125
2 0.102734375 0.5347222222222222 0.20546875 0.2111111111111111
2 0.481640625 0.4444444444444444 0.01015625 0.016666666666666666
2 0.494140625 0.44375 0.01640625 0.04583333333333333
2 0.512109375 0.4423611111111111 0.03515625 0.05416666666666667
2 0.513671875 0.45555555555555555 0.02109375 0.04722222222222222
2 0.567578125 0.4527777777777778 0.09609375 0.1361111111111111
2 0.670703125 0.5083333333333333 0.19765625 0.25277777777777777
2 0.83125 0.6138888888888889 0.3359375 0.3638888888888889
9 0.379296875 0.40555555555555556 0.00859375 0.011111111111111112
8 0.38125 0.4222222222222222 0.0109375 0.011111111111111112
8 0.392578125 0.425 0.00546875 0.013888888888888888
