8 0.476171875 0.21875 0.01015625 0.04027777777777778
8 0.6359375 0.1986111111111111 0.0078125 0.03333333333333333
8 0.5953125 0.3229166666666667 0.0078125 0.020833333333333332
8 0.5375 0.3173611111111111 0.0078125 0.018055555555555554
8 0.58984375 0.3486111111111111 0.00625 0.016666666666666666
8 0.560546875 0.35694444444444445 0.00546875 0.013888888888888888
8 0.58359375 0.3611111111111111 0.00625 0.016666666666666666
8 0.487109375 0.22152777777777777 0.01015625 0.043055555555555555
8 0.645703125 0.19583333333333333 0.01171875 0.041666666666666664
8 0.39453125 0.3298611111111111 0.009375 0.018055555555555554
8 0.45546875 0.3527777777777778 0.009375 0.016666666666666666
8 0.643359375 0.3458333333333333 0.00859375 0.011111111111111112
8 0.229296875 0.3125 0.01171875 0.022222222222222223
2 0.596484375 0.3763888888888889 0.01953125 0.022222222222222223
2 0.56953125 0.37083333333333335 0.0234375 0.030555555555555555
2 0.5296875 0.39861111111111114 0.0671875 0.09444444444444444
2 0.615625 0.3840277777777778 0.0484375 0.0763888888888889
3 0.88984375 0.3159722222222222 0.21875 0.39305555555555555
9 0.220703125 0.27847222222222223 0.02421875 0.018055555555555554
9 0.397265625 0.2965277777777778 0.01640625 0.0125
9 0.648046875 0.3034722222222222 0.01328125 0.020833333333333332
9 0.61171875 0.32222222222222224 0.0078125 0.013888888888888888
9 0.794921875 0.1840277777777778 0.02734375 0.034722222222222224
