9 0.129296875 0.24861111111111112 0.02109375 0.03333333333333333
9 0.61484375 0.26875 0.0390625 0.03194444444444444
9 0.60390625 0.29791666666666666 0.01875 0.02361111111111111
9 0.44609375 0.375 0.00625 0.016666666666666666
9 0.4328125 0.4048611111111111 0.0078125 0.018055555555555554
2 0.516015625 0.5020833333333333 0.09765625 0.15138888888888888
2 0.26171875 0.4722222222222222 0.075 0.09444444444444444
2 0.389453125 0.4375 0.00703125 0.016666666666666666
2 0.394921875 0.44166666666666665 0.01171875 0.022222222222222223
2 0.40234375 0.4465277777777778 0.015625 0.02361111111111111
2 0.411328125 0.4486111111111111 0.01953125 0.03888888888888889
2 0.412890625 0.45208333333333334 0.01484375 0.03194444444444444
2 0.428125 0.4548611111111111 0.0328125 0.05138888888888889
2 0.42734375 0.46458333333333335 0.0203125 0.05138888888888889
2 0.43359375 0.46458333333333335 0.01875 0.05416666666666667
2 0.456640625 0.47152777777777777 0.05078125 0.0763888888888889
2 0.4671875 0.49444444444444446 0.034375 0.09166666666666666
2 0.334375 0.4465277777777778 0.0125 0.04583333333333333
2 0.328125 0.44305555555555554 0.0109375 0.058333333333333334
2 0.305859375 0.44375 0.04296875 0.07361111111111111
2 0.2953125 0.4548611111111111 0.040625 0.06805555555555555
2 0.37109375 0.44166666666666665 0.0234375 0.03888888888888889
3 0.359375 0.4222222222222222 0.0328125 0.06111111111111111
2 0.9890625 0.5805555555555556 0.0203125 0.1111111111111111
