8 0.55859375 0.18055555555555555 0.0125 0.075
8 0.3078125 0.2423611111111111 0.009375 0.05138888888888889
8 0.71484375 0.41875 0.0140625 0.020833333333333332
8 0.69375 0.3680555555555556 0.0125 0.044444444444444446
8 0.694140625 0.42291666666666666 0.01484375 0.02361111111111111
8 0.53515625 0.18263888888888888 0.021875 0.07083333333333333
9 0.080078125 0.3736111111111111 0.02421875 0.019444444444444445
9 0.07734375 0.3472222222222222 0.034375 0.019444444444444445
9 0.050390625 0.3451388888888889 0.01328125 0.0125
9 0.70390625 0.23402777777777778 0.0296875 0.020833333333333332
9 0.69921875 0.26458333333333334 0.0171875 0.02361111111111111
2 0.4734375 0.5034722222222222 0.0109375 0.0375
2 0.491015625 0.4979166666666667 0.03046875 0.05138888888888889
2 0.506640625 0.5180555555555556 0.03515625 0.04722222222222222
2 0.515234375 0.5361111111111111 0.04921875 0.058333333333333334
3 0.31875 0.4756944444444444 0.1890625 0.31805555555555554
2 0.11875 0.5006944444444444 0.2375 0.19583333333333333
2 0.744921875 0.575 0.50859375 0.3194444444444444
3 0.428125 0.46111111111111114 0.0953125 0.25
9 0.098046875 0.3347222222222222 0.03046875 0.030555555555555555
9 0.050390625 0.29583333333333334 0.04921875 0.027777777777777776
9 0.734375 0.3326388888888889 0.0421875 0.034722222222222224
