2 0.42890625 0.7479166666666667 0.0265625 0.034722222222222224
2 0.46875 0.75625 0.046875 0.06527777777777778
2 0.53828125 0.7784722222222222 0.1125 0.14583333333333334
9 0.5796875 0.6631944444444444 0.01875 0.009722222222222222
9 0.5671875 0.6729166666666667 0.0171875 0.009722222222222222
2 0.834765625 0.7986111111111112 0.22578125 0.19722222222222222
2 0.319921875 0.74375 0.02109375 0.04027777777777778
2 0.26484375 0.7638888888888888 0.1046875 0.1527777777777778
9 0.13828125 0.6895833333333333 0.0234375 0.015277777777777777
9 0.129296875 0.6763888888888889 0.01484375 0.008333333333333333
8 0.169921875 0.5701388888888889 0.00703125 0.03194444444444444
9 0.08359375 0.5652777777777778 0.05625 0.016666666666666666
9 0.713671875 0.4756944444444444 0.03203125 0.034722222222222224
9 0.7140625 0.5090277777777777 0.0328125 0.029166666666666667
9 0.734765625 0.5729166666666666 0.03359375 0.015277777777777777
9 0.71484375 0.5979166666666667 0.0296875 0.020833333333333332
2 0.391796875 0.7395833333333334 0.02421875 0.03194444444444444
9 0.38203125 0.6875 0.0125 0.008333333333333333
8 0.6421875 0.6972222222222222 0.009375 0.019444444444444445
8 0.497265625 0.6104166666666667 0.00546875 0.02361111111111111
9 0.8984375 0.5451388888888888 0.03125 0.05694444444444444
9 0.669140625 0.6208333333333333 0.02890625 0.027777777777777776
