2 0.380859375 0.5756944444444444 0.01796875 0.020833333333333332
2 0.359765625 0.5763888888888888 0.02109375 0.019444444444444445
2 0.350390625 0.5729166666666666 0.01640625 0.02638888888888889
2 0.32734375 0.5722222222222222 0.025 0.030555555555555555
2 0.287890625 0.5701388888888889 0.06171875 0.05416666666666667
2 0.21328125 0.5763888888888888 0.0265625 0.05277777777777778
2 0.138671875 0.5819444444444445 0.15390625 0.07777777777777778
2 0.4171875 0.5743055555555555 0.0171875 0.02361111111111111
2 0.4796875 0.58125 0.015625 0.03194444444444444
2 0.536328125 0.5805555555555556 0.02578125 0.04722222222222222
2 0.03359375 0.5701388888888889 0.0671875 0.09583333333333334
2 0.87578125 0.6395833333333333 0.196875 0.1875
2 0.509375 0.5833333333333334 0.040625 0.06111111111111111
2 0.611328125 0.5895833333333333 0.06328125 0.08194444444444444
2 0.448046875 0.5916666666666667 0.05859375 0.1
2 0.938671875 0.7638888888888888 0.12109375 0.4222222222222222
