2 0.467578125 0.6138888888888889 0.02734375 0.027777777777777776
2 0.4484375 0.6118055555555556 0.009375 0.03194444444444444
2 0.428515625 0.6097222222222223 0.03359375 0.044444444444444446
2 0.396875 0.6145833333333334 0.0265625 0.04583333333333333
2 0.364453125 0.6104166666666667 0.03984375 0.059722222222222225
2 0.293359375 0.5868055555555556 0.11953125 0.14305555555555555
2 0.143359375 0.6034722222222222 0.23515625 0.2708333333333333
2 0.568359375 0.6173611111111111 0.02890625 0.04027777777777778
2 0.766796875 0.6326388888888889 0.12578125 0.13194444444444445
2 0.610546875 0.6236111111111111 0.02734375 0.03611111111111111
2 0.639453125 0.6222222222222222 0.03984375 0.05277777777777778
2 0.666796875 0.6409722222222223 0.03671875 0.04861111111111111
2 0.6875 0.6361111111111111 0.0453125 0.08055555555555556
9 0.8390625 0.4875 0.021875 0.07222222222222222
