9 0.609765625 0.3034722222222222 0.02421875 0.03194444444444444
9 0.525 0.29097222222222224 0.0203125 0.018055555555555554
9 0.4828125 0.30416666666666664 0.0109375 0.027777777777777776
9 0.284765625 0.29305555555555557 0.01171875 0.030555555555555555
9 0.562890625 0.27569444444444446 0.03359375 0.020833333333333332
8 0.318359375 0.3076388888888889 0.00390625 0.015277777777777777
8 0.383203125 0.28958333333333336 0.00859375 0.0125
8 0.37109375 0.29444444444444445 0.00625 0.013888888888888888
8 0.358984375 0.3090277777777778 0.00859375 0.015277777777777777
2 0.447265625 0.35555555555555557 0.02578125 0.03333333333333333
2 0.39140625 0.32430555555555557 0.0203125 0.015277777777777777
2 0.302734375 0.3145833333333333 0.01953125 0.02638888888888889
2 0.233984375 0.30625 0.01640625 0.02361111111111111
2 0.217578125 0.3458333333333333 0.01484375 0.019444444444444445
2 0.3359375 0.3138888888888889 0.0203125 0.013888888888888888
8 0.696484375 0.1986111111111111 0.03671875 0.030555555555555555
2 0.3671875 0.36875 0.0265625 0.0375
2 0.340234375 0.35694444444444445 0.02421875 0.030555555555555555
2 0.523828125 0.33194444444444443 0.03046875 0.025
2 0.208984375 0.30277777777777776 0.01796875 0.025
