2 0.203125 0.5270833333333333 0.2046875 0.24861111111111112
2 0.46796875 0.44930555555555557 0.009375 0.009722222222222222
2 0.403515625 0.4798611111111111 0.02578125 0.0375
2 0.576953125 0.45625 0.02734375 0.018055555555555554
2 0.585546875 0.4625 0.03046875 0.025
2 0.631640625 0.4736111111111111 0.08671875 0.05277777777777778
2 0.72890625 0.4361111111111111 0.028125 0.027777777777777776
2 0.743359375 0.44166666666666665 0.02890625 0.030555555555555555
2 0.763671875 0.43125 0.03671875 0.03194444444444444
2 0.794140625 0.42916666666666664 0.03046875 0.03611111111111111
2 0.80703125 0.43333333333333335 0.028125 0.027777777777777776
2 0.8453125 0.43333333333333335 0.05625 0.03888888888888889
2 0.947265625 0.4340277777777778 0.08046875 0.07083333333333333
2 0.316015625 0.5 0.03046875 0.05
2 0.37265625 0.48680555555555555 0.025 0.03194444444444444
2 0.42890625 0.4861111111111111 0.0359375 0.05
2 0.459765625 0.4666666666666667 0.01640625 0.025
2 0.489453125 0.46319444444444446 0.01640625 0.020833333333333332
2 0.44921875 0.4444444444444444 0.009375 0.011111111111111112
2 0.05 0.5263888888888889 0.096875 0.13333333333333333
