2 0.539453125 0.44375 0.00859375 0.020833333333333332
2 0.533984375 0.4423611111111111 0.01328125 0.02361111111111111
2 0.52890625 0.4513888888888889 0.0109375 0.016666666666666666
2 0.519140625 0.4513888888888889 0.00859375 0.022222222222222223
2 0.50625 0.44583333333333336 0.015625 0.022222222222222223
2 0.487890625 0.4486111111111111 0.02421875 0.030555555555555555
2 0.5578125 0.44166666666666665 0.0125 0.027777777777777776
2 0.56484375 0.4465277777777778 0.009375 0.03194444444444444
2 0.571484375 0.45 0.01015625 0.03888888888888889
2 0.578125 0.4534722222222222 0.0125 0.04583333333333333
2 0.588671875 0.45416666666666666 0.01953125 0.05555555555555555
2 0.547265625 0.44166666666666665 0.01640625 0.027777777777777776
2 0.608984375 0.4576388888888889 0.04609375 0.0625
2 0.70078125 0.48333333333333334 0.128125 0.19166666666666668
2 0.850390625 0.5125 0.29609375 0.3277777777777778
2 0.951171875 0.6388888888888888 0.09453125 0.11388888888888889
8 0.48984375 0.42916666666666664 0.0109375 0.016666666666666666
9 0.371875 0.33194444444444443 0.01875 0.013888888888888888
9 0.380859375 0.3659722222222222 0.01796875 0.034722222222222224
9 0.748828125 0.2604166666666667 0.02421875 0.03194444444444444
