8 0.38515625 0.3368055555555556 0.0078125 0.015277777777777777
8 0.323828125 0.3909722222222222 0.01015625 0.0125
9 0.328125 0.37222222222222223 0.009375 0.013888888888888888
2 0.444921875 0.4125 0.04296875 0.06388888888888888
4 0.4046875 0.39375 0.0515625 0.09861111111111111
2 0.287109375 0.41388888888888886 0.06015625 0.07777777777777778
2 0.603515625 0.4076388888888889 0.01796875 0.029166666666666667
2 0.63515625 0.41458333333333336 0.0671875 0.15416666666666667
2 0.5359375 0.45069444444444445 0.153125 0.15694444444444444
2 0.058984375 0.39375 0.11640625 0.10416666666666667
2 0.1515625 0.4979166666666667 0.303125 0.31805555555555554
4 0.823828125 0.3388888888888889 0.34609375 0.5
8 0.5015625 0.32083333333333336 0.00625 0.019444444444444445
8 0.596875 0.3784722222222222 0.009375 0.02638888888888889
