2 0.477734375 0.6944444444444444 0.26953125 0.3888888888888889
2 0.227734375 0.6486111111111111 0.13828125 0.18055555555555555
2 0.7015625 0.5659722222222222 0.1109375 0.0625
2 0.418359375 0.5541666666666667 0.03828125 0.044444444444444446
2 0.125390625 0.575 0.12734375 0.1
9 0.0375 0.47638888888888886 0.021875 0.013888888888888888
9 0.86015625 0.4722222222222222 0.0375 0.016666666666666666
8 0.446875 0.3840277777777778 0.0078125 0.043055555555555555
8 0.532421875 0.3840277777777778 0.00703125 0.034722222222222224
8 0.23203125 0.4951388888888889 0.009375 0.029166666666666667
8 0.598828125 0.48541666666666666 0.00859375 0.029166666666666667
8 0.43828125 0.38333333333333336 0.00625 0.041666666666666664
8 0.456640625 0.38472222222222224 0.00546875 0.03888888888888889
8 0.526171875 0.38333333333333336 0.00859375 0.03611111111111111
8 0.537890625 0.3819444444444444 0.00390625 0.03333333333333333
8 0.3671875 0.3576388888888889 0.00625 0.043055555555555555
8 0.35546875 0.35694444444444445 0.0109375 0.03888888888888889
8 0.84453125 0.4263888888888889 0.0140625 0.06111111111111111
8 0.1296875 0.46319444444444446 0.0203125 0.05694444444444444
9 0.555078125 0.43125 0.00546875 0.02638888888888889
9 0.86484375 0.4236111111111111 0.0109375 0.075
2 0.5015625 0.5402777777777777 0.1109375 0.06944444444444445
