8 0.17890625 0.18611111111111112 0.0140625 0.08055555555555556
8 0.477734375 0.34305555555555556 0.01171875 0.05277777777777778
8 0.160546875 0.46805555555555556 0.01484375 0.027777777777777776
8 0.180078125 0.4666666666666667 0.00546875 0.025
8 0.198046875 0.19236111111111112 0.02265625 0.08472222222222223
8 0.162890625 0.19027777777777777 0.01796875 0.07777777777777778
8 0.490234375 0.34444444444444444 0.01171875 0.05
8 0.46875 0.3458333333333333 0.0125 0.044444444444444446
8 0.86796875 0.4479166666666667 0.04375 0.059722222222222225
8 0.601953125 0.49444444444444446 0.01328125 0.022222222222222223
9 0.175390625 0.4215277777777778 0.02734375 0.018055555555555554
9 0.298828125 0.45069444444444445 0.01171875 0.034722222222222224
9 0.5875 0.4354166666666667 0.01875 0.04027777777777778
9 0.50390625 0.49375 0.0125 0.02638888888888889
9 0.441796875 0.5027777777777778 0.00546875 0.013888888888888888
9 0.842578125 0.3875 0.03515625 0.041666666666666664
9 0.842578125 0.2722222222222222 0.02265625 0.041666666666666664
9 0.29609375 0.4826388888888889 0.009375 0.02638888888888889
2 0.38046875 0.53125 0.0125 0.018055555555555554
2 0.36328125 0.5277777777777778 0.0171875 0.022222222222222223
2 0.423046875 0.5284722222222222 0.01015625 0.020833333333333332
2 0.429296875 0.5319444444444444 0.01171875 0.016666666666666666
2 0.451953125 0.5354166666666667 0.01015625 0.015277777777777777
2 0.458984375 0.5465277777777777 0.01640625 0.03194444444444444
2 0.468359375 0.5569444444444445 0.01640625 0.04722222222222222
2 0.491015625 0.5590277777777778 0.04765625 0.06805555555555555
2 0.503515625 0.5722222222222222 0.04140625 0.06111111111111111
2 0.439453125 0.5479166666666667 0.02578125 0.034722222222222224
2 0.396875 0.5305555555555556 0.0109375 0.013888888888888888
2 0.408203125 0.5291666666666667 0.01171875 0.016666666666666666
2 0.52734375 0.5826388888888889 0.0625 0.0763888888888889
2 0.829296875 0.675 0.33984375 0.39166666666666666
2 0.351953125 0.5451388888888888 0.03359375 0.04583333333333333
