2 0.10234375 0.6034722222222222 0.2046875 0.19305555555555556
2 0.8984375 0.5930555555555556 0.1953125 0.22777777777777777
2 0.2609375 0.5666666666666667 0.1203125 0.13055555555555556
2 0.494140625 0.5 0.02421875 0.03888888888888889
2 0.51640625 0.5013888888888889 0.0140625 0.027777777777777776
2 0.532421875 0.49930555555555556 0.01484375 0.02638888888888889
2 0.54609375 0.49722222222222223 0.0140625 0.022222222222222223
2 0.569140625 0.49583333333333335 0.02734375 0.03888888888888889
2 0.657421875 0.50625 0.01953125 0.02361111111111111
8 0.357421875 0.4111111111111111 0.01328125 0.041666666666666664
8 0.714453125 0.39652777777777776 0.01484375 0.0375
8 0.583203125 0.325 0.01640625 0.041666666666666664
8 0.716796875 0.42777777777777776 0.00703125 0.019444444444444445
9 0.608984375 0.3125 0.03359375 0.05555555555555555
9 0.71171875 0.35 0.025 0.013888888888888888
9 0.8203125 0.39444444444444443 0.03125 0.04722222222222222
9 0.793359375 0.40347222222222223 0.01953125 0.029166666666666667
9 0.640234375 0.4638888888888889 0.01015625 0.013888888888888888
9 0.6671875 0.4701388888888889 0.009375 0.0125
9 0.665625 0.4840277777777778 0.015625 0.0125
8 0.369140625 0.4131944444444444 0.00546875 0.04583333333333333
