9 0.530078125 0.6395833333333333 0.04296875 0.04861111111111111
8 0.447265625 0.6416666666666667 0.01640625 0.025
8 0.505078125 0.6548611111111111 0.01328125 0.020833333333333332
8 0.522265625 0.6875 0.01015625 0.016666666666666666
8 0.558984375 0.6833333333333333 0.01171875 0.008333333333333333
2 0.6890625 0.7395833333333334 0.059375 0.04027777777777778
2 0.578515625 0.725 0.01640625 0.022222222222222223
2 0.55078125 0.7291666666666666 0.0109375 0.019444444444444445
2 0.533203125 0.7236111111111111 0.00859375 0.019444444444444445
2 0.48359375 0.7298611111111111 0.0078125 0.015277777777777777
2 0.473046875 0.7291666666666666 0.01171875 0.019444444444444445
2 0.435546875 0.7326388888888888 0.01171875 0.015277777777777777
2 0.416015625 0.7333333333333333 0.02265625 0.041666666666666664
2 0.31796875 0.71875 0.053125 0.034722222222222224
2 0.349609375 0.7243055555555555 0.01328125 0.018055555555555554
2 0.0578125 0.7229166666666667 0.0421875 0.05416666666666667
2 0.01015625 0.7326388888888888 0.0203125 0.07083333333333333
2 0.991796875 0.8201388888888889 0.01171875 0.12361111111111112
2 0.38359375 0.73125 0.05 0.07361111111111111
2 0.45625 0.7326388888888888 0.025 0.03194444444444444
2 0.50546875 0.73125 0.0359375 0.05138888888888889
9 0.78203125 0.4354166666666667 0.0171875 0.03194444444444444
9 0.81875 0.6548611111111111 0.0203125 0.029166666666666667
2 0.541015625 0.73125 0.02109375 0.034722222222222224
