2 0.2 0.4166666666666667 0.05 0.04722222222222222
9 0.123046875 0.30416666666666664 0.05859375 0.07777777777777778
9 0.175390625 0.34375 0.02265625 0.0375
2 0.362109375 0.41180555555555554 0.02421875 0.04583333333333333
2 0.38046875 0.41458333333333336 0.0109375 0.018055555555555554
2 0.393359375 0.4215277777777778 0.01953125 0.029166666666666667
9 0.395703125 0.39305555555555555 0.01484375 0.016666666666666666
2 0.33671875 0.41944444444444445 0.0375 0.06388888888888888
2 0.29453125 0.44027777777777777 0.06875 0.08611111111111111
2 0.272265625 0.4083333333333333 0.03515625 0.04722222222222222
2 0.078125 0.44027777777777777 0.15625 0.13333333333333333
3 0.4546875 0.39305555555555555 0.05 0.09166666666666666
2 0.473828125 0.4083333333333333 0.03515625 0.07222222222222222
1 0.849609375 0.44166666666666665 0.03515625 0.11944444444444445
1 0.777734375 0.41944444444444445 0.02578125 0.08055555555555556
9 0.51171875 0.32430555555555557 0.0203125 0.02638888888888889
