2 0.241015625 0.45 0.08828125 0.10277777777777777
2 0.43359375 0.27569444444444446 0.0140625 0.020833333333333332
2 0.43359375 0.29583333333333334 0.01875 0.022222222222222223
2 0.437109375 0.32430555555555557 0.02890625 0.034722222222222224
2 0.419140625 0.2708333333333333 0.01171875 0.019444444444444445
2 0.411328125 0.2777777777777778 0.01796875 0.022222222222222223
2 0.409375 0.29097222222222224 0.0203125 0.0125
2 0.405078125 0.30833333333333335 0.02421875 0.027777777777777776
2 0.39296875 0.2798611111111111 0.01875 0.020833333333333332
2 0.45078125 0.2777777777777778 0.0109375 0.022222222222222223
2 0.455859375 0.2881944444444444 0.00859375 0.02638888888888889
2 0.46171875 0.2951388888888889 0.0109375 0.034722222222222224
2 0.4671875 0.30416666666666664 0.0140625 0.03611111111111111
2 0.47734375 0.3159722222222222 0.0203125 0.043055555555555555
2 0.6421875 0.4527777777777778 0.1625 0.18888888888888888
2 0.774609375 0.5020833333333333 0.21171875 0.2569444444444444
2 0.42890625 0.21944444444444444 0.009375 0.013888888888888888
2 0.37265625 0.2875 0.0234375 0.027777777777777776
2 0.42109375 0.23194444444444445 0.0109375 0.019444444444444445
2 0.415234375 0.24791666666666667 0.01328125 0.018055555555555554
2 0.366796875 0.32430555555555557 0.02890625 0.0375
2 0.33515625 0.3541666666666667 0.04375 0.06388888888888888
2 0.394921875 0.33958333333333335 0.03046875 0.043055555555555555
2 0.4421875 0.3861111111111111 0.05 0.08611111111111111
2 0.489453125 0.33611111111111114 0.03203125 0.05277777777777778
2 0.327734375 0.4652777777777778 0.09453125 0.11944444444444445
8 0.216796875 0.29444444444444445 0.01328125 0.025
8 0.432421875 0.1701388888888889 0.01484375 0.03194444444444444
8 0.529296875 0.25763888888888886 0.01640625 0.02638888888888889
8 0.58203125 0.2013888888888889 0.0171875 0.030555555555555555
9 0.5265625 0.20069444444444445 0.0421875 0.02361111111111111
9 0.525 0.22361111111111112 0.015625 0.030555555555555555
2 0.018359375 0.5340277777777778 0.03671875 0.08194444444444444
2 0.923828125 0.5881944444444445 0.14921875 0.44305555555555554
