9 0.57890625 0.5513888888888889 0.0203125 0.03611111111111111
9 0.571484375 0.5833333333333334 0.01640625 0.027777777777777776
9 0.2625 0.5458333333333333 0.0265625 0.05555555555555555
2 0.037109375 0.6895833333333333 0.07421875 0.2569444444444444
2 0.4390625 0.5805555555555556 0.0125 0.019444444444444445
2 0.456640625 0.5798611111111112 0.01171875 0.0125
2 0.46640625 0.5875 0.00625 0.022222222222222223
2 0.4828125 0.5951388888888889 0.021875 0.0375
2 0.42890625 0.5805555555555556 0.0078125 0.013888888888888888
2 0.416015625 0.5847222222222223 0.01640625 0.022222222222222223
2 0.377734375 0.6104166666666667 0.04453125 0.059722222222222225
2 0.860546875 0.6111111111111112 0.27734375 0.5194444444444445
