2 0.459765625 0.5631944444444444 0.00859375 0.0125
2 0.448046875 0.5645833333333333 0.01328125 0.015277777777777777
2 0.43671875 0.5638888888888889 0.0078125 0.011111111111111112
2 0.4296875 0.5645833333333333 0.0109375 0.015277777777777777
2 0.4203125 0.5659722222222222 0.0078125 0.0125
2 0.413671875 0.5666666666666667 0.01015625 0.011111111111111112
2 0.4046875 0.5666666666666667 0.0109375 0.016666666666666666
2 0.396484375 0.5666666666666667 0.01328125 0.016666666666666666
2 0.3828125 0.5666666666666667 0.0171875 0.019444444444444445
2 0.322265625 0.5625 0.02109375 0.022222222222222223
2 0.312109375 0.5784722222222223 0.02109375 0.043055555555555555
2 0.291796875 0.5777777777777777 0.03359375 0.06111111111111111
2 0.26875 0.5833333333333334 0.0390625 0.06388888888888888
2 0.234765625 0.5930555555555556 0.06640625 0.06944444444444445
2 0.347265625 0.5888888888888889 0.06640625 0.07777777777777778
2 0.4703125 0.5645833333333333 0.009375 0.015277777777777777
2 0.478515625 0.5625 0.01328125 0.022222222222222223
2 0.4890625 0.5611111111111111 0.015625 0.027777777777777776
2 0.513671875 0.5715277777777777 0.05078125 0.07083333333333333
2 0.551953125 0.5763888888888888 0.02734375 0.058333333333333334
2 0.569140625 0.5798611111111112 0.03359375 0.06805555555555555
2 0.596484375 0.5854166666666667 0.04921875 0.08194444444444444
2 0.645703125 0.5840277777777778 0.07421875 0.11527777777777778
2 0.711328125 0.5979166666666667 0.13359375 0.1486111111111111
2 0.846875 0.6430555555555556 0.2453125 0.2111111111111111
2 0.065234375 0.6291666666666667 0.12734375 0.13333333333333333
8 0.457421875 0.5354166666666667 0.00703125 0.015277777777777777
8 0.43046875 0.5381944444444444 0.0078125 0.015277777777777777
9 0.50859375 0.5305555555555556 0.0125 0.019444444444444445
9 0.4984375 0.5298611111111111 0.009375 0.0125
