9 0.256640625 0.3229166666666667 0.19609375 0.12916666666666668
9 0.4625 0.36319444444444443 0.15 0.1625
9 0.485546875 0.26180555555555557 0.09921875 0.03194444444444444
9 0.258984375 0.425 0.20078125 0.06111111111111111
9 0.653515625 0.39861111111111114 0.02421875 0.05555555555555555
9 0.521484375 0.5895833333333333 0.04296875 0.0125
9 0.46640625 0.6215277777777778 0.05625 0.034722222222222224
2 0.55 0.6506944444444445 0.0328125 0.03194444444444444
2 0.5328125 0.6333333333333333 0.0140625 0.027777777777777776
2 0.49296875 0.6895833333333333 0.08125 0.1625
2 0.43984375 0.6840277777777778 0.034375 0.07083333333333333
2 0.262890625 0.6902777777777778 0.06796875 0.075
2 0.292578125 0.6638888888888889 0.01796875 0.022222222222222223
2 0.3875 0.6895833333333333 0.0515625 0.09305555555555556
2 0.41484375 0.68125 0.0328125 0.059722222222222225
3 0.418359375 0.6451388888888889 0.03203125 0.05138888888888889
3 0.380078125 0.6361111111111111 0.04140625 0.03888888888888889
2 0.3328125 0.7076388888888889 0.0859375 0.1375
2 0.19140625 0.7527777777777778 0.19375 0.22777777777777777
2 0.1265625 0.6833333333333333 0.1296875 0.16666666666666666
2 0.11640625 0.6534722222222222 0.23125 0.1597222222222222
9 0.041796875 0.4013888888888889 0.04140625 0.075
2 0.32265625 0.5520833333333334 0.028125 0.02638888888888889
2 0.35078125 0.5541666666666667 0.0203125 0.013888888888888888
2 0.3765625 0.55 0.01875 0.013888888888888888
2 0.41796875 0.5451388888888888 0.0296875 0.0125
2 0.45234375 0.5423611111111111 0.028125 0.009722222222222222
2 0.514453125 0.5326388888888889 0.02734375 0.0125
2 0.546875 0.5229166666666667 0.0328125 0.015277777777777777
