2 0.80078125 0.6555555555555556 0.0125 0.022222222222222223
2 0.755078125 0.6493055555555556 0.01796875 0.034722222222222224
2 0.717578125 0.6416666666666667 0.01328125 0.019444444444444445
2 0.659765625 0.6506944444444445 0.02421875 0.04861111111111111
2 0.819921875 0.6715277777777777 0.04140625 0.04861111111111111
2 0.853125 0.675 0.040625 0.06666666666666667
2 0.873828125 0.6777777777777778 0.02890625 0.06666666666666667
2 0.915625 0.6881944444444444 0.0796875 0.09861111111111111
2 0.970703125 0.7152777777777778 0.05546875 0.1
2 0.68984375 0.6645833333333333 0.059375 0.0875
2 0.728515625 0.6631944444444444 0.02734375 0.04583333333333333
2 0.765625 0.6555555555555556 0.0234375 0.03333333333333333
2 0.783203125 0.6638888888888889 0.02890625 0.041666666666666664
9 0.106640625 0.5388888888888889 0.01328125 0.019444444444444445
9 0.105859375 0.5583333333333333 0.01328125 0.016666666666666666
9 0.35234375 0.5222222222222223 0.0203125 0.019444444444444445
9 0.36328125 0.5611111111111111 0.0421875 0.058333333333333334
9 0.7140625 0.6166666666666667 0.025 0.019444444444444445
9 0.78359375 0.6152777777777778 0.009375 0.011111111111111112
9 0.8296875 0.6083333333333333 0.0109375 0.019444444444444445
3 0.805859375 0.6298611111111111 0.04296875 0.0375
9 0.412890625 0.53125 0.01640625 0.009722222222222222
9 0.3953125 0.6229166666666667 0.009375 0.018055555555555554
9 0.441015625 0.5909722222222222 0.01015625 0.015277777777777777
9 0.441796875 0.61875 0.00859375 0.015277777777777777
9 0.408984375 0.5604166666666667 0.02578125 0.04861111111111111
9 0.310546875 0.5305555555555556 0.03046875 0.04722222222222222
9 0.310546875 0.5694444444444444 0.01484375 0.025
9 0.609765625 0.6097222222222223 0.03046875 0.027777777777777776
9 0.573046875 0.2798611111111111 0.05859375 0.034722222222222224
9 0.411328125 0.2743055555555556 0.07734375 0.0625
9 0.44609375 0.38958333333333334 0.159375 0.19027777777777777
9 0.58203125 0.3770833333333333 0.0890625 0.17083333333333334
9 0.903125 0.5805555555555556 0.071875 0.10555555555555556
9 0.825 0.6222222222222222 0.01875 0.019444444444444445
9 0.781640625 0.3541666666666667 0.16484375 0.1527777777777778
