2 0.431640625 0.7118055555555556 0.38359375 0.4847222222222222
2 0.88671875 0.7138888888888889 0.2234375 0.5
2 0.223828125 0.6548611111111111 0.16796875 0.30416666666666664
2 0.753125 0.6354166666666666 0.2484375 0.31805555555555554
2 0.612109375 0.6388888888888888 0.07109375 0.15
2 0.576953125 0.5722222222222222 0.01640625 0.041666666666666664
9 0.287890625 0.4722222222222222 0.01796875 0.03611111111111111
9 0.94296875 0.21875 0.0359375 0.0625
9 0.962109375 0.28194444444444444 0.02890625 0.05277777777777778
9 0.926953125 0.2798611111111111 0.02578125 0.018055555555555554
