2 0.58671875 0.50625 0.0234375 0.03194444444444444
2 0.650390625 0.5083333333333333 0.01640625 0.027777777777777776
2 0.370703125 0.5305555555555556 0.04296875 0.03888888888888889
2 0.66796875 0.5083333333333333 0.0109375 0.019444444444444445
2 0.640234375 0.5034722222222222 0.00546875 0.018055555555555554
2 0.62421875 0.49930555555555556 0.0109375 0.018055555555555554
2 0.6125 0.49583333333333335 0.0109375 0.016666666666666666
2 0.025 0.5291666666666667 0.046875 0.041666666666666664
2 0.059765625 0.525 0.02265625 0.027777777777777776
2 0.089453125 0.5256944444444445 0.01953125 0.020833333333333332
2 0.140234375 0.5277777777777778 0.05859375 0.025
2 0.279296875 0.5243055555555556 0.01796875 0.020833333333333332
2 0.480078125 0.5111111111111111 0.01015625 0.013888888888888888
2 0.557421875 0.5013888888888889 0.00859375 0.013888888888888888
8 0.61796875 0.4576388888888889 0.0046875 0.015277777777777777
