9 0.5984375 0.32916666666666666 0.0546875 0.05555555555555555
9 0.6546875 0.32569444444444445 0.0609375 0.05694444444444444
8 0.753125 0.22152777777777777 0.009375 0.034722222222222224
8 0.76484375 0.2152777777777778 0.00625 0.03611111111111111
8 0.78515625 0.24583333333333332 0.0078125 0.019444444444444445
8 0.91796875 0.22916666666666666 0.0078125 0.027777777777777776
2 0.536328125 0.31875 0.03046875 0.0125
2 0.301953125 0.5284722222222222 0.17109375 0.20972222222222223
2 0.471875 0.4875 0.04375 0.06388888888888888
2 0.77421875 0.5590277777777778 0.1921875 0.19027777777777777
2 0.702734375 0.4888888888888889 0.02265625 0.03888888888888889
2 0.534375 0.4798611111111111 0.0203125 0.029166666666666667
2 0.573828125 0.4791666666666667 0.02578125 0.03888888888888889
2 0.60390625 0.4791666666666667 0.0234375 0.030555555555555555
2 0.6265625 0.47152777777777777 0.009375 0.018055555555555554
2 0.4984375 0.4847222222222222 0.0109375 0.025
2 0.506640625 0.4777777777777778 0.00546875 0.016666666666666666
2 0.550390625 0.47638888888888886 0.01171875 0.022222222222222223
2 0.204296875 0.5041666666666667 0.03515625 0.022222222222222223
2 0.16875 0.5013888888888889 0.053125 0.03333333333333333
2 0.40703125 0.4798611111111111 0.025 0.015277777777777777
2 0.430078125 0.48194444444444445 0.01484375 0.008333333333333333
2 0.5203125 0.4777777777777778 0.0078125 0.016666666666666666
