2 0.33046875 0.37916666666666665 0.0421875 0.05555555555555555
2 0.44296875 0.36666666666666664 0.0109375 0.030555555555555555
4 0.471484375 0.3263888888888889 0.03984375 0.03611111111111111
2 0.448828125 0.4 0.02734375 0.09722222222222222
2 0.687109375 0.3638888888888889 0.02265625 0.03611111111111111
2 0.2109375 0.3909722222222222 0.153125 0.16527777777777777
2 0.2796875 0.3680555555555556 0.021875 0.03888888888888889
3 0.3671875 0.37083333333333335 0.01875 0.027777777777777776
2 0.516796875 0.44583333333333336 0.15390625 0.225
2 0.663671875 0.3680555555555556 0.06015625 0.044444444444444446
2 0.616796875 0.37569444444444444 0.02421875 0.02361111111111111
9 0.61953125 0.25625 0.034375 0.07361111111111111
9 0.583203125 0.30694444444444446 0.01328125 0.013888888888888888
9 0.591796875 0.3145833333333333 0.01484375 0.02361111111111111
