8 0.528515625 0.4979166666666667 0.01328125 0.0625
8 0.515234375 0.5145833333333333 0.01328125 0.04027777777777778
8 0.542578125 0.5104166666666666 0.01171875 0.0375
8 0.77421875 0.49444444444444446 0.0140625 0.041666666666666664
8 0.276171875 0.5111111111111111 0.01484375 0.041666666666666664
8 0.016015625 0.4777777777777778 0.01953125 0.04722222222222222
9 0.50546875 0.59375 0.0203125 0.034722222222222224
2 0.46171875 0.6305555555555555 0.0671875 0.08888888888888889
2 0.58046875 0.6256944444444444 0.0125 0.029166666666666667
2 0.605859375 0.6263888888888889 0.03828125 0.11944444444444445
4 0.413671875 0.5986111111111111 0.14453125 0.15833333333333333
2 0.6828125 0.6784722222222223 0.171875 0.2375
2 0.92890625 0.625 0.0453125 0.04722222222222222
2 0.985546875 0.6270833333333333 0.02890625 0.08472222222222223
