9 0.521484375 0.37569444444444444 0.02265625 0.0125
9 0.55703125 0.45555555555555555 0.028125 0.022222222222222223
2 0.411328125 0.475 0.03203125 0.03333333333333333
2 0.38984375 0.49027777777777776 0.034375 0.03333333333333333
2 0.3296875 0.49166666666666664 0.01875 0.030555555555555555
2 0.305859375 0.4965277777777778 0.02265625 0.029166666666666667
2 0.368359375 0.5020833333333333 0.04296875 0.04583333333333333
2 0.44453125 0.4965277777777778 0.028125 0.04861111111111111
3 0.2046875 0.5145833333333333 0.1984375 0.13472222222222222
2 0.126953125 0.5326388888888889 0.22890625 0.1375
2 0.10234375 0.5583333333333333 0.2046875 0.15833333333333333
2 0.059375 0.6076388888888888 0.11875 0.12361111111111112
