9 0.2953125 0.28958333333333336 0.0546875 0.04027777777777778
8 0.054296875 0.46319444444444446 0.00859375 0.018055555555555554
8 0.0421875 0.5180555555555556 0.003125 0.016666666666666666
2 0.062109375 0.54375 0.01796875 0.020833333333333332
2 0.02890625 0.5506944444444445 0.0140625 0.018055555555555554
2 0.04453125 0.5583333333333333 0.021875 0.03611111111111111
2 0.0765625 0.5555555555555556 0.01875 0.08055555555555556
2 0.1265625 0.5729166666666666 0.0875 0.12638888888888888
2 0.086328125 0.5680555555555555 0.02109375 0.10555555555555556
3 0.88515625 0.4284722222222222 0.2265625 0.35694444444444445
9 0.345703125 0.20694444444444443 0.07890625 0.04722222222222222
9 0.343359375 0.1638888888888889 0.08359375 0.05
8 0.298828125 0.34930555555555554 0.02109375 0.059722222222222225
8 0.3359375 0.3451388888888889 0.03125 0.059722222222222225
