9 0.241015625 0.4673611111111111 0.01484375 0.018055555555555554
9 0.5921875 0.48819444444444443 0.0109375 0.018055555555555554
9 0.607421875 0.4847222222222222 0.01015625 0.022222222222222223
9 0.06015625 0.43472222222222223 0.034375 0.05
2 0.40546875 0.5527777777777778 0.0140625 0.044444444444444446
2 0.3890625 0.5493055555555556 0.0265625 0.04861111111111111
2 0.33359375 0.5326388888888889 0.00625 0.0125
2 0.315625 0.55 0.03125 0.044444444444444446
2 0.29140625 0.5583333333333333 0.0359375 0.03333333333333333
2 0.255859375 0.5638888888888889 0.04296875 0.05
2 0.22265625 0.5701388888888889 0.0359375 0.04583333333333333
2 0.17890625 0.5743055555555555 0.059375 0.05416666666666667
2 0.118359375 0.58125 0.06953125 0.05416666666666667
2 0.0609375 0.5902777777777778 0.0640625 0.06388888888888888
2 0.575 0.5375 0.009375 0.027777777777777776
2 0.585546875 0.5402777777777777 0.01640625 0.03333333333333333
2 0.603125 0.5395833333333333 0.0328125 0.059722222222222225
2 0.617578125 0.5493055555555556 0.02578125 0.08194444444444444
2 0.631640625 0.5555555555555556 0.03203125 0.09166666666666666
2 0.685546875 0.5527777777777778 0.11171875 0.15555555555555556
2 0.73828125 0.5965277777777778 0.1140625 0.20972222222222223
2 0.505078125 0.5409722222222222 0.00703125 0.04861111111111111
2 0.43203125 0.5451388888888888 0.01875 0.02361111111111111
2 0.4609375 0.5451388888888888 0.03125 0.04583333333333333
2 0.5421875 0.5277777777777778 0.0125 0.03611111111111111
2 0.52578125 0.54375 0.0390625 0.06527777777777778
2 0.35234375 0.5506944444444445 0.053125 0.0625
2 0.02734375 0.5972222222222222 0.0375 0.08055555555555556
2 0.867578125 0.6472222222222223 0.26171875 0.5722222222222222
