2 0.12421875 0.4875 0.1796875 0.21388888888888888
2 0.043359375 0.4340277777777778 0.01796875 0.04583333333333333
2 0.19765625 0.4111111111111111 0.028125 0.030555555555555555
2 0.234765625 0.4111111111111111 0.02578125 0.044444444444444446
2 0.2484375 0.38680555555555557 0.021875 0.018055555555555554
2 0.26171875 0.40902777777777777 0.0359375 0.05694444444444444
2 0.2859375 0.40902777777777777 0.015625 0.03194444444444444
2 0.297265625 0.4076388888888889 0.01328125 0.020833333333333332
3 0.3171875 0.3888888888888889 0.0296875 0.07777777777777778
2 0.37109375 0.3972222222222222 0.0421875 0.06388888888888888
2 0.41015625 0.3993055555555556 0.03125 0.043055555555555555
2 0.34296875 0.39305555555555555 0.0125 0.03888888888888889
9 0.966015625 0.1638888888888889 0.06640625 0.1527777777777778
9 0.40625 0.3645833333333333 0.0140625 0.02361111111111111
