2 0.026953125 0.65 0.05390625 0.24444444444444444
3 0.16484375 0.47847222222222224 0.315625 0.37916666666666665
3 0.378125 0.4986111111111111 0.1109375 0.1361111111111111
3 0.70859375 0.4083333333333333 0.2546875 0.5305555555555556
2 0.4859375 0.5340277777777778 0.121875 0.16527777777777777
2 0.4390625 0.4736111111111111 0.01875 0.03888888888888889
2 0.55234375 0.50625 0.0578125 0.10972222222222222
4 0.565234375 0.4263888888888889 0.03671875 0.05
2 0.581640625 0.47152777777777777 0.02578125 0.05138888888888889
1 0.830859375 0.4791666666666667 0.00859375 0.06944444444444445
