2 0.625 0.44930555555555557 0.0109375 0.018055555555555554
2 0.608203125 0.45 0.01484375 0.011111111111111112
2 0.627734375 0.45902777777777776 0.01640625 0.015277777777777777
2 0.601171875 0.4618055555555556 0.01328125 0.020833333333333332
2 0.576953125 0.4548611111111111 0.02109375 0.034722222222222224
2 0.557421875 0.46041666666666664 0.01796875 0.03194444444444444
2 0.537890625 0.4618055555555556 0.03203125 0.0375
2 0.489453125 0.4652777777777778 0.02578125 0.022222222222222223
2 0.463671875 0.48055555555555557 0.04453125 0.05277777777777778
2 0.646875 0.4527777777777778 0.0203125 0.025
2 0.69375 0.46319444444444446 0.0484375 0.04861111111111111
2 0.66484375 0.4597222222222222 0.025 0.04722222222222222
2 0.75 0.46944444444444444 0.1203125 0.06944444444444445
9 0.784375 0.3173611111111111 0.0125 0.03194444444444444
9 0.784375 0.3423611111111111 0.0125 0.03194444444444444
9 0.6921875 0.3715277777777778 0.0265625 0.03194444444444444
9 0.441015625 0.3736111111111111 0.00859375 0.022222222222222223
9 0.398828125 0.425 0.01796875 0.044444444444444446
9 0.3046875 0.4409722222222222 0.0359375 0.029166666666666667
9 0.245703125 0.44513888888888886 0.03515625 0.02638888888888889
2 0.0328125 0.5590277777777778 0.065625 0.1486111111111111
8 0.64140625 0.3993055555555556 0.009375 0.029166666666666667
2 0.500390625 0.47638888888888886 0.04296875 0.06388888888888888
