8 0.323046875 0.5138888888888888 0.01171875 0.016666666666666666
8 0.3015625 0.5680555555555555 0.0078125 0.016666666666666666
8 0.498828125 0.5326388888888889 0.01015625 0.015277777777777777
2 0.491015625 0.6097222222222223 0.01953125 0.027777777777777776
2 0.512109375 0.6243055555555556 0.02734375 0.043055555555555555
2 0.33828125 0.6243055555555556 0.0203125 0.04861111111111111
3 0.154296875 0.5861111111111111 0.17265625 0.24444444444444444
2 0.419140625 0.6368055555555555 0.13203125 0.22361111111111112
2 0.566796875 0.6472222222222223 0.10546875 0.1527777777777778
2 0.6265625 0.625 0.0171875 0.041666666666666664
2 0.04140625 0.6854166666666667 0.0828125 0.1736111111111111
2 0.30703125 0.64375 0.0671875 0.09027777777777778
9 0.30390625 0.5895833333333333 0.009375 0.015277777777777777
2 0.74765625 0.6277777777777778 0.028125 0.05
2 0.794921875 0.625 0.01328125 0.03888888888888889
