2 0.012890625 0.8111111111111111 0.02578125 0.06111111111111111
2 0.1546875 0.78125 0.04375 0.03194444444444444
2 0.127734375 0.7833333333333333 0.01953125 0.027777777777777776
2 0.114453125 0.7826388888888889 0.02109375 0.029166666666666667
2 0.08671875 0.7805555555555556 0.03125 0.022222222222222223
2 0.47734375 0.7701388888888889 0.125 0.11527777777777778
2 0.60546875 0.7625 0.08125 0.07222222222222222
2 0.66953125 0.7506944444444444 0.0515625 0.05416666666666667
2 0.7953125 0.7715277777777778 0.11875 0.15416666666666667
2 0.7078125 0.7493055555555556 0.025 0.0375
2 0.8421875 0.7222222222222222 0.0328125 0.05555555555555555
2 0.93203125 0.7173611111111111 0.021875 0.034722222222222224
9 0.373828125 0.6305555555555555 0.02109375 0.022222222222222223
9 0.24453125 0.6770833333333334 0.0109375 0.034722222222222224
9 0.05234375 0.7354166666666667 0.0234375 0.034722222222222224
9 0.87421875 0.28055555555555556 0.059375 0.10555555555555556
9 0.009765625 0.5555555555555556 0.01796875 0.027777777777777776
9 0.0046875 0.5861111111111111 0.0078125 0.025
9 0.004296875 0.6625 0.00859375 0.027777777777777776
2 0.729296875 0.7388888888888889 0.03515625 0.041666666666666664
