2 0.005078125 0.4215277777777778 0.01015625 0.07361111111111111
2 0.030859375 0.42291666666666666 0.03671875 0.07083333333333333
2 0.059765625 0.4173611111111111 0.02109375 0.043055555555555555
2 0.1 0.41875 0.053125 0.0375
2 0.144140625 0.41944444444444445 0.03359375 0.025
2 0.702734375 0.49930555555555556 0.04609375 0.0625
2 0.6390625 0.47638888888888886 0.03125 0.05277777777777778
2 0.53515625 0.46111111111111114 0.0234375 0.03333333333333333
2 0.555859375 0.46805555555555556 0.03203125 0.04722222222222222
2 0.465625 0.45902777777777776 0.009375 0.0375
2 0.44921875 0.4583333333333333 0.0234375 0.05
2 0.438671875 0.4618055555555556 0.02265625 0.06527777777777778
2 0.412890625 0.46041666666666664 0.04296875 0.07083333333333333
2 0.39765625 0.47152777777777777 0.05625 0.07361111111111111
9 0.237109375 0.32222222222222224 0.02890625 0.019444444444444445
9 0.239453125 0.3645833333333333 0.02421875 0.05138888888888889
8 0.21796875 0.3486111111111111 0.01875 0.03888888888888889
9 0.378125 0.3798611111111111 0.0125 0.0375
9 0.3734375 0.34791666666666665 0.009375 0.020833333333333332
9 0.43984375 0.375 0.0109375 0.019444444444444445
9 0.607421875 0.4388888888888889 0.00546875 0.013888888888888888
2 0.59453125 0.4965277777777778 0.071875 0.10416666666666667
2 0.74296875 0.5090277777777777 0.078125 0.08472222222222223
9 0.80546875 0.3958333333333333 0.0140625 0.022222222222222223
8 0.635546875 0.4152777777777778 0.01015625 0.019444444444444445
4 0.490625 0.4486111111111111 0.028125 0.041666666666666664
2 0.50703125 0.4479166666666667 0.0078125 0.020833333333333332
2 0.513671875 0.45208333333333334 0.00703125 0.0125
2 0.519921875 0.4513888888888889 0.00703125 0.013888888888888888
2 0.9703125 0.5048611111111111 0.0546875 0.07083333333333333
9 0.006640625 0.20347222222222222 0.01328125 0.12361111111111112
