2 0.37421875 0.5881944444444445 0.009375 0.0125
2 0.366015625 0.5861111111111111 0.00703125 0.022222222222222223
2 0.348828125 0.5819444444444445 0.02734375 0.03888888888888889
2 0.316796875 0.5715277777777777 0.03203125 0.06805555555555555
2 0.440234375 0.5833333333333334 0.02890625 0.022222222222222223
2 0.47109375 0.5819444444444445 0.0359375 0.013888888888888888
2 0.63046875 0.5722222222222222 0.1796875 0.15833333333333333
2 0.749609375 0.5659722222222222 0.24453125 0.20416666666666666
2 0.83359375 0.5868055555555556 0.284375 0.24861111111111112
2 0.2453125 0.5958333333333333 0.1421875 0.15555555555555556
2 0.892578125 0.6319444444444444 0.21328125 0.36944444444444446
3 0.401953125 0.5597222222222222 0.04921875 0.08333333333333333
