2 0.09921875 0.4534722222222222 0.028125 0.04027777777777778
2 0.3 0.45069444444444445 0.0171875 0.020833333333333332
2 0.309375 0.46319444444444446 0.0234375 0.0375
2 0.337109375 0.46597222222222223 0.03671875 0.05138888888888889
2 0.35859375 0.47708333333333336 0.05 0.05416666666666667
2 0.405078125 0.49444444444444446 0.04921875 0.06944444444444445
2 0.460546875 0.5020833333333333 0.08359375 0.09583333333333334
2 0.246484375 0.45625 0.02109375 0.02361111111111111
2 0.0578125 0.45 0.0234375 0.027777777777777776
2 0.176953125 0.45 0.01484375 0.019444444444444445
2 0.1625 0.44930555555555557 0.0140625 0.02361111111111111
2 0.13359375 0.45069444444444445 0.0359375 0.05416666666666667
2 0.275 0.4618055555555556 0.0421875 0.07083333333333333
2 0.57265625 0.5118055555555555 0.1546875 0.17083333333333334
2 0.014453125 0.4756944444444444 0.02890625 0.07916666666666666
