8 0.344140625 0.6041666666666666 0.00390625 0.016666666666666666
8 0.31953125 0.6076388888888888 0.003125 0.015277777777777777
8 0.375390625 0.6097222222222223 0.00859375 0.008333333333333333
2 0.26171875 0.66875 0.0234375 0.02361111111111111
2 0.3203125 0.6611111111111111 0.0203125 0.016666666666666666
2 0.094140625 0.6902777777777778 0.05546875 0.06666666666666667
2 0.0109375 0.7215277777777778 0.021875 0.08472222222222223
2 0.022265625 0.7097222222222223 0.01171875 0.04722222222222222
2 0.37578125 0.6680555555555555 0.0359375 0.08055555555555556
2 0.341796875 0.6611111111111111 0.01015625 0.013888888888888888
2 0.43984375 0.6555555555555556 0.028125 0.027777777777777776
