2 0.309765625 0.46458333333333335 0.12109375 0.13194444444444445
2 0.392578125 0.44166666666666665 0.05703125 0.08333333333333333
2 0.42578125 0.425 0.025 0.06944444444444445
2 0.462109375 0.44305555555555554 0.09140625 0.12777777777777777
2 0.50859375 0.41805555555555557 0.040625 0.08333333333333333
2 0.530078125 0.4111111111111111 0.02578125 0.07222222222222222
2 0.540234375 0.4111111111111111 0.01328125 0.030555555555555555
2 0.55546875 0.41597222222222224 0.01875 0.02361111111111111
2 0.576953125 0.4111111111111111 0.01953125 0.030555555555555555
2 0.5984375 0.40902777777777777 0.0140625 0.02638888888888889
2 0.604296875 0.40902777777777777 0.01953125 0.02638888888888889
2 0.619140625 0.4041666666666667 0.01328125 0.027777777777777776
2 0.63359375 0.4013888888888889 0.015625 0.03611111111111111
2 0.639453125 0.4048611111111111 0.01796875 0.029166666666666667
2 0.65 0.4041666666666667 0.0359375 0.044444444444444446
2 0.67578125 0.39444444444444443 0.025 0.04722222222222222
3 0.72265625 0.36180555555555555 0.090625 0.1375
2 0.766796875 0.3902777777777778 0.07890625 0.08888888888888889
2 0.81328125 0.41041666666666665 0.10625 0.10416666666666667
8 0.12109375 0.35138888888888886 0.021875 0.03888888888888889
8 0.090234375 0.3548611111111111 0.01953125 0.02638888888888889
9 0.091015625 0.24791666666666667 0.03828125 0.0763888888888889
9 0.640625 0.34930555555555554 0.0109375 0.018055555555555554
9 0.640625 0.3659722222222222 0.0109375 0.0125
