2 0.33671875 0.5611111111111111 0.009375 0.016666666666666666
2 0.285546875 0.58125 0.06328125 0.07916666666666666
2 0.6875 0.5083333333333333 0.0359375 0.075
2 0.66484375 0.5243055555555556 0.0703125 0.08472222222222223
2 0.1671875 0.6027777777777777 0.0203125 0.06666666666666667
2 0.21484375 0.5798611111111112 0.009375 0.043055555555555555
2 0.079296875 0.6291666666666667 0.02578125 0.044444444444444446
2 0.728515625 0.4986111111111111 0.00859375 0.04722222222222222
8 0.6265625 0.3055555555555556 0.0109375 0.041666666666666664
8 0.546484375 0.2659722222222222 0.01015625 0.04861111111111111
8 0.826171875 0.4013888888888889 0.01171875 0.022222222222222223
8 0.221484375 0.3923611111111111 0.01796875 0.05138888888888889
8 0.180078125 0.40069444444444446 0.01328125 0.05416666666666667
8 0.5296875 0.2722222222222222 0.015625 0.05555555555555555
8 0.0328125 0.25972222222222224 0.0109375 0.075
8 0.01328125 0.25416666666666665 0.025 0.075
9 0.81796875 0.3326388888888889 0.0265625 0.015277777777777777
8 0.346875 0.43194444444444446 0.00625 0.022222222222222223
2 0.52734375 0.6541666666666667 0.31875 0.4666666666666667
2 0.848828125 0.6097222222222223 0.29921875 0.40555555555555556
9 0.02890625 0.20833333333333334 0.0234375 0.019444444444444445
9 0.794140625 0.3284722222222222 0.00859375 0.0125
9 0.134765625 0.5180555555555556 0.01484375 0.013888888888888888
8 0.13671875 0.5583333333333333 0.0109375 0.016666666666666666
3 0.630859375 0.43819444444444444 0.07578125 0.0875
