2 0.4390625 0.6465277777777778 0.1453125 0.16527777777777777
2 0.3734375 0.6097222222222223 0.0828125 0.11944444444444445
2 0.325 0.5902777777777778 0.046875 0.08611111111111111
2 0.29765625 0.5888888888888889 0.028125 0.05555555555555555
2 0.283203125 0.5694444444444444 0.03359375 0.05277777777777778
2 0.2515625 0.5590277777777778 0.0203125 0.02361111111111111
2 0.2390625 0.5506944444444445 0.0078125 0.018055555555555554
2 0.232421875 0.5486111111111112 0.01015625 0.011111111111111112
3 0.02421875 0.6541666666666667 0.0484375 0.175
2 0.016015625 0.5770833333333333 0.02890625 0.0125
2 0.066015625 0.5763888888888888 0.02734375 0.03888888888888889
2 0.092578125 0.5701388888888889 0.02421875 0.04027777777777778
2 0.12265625 0.5673611111111111 0.0234375 0.020833333333333332
2 0.13671875 0.5597222222222222 0.0125 0.019444444444444445
2 0.1484375 0.55625 0.0109375 0.015277777777777777
2 0.15703125 0.5541666666666667 0.00625 0.016666666666666666
2 0.163671875 0.5527777777777778 0.00859375 0.008333333333333333
2 0.17578125 0.55 0.0125 0.013888888888888888
