8 0.516015625 0.45069444444444445 0.00703125 0.02361111111111111
8 0.67890625 0.4361111111111111 0.0078125 0.022222222222222223
8 0.569921875 0.46111111111111114 0.00859375 0.016666666666666666
8 0.483984375 0.48194444444444445 0.00703125 0.016666666666666666
9 0.455078125 0.44375 0.01171875 0.018055555555555554
9 0.4046875 0.39305555555555555 0.0140625 0.011111111111111112
2 0.519921875 0.5006944444444444 0.01640625 0.03194444444444444
2 0.491015625 0.5076388888888889 0.02109375 0.034722222222222224
2 0.455078125 0.5097222222222222 0.01953125 0.030555555555555555
2 0.430859375 0.5118055555555555 0.02890625 0.043055555555555555
2 0.396875 0.5152777777777777 0.0609375 0.06944444444444445
2 0.598828125 0.5222222222222223 0.02890625 0.03888888888888889
2 0.640234375 0.5291666666666667 0.01796875 0.030555555555555555
2 0.658203125 0.53125 0.01796875 0.029166666666666667
2 0.703515625 0.54375 0.04296875 0.05138888888888889
2 0.757421875 0.5513888888888889 0.07265625 0.08333333333333333
2 0.905078125 0.5854166666666667 0.15078125 0.14583333333333334
