8 0.428125 0.4527777777777778 0.0078125 0.022222222222222223
8 0.403515625 0.47152777777777777 0.00390625 0.020833333333333332
8 0.304296875 0.44166666666666665 0.00703125 0.019444444444444445
9 0.5953125 0.4965277777777778 0.009375 0.020833333333333332
9 0.59921875 0.44027777777777777 0.015625 0.016666666666666666
9 0.59609375 0.3958333333333333 0.0171875 0.027777777777777776
2 0.371484375 0.5027777777777778 0.01328125 0.016666666666666666
2 0.35859375 0.5041666666666667 0.0125 0.013888888888888888
2 0.34765625 0.5041666666666667 0.0125 0.019444444444444445
2 0.33984375 0.5069444444444444 0.0109375 0.019444444444444445
2 0.329296875 0.5180555555555556 0.02109375 0.027777777777777776
2 0.31328125 0.5076388888888889 0.0109375 0.02638888888888889
2 0.396484375 0.5041666666666667 0.01015625 0.019444444444444445
2 0.419140625 0.5090277777777777 0.02421875 0.04583333333333333
2 0.388671875 0.51875 0.01796875 0.034722222222222224
2 0.284375 0.5 0.059375 0.10833333333333334
2 0.48671875 0.5222222222222223 0.015625 0.03888888888888889
2 0.500390625 0.5291666666666667 0.01484375 0.04722222222222222
2 0.528515625 0.525 0.04609375 0.06944444444444445
2 0.55703125 0.5513888888888889 0.046875 0.07222222222222222
2 0.593359375 0.5604166666666667 0.05859375 0.08194444444444444
3 0.701953125 0.56875 0.18359375 0.2013888888888889
2 0.88359375 0.6645833333333333 0.23125 0.2986111111111111
3 0.89921875 0.4666666666666667 0.2 0.16666666666666666
3 0.457421875 0.5104166666666666 0.06015625 0.13472222222222222
