9 0.27421875 0.5777777777777777 0.0203125 0.030555555555555555
9 0.646875 0.3875 0.0234375 0.025
9 0.6453125 0.3451388888888889 0.0171875 0.04861111111111111
8 0.48671875 0.5256944444444445 0.00625 0.02361111111111111
2 0.394140625 0.5513888888888889 0.01640625 0.019444444444444445
2 0.379296875 0.5493055555555556 0.02265625 0.02361111111111111
2 0.36015625 0.5493055555555556 0.0203125 0.034722222222222224
2 0.340234375 0.5506944444444445 0.02109375 0.043055555555555555
2 0.3015625 0.5631944444444444 0.0203125 0.034722222222222224
2 0.2828125 0.5680555555555555 0.028125 0.04722222222222222
2 0.248828125 0.5618055555555556 0.03984375 0.04861111111111111
2 0.221484375 0.5569444444444445 0.03671875 0.06111111111111111
2 0.1921875 0.5618055555555556 0.0390625 0.059722222222222225
2 0.166796875 0.5645833333333333 0.06328125 0.07083333333333333
2 0.094921875 0.5631944444444444 0.11796875 0.10972222222222222
2 0.019921875 0.575 0.03984375 0.12222222222222222
2 0.521875 0.5486111111111112 0.0109375 0.022222222222222223
2 0.542578125 0.5479166666666667 0.03515625 0.0375
2 0.6 0.53125 0.04375 0.09583333333333334
2 0.644140625 0.5409722222222222 0.08515625 0.12361111111111112
2 0.72421875 0.5576388888888889 0.146875 0.1763888888888889
2 0.87109375 0.6013888888888889 0.2546875 0.33055555555555555
