2 0.437109375 0.4909722222222222 0.02734375 0.02361111111111111
2 0.419921875 0.49375 0.01171875 0.020833333333333332
2 0.41015625 0.4930555555555556 0.0171875 0.022222222222222223
2 0.4 0.4930555555555556 0.028125 0.027777777777777776
2 0.386328125 0.49375 0.03515625 0.029166666666666667
2 0.3703125 0.4965277777777778 0.03125 0.0375
2 0.3546875 0.49722222222222223 0.046875 0.030555555555555555
2 0.3515625 0.4979166666666667 0.0390625 0.029166666666666667
2 0.32734375 0.49930555555555556 0.0234375 0.03194444444444444
2 0.32265625 0.5097222222222222 0.0140625 0.022222222222222223
3 0.26953125 0.5125 0.096875 0.1
2 0.515234375 0.49375 0.00703125 0.020833333333333332
2 0.5109375 0.49444444444444446 0.009375 0.025
3 0.48359375 0.4888888888888889 0.0171875 0.030555555555555555
2 0.4984375 0.4979166666666667 0.0265625 0.04583333333333333
2 0.551171875 0.4951388888888889 0.01796875 0.03194444444444444
2 0.552734375 0.49722222222222223 0.01171875 0.027777777777777776
2 0.558984375 0.5013888888888889 0.01171875 0.027777777777777776
2 0.57734375 0.5048611111111111 0.028125 0.0375
2 0.661328125 0.5194444444444445 0.07265625 0.1111111111111111
2 0.728515625 0.5340277777777778 0.11796875 0.15138888888888888
2 0.87578125 0.5673611111111111 0.2484375 0.3013888888888889
