9 0.920703125 0.5402777777777777 0.07109375 0.11666666666666667
9 0.919140625 0.6326388888888889 0.04296875 0.09305555555555556
2 0.425 0.6270833333333333 0.0125 0.02361111111111111
2 0.5546875 0.6402777777777777 0.0125 0.016666666666666666
2 0.528125 0.6375 0.0171875 0.013888888888888888
2 0.456640625 0.6395833333333333 0.01796875 0.03194444444444444
2 0.45625 0.6430555555555556 0.0109375 0.027777777777777776
2 0.465234375 0.6472222222222223 0.02109375 0.03888888888888889
2 0.469140625 0.6506944444444445 0.01796875 0.03194444444444444
2 0.47578125 0.6576388888888889 0.021875 0.043055555555555555
2 0.490625 0.6611111111111111 0.028125 0.041666666666666664
2 0.512890625 0.6645833333333333 0.04453125 0.06527777777777778
2 0.52734375 0.6756944444444445 0.053125 0.06527777777777778
2 0.594921875 0.6381944444444444 0.02109375 0.015277777777777777
2 0.580859375 0.6388888888888888 0.01328125 0.011111111111111112
2 0.6484375 0.6326388888888889 0.046875 0.029166666666666667
2 0.65 0.63125 0.0328125 0.029166666666666667
2 0.6703125 0.63125 0.021875 0.03194444444444444
2 0.68125 0.6305555555555555 0.028125 0.025
2 0.68203125 0.6381944444444444 0.021875 0.029166666666666667
2 0.686328125 0.6388888888888888 0.01796875 0.019444444444444445
2 0.70390625 0.6361111111111111 0.021875 0.027777777777777776
2 0.715234375 0.6347222222222222 0.03203125 0.030555555555555555
2 0.73515625 0.6347222222222222 0.05625 0.03611111111111111
2 0.790625 0.6395833333333333 0.05 0.0375
2 0.81796875 0.6430555555555556 0.05 0.03611111111111111
2 0.84921875 0.6388888888888888 0.0609375 0.044444444444444446
2 0.872265625 0.64375 0.05078125 0.04027777777777778
2 0.982421875 0.6541666666666667 0.03203125 0.05
2 0.969140625 0.6451388888888889 0.05859375 0.05694444444444444
