2 0.0671875 0.3819444444444444 0.0578125 0.05277777777777778
3 0.119140625 0.36041666666666666 0.06328125 0.07361111111111111
9 0.179296875 0.29583333333333334 0.06953125 0.08055555555555556
9 0.176953125 0.33055555555555555 0.02890625 0.03611111111111111
9 0.178515625 0.2833333333333333 0.02890625 0.05
3 0.1609375 0.36736111111111114 0.0296875 0.05138888888888889
2 0.223828125 0.38472222222222224 0.02421875 0.025
2 0.2546875 0.38680555555555557 0.0171875 0.02638888888888889
2 0.27265625 0.38333333333333336 0.0140625 0.019444444444444445
2 0.290625 0.38472222222222224 0.0171875 0.016666666666666666
2 0.326171875 0.3875 0.02265625 0.019444444444444445
2 0.40546875 0.3902777777777778 0.0125 0.019444444444444445
2 0.42421875 0.3875 0.0203125 0.019444444444444445
9 0.409765625 0.3423611111111111 0.02265625 0.029166666666666667
9 0.437890625 0.3423611111111111 0.02578125 0.02638888888888889
9 0.483203125 0.34652777777777777 0.02421875 0.02638888888888889
9 0.50625 0.34444444444444444 0.015625 0.025
9 0.523046875 0.34652777777777777 0.01328125 0.034722222222222224
9 0.5609375 0.3298611111111111 0.0546875 0.0763888888888889
9 0.625 0.30069444444444443 0.025 0.04027777777777778
9 0.626171875 0.34444444444444444 0.02734375 0.04722222222222222
2 0.476953125 0.3923611111111111 0.01328125 0.015277777777777777
2 0.459375 0.3902777777777778 0.009375 0.011111111111111112
3 0.49375 0.38472222222222224 0.015625 0.030555555555555555
9 0.973828125 0.20694444444444443 0.04921875 0.30833333333333335
