2 0.366796875 0.53125 0.04296875 0.04583333333333333
2 0.247265625 0.5208333333333334 0.06640625 0.06666666666666667
2 0.458984375 0.5284722222222222 0.02265625 0.034722222222222224
2 0.501171875 0.5298611111111111 0.02265625 0.04583333333333333
2 0.6890625 0.5520833333333334 0.04375 0.04861111111111111
2 0.6359375 0.5291666666666667 0.0109375 0.013888888888888888
2 0.623046875 0.53125 0.01015625 0.018055555555555554
2 0.612890625 0.5284722222222222 0.01015625 0.0125
2 0.602734375 0.5284722222222222 0.00859375 0.0125
8 0.596484375 0.4930555555555556 0.00703125 0.013888888888888888
8 0.576171875 0.48541666666666666 0.00859375 0.018055555555555554
9 0.591796875 0.5166666666666667 0.01015625 0.011111111111111112
8 0.621484375 0.4909722222222222 0.00390625 0.0125
8 0.612890625 0.5020833333333333 0.00546875 0.0125
