2 0.444921875 0.21458333333333332 0.02109375 0.0375
2 0.4578125 0.21597222222222223 0.0078125 0.02361111111111111
2 0.41875 0.2222222222222222 0.0375 0.04722222222222222
2 0.575 0.21875 0.0125 0.0125
2 0.62109375 0.23680555555555555 0.0734375 0.09305555555555556
2 0.55859375 0.2076388888888889 0.0109375 0.018055555555555554
2 0.11875 0.2590277777777778 0.1421875 0.1486111111111111
2 0.4859375 0.22291666666666668 0.05 0.08194444444444444
2 0.54453125 0.22083333333333333 0.0375 0.05
2 0.71328125 0.2590277777777778 0.15 0.1597222222222222
