9 0.380859375 0.25625 0.04296875 0.04583333333333333
9 0.551953125 0.2875 0.02578125 0.058333333333333334
2 0.384765625 0.36041666666666666 0.04609375 0.07083333333333333
2 0.823828125 0.35694444444444445 0.12578125 0.09722222222222222
2 0.65 0.3506944444444444 0.05625 0.04583333333333333
2 0.5890625 0.3472222222222222 0.0328125 0.030555555555555555
2 0.615234375 0.34930555555555554 0.02578125 0.02361111111111111
2 0.508203125 0.46319444444444446 0.18828125 0.27361111111111114
2 0.41875 0.38333333333333336 0.0375 0.05277777777777778
9 0.255078125 0.2791666666666667 0.01796875 0.030555555555555555
2 0.15 0.4930555555555556 0.2984375 0.3527777777777778
2 0.719921875 0.3527777777777778 0.08203125 0.06944444444444445
2 0.93828125 0.3388888888888889 0.11875 0.11666666666666667
