9 0.1578125 0.4597222222222222 0.025 0.019444444444444445
8 0.14375 0.4861111111111111 0.025 0.03611111111111111
2 0.29921875 0.5840277777777778 0.115625 0.13472222222222222
2 0.378515625 0.575 0.04609375 0.08333333333333333
2 0.41796875 0.5916666666666667 0.0578125 0.05277777777777778
2 0.55 0.5993055555555555 0.0125 0.02361111111111111
2 0.541015625 0.6041666666666666 0.01484375 0.027777777777777776
2 0.594140625 0.6118055555555556 0.01484375 0.02361111111111111
2 0.568359375 0.5888888888888889 0.03359375 0.06111111111111111
2 0.61875 0.5930555555555556 0.0421875 0.06944444444444445
2 0.716015625 0.6041666666666666 0.12265625 0.16944444444444445
2 0.801953125 0.61875 0.06015625 0.10138888888888889
1 0.8390625 0.6125 0.040625 0.14166666666666666
2 0.887890625 0.6340277777777777 0.13671875 0.1375
2 0.9609375 0.6506944444444445 0.075 0.1625
9 0.86328125 0.48333333333333334 0.01875 0.019444444444444445
9 0.826953125 0.36319444444444443 0.02734375 0.06805555555555555
9 0.834375 0.4305555555555556 0.0109375 0.019444444444444445
9 0.839453125 0.4465277777777778 0.02109375 0.020833333333333332
8 0.84375 0.50625 0.025 0.0375
8 0.81015625 0.5166666666666667 0.0109375 0.03611111111111111
8 0.798046875 0.55 0.01953125 0.027777777777777776
8 0.640234375 0.38333333333333336 0.01015625 0.041666666666666664
8 0.40546875 0.4375 0.0109375 0.03611111111111111
8 0.4125 0.4395833333333333 0.0109375 0.034722222222222224
2 0.49140625 0.5930555555555556 0.0890625 0.15
9 0.345703125 0.5708333333333333 0.06015625 0.1
