2 0.180078125 0.35347222222222224 0.10859375 0.12083333333333333
2 0.558984375 0.33819444444444446 0.06484375 0.10138888888888889
2 0.441796875 0.2986111111111111 0.01484375 0.022222222222222223
2 0.25390625 0.32708333333333334 0.0421875 0.09027777777777778
2 0.288671875 0.3284722222222222 0.02578125 0.08472222222222223
2 0.314453125 0.3229166666666667 0.02890625 0.07916666666666666
2 0.333203125 0.31180555555555556 0.02265625 0.059722222222222225
2 0.353515625 0.31527777777777777 0.02265625 0.04722222222222222
2 0.371875 0.31666666666666665 0.0140625 0.03611111111111111
2 0.3859375 0.3145833333333333 0.0140625 0.020833333333333332
2 0.393359375 0.3138888888888889 0.01328125 0.022222222222222223
2 0.4 0.30625 0.0140625 0.018055555555555554
2 0.523046875 0.3263888888888889 0.01953125 0.075
2 0.507421875 0.325 0.01484375 0.05
2 0.494140625 0.3263888888888889 0.01328125 0.044444444444444446
2 0.480859375 0.32083333333333336 0.00859375 0.027777777777777776
2 0.46796875 0.31319444444444444 0.0203125 0.02638888888888889
9 0.734375 0.12638888888888888 0.0328125 0.030555555555555555
9 0.7421875 0.16805555555555557 0.0265625 0.041666666666666664
