2 0.77734375 0.5305555555555556 0.0625 0.08888888888888889
2 0.865234375 0.5243055555555556 0.05703125 0.07361111111111111
2 0.96171875 0.5243055555555556 0.0734375 0.09305555555555556
2 0.489453125 0.5097222222222222 0.01171875 0.027777777777777776
2 0.501171875 0.5090277777777777 0.02109375 0.020833333333333332
2 0.44375 0.5055555555555555 0.0140625 0.022222222222222223
2 0.47109375 0.5194444444444445 0.0515625 0.075
2 0.526953125 0.5048611111111111 0.02109375 0.029166666666666667
2 0.54921875 0.5034722222222222 0.01875 0.02638888888888889
2 0.594140625 0.5006944444444444 0.01484375 0.020833333333333332
2 0.57265625 0.4986111111111111 0.0234375 0.025
9 0.517578125 0.4756944444444444 0.01171875 0.0125
9 0.5859375 0.425 0.0125 0.022222222222222223
2 0.418359375 0.5069444444444444 0.00859375 0.011111111111111112
2 0.909375 0.5319444444444444 0.03125 0.044444444444444446
