2 0.51640625 0.43680555555555556 0.034375 0.0625
2 0.548046875 0.44375 0.02734375 0.04861111111111111
2 0.571484375 0.44375 0.03203125 0.059722222222222225
2 0.603125 0.4486111111111111 0.059375 0.06111111111111111
2 0.671875 0.45416666666666666 0.121875 0.08611111111111111
2 0.787890625 0.47847222222222224 0.19296875 0.15138888888888888
2 0.478125 0.42430555555555555 0.040625 0.059722222222222225
2 0.4265625 0.42430555555555555 0.0359375 0.059722222222222225
2 0.2359375 0.42777777777777776 0.040625 0.044444444444444446
2 0.333203125 0.42569444444444443 0.04453125 0.05138888888888889
2 0.367578125 0.38958333333333334 0.01484375 0.02638888888888889
2 0.119140625 0.4409722222222222 0.06796875 0.07916666666666666
2 0.048828125 0.4583333333333333 0.09609375 0.09444444444444444
2 0.286328125 0.3909722222222222 0.01640625 0.02361111111111111
9 0.2265625 0.3277777777777778 0.025 0.016666666666666666
9 0.43359375 0.3298611111111111 0.0234375 0.018055555555555554
9 0.446875 0.36319444444444443 0.0125 0.029166666666666667
9 0.373828125 0.3451388888888889 0.01328125 0.0125
9 0.270703125 0.34375 0.01171875 0.009722222222222222
8 0.2609375 0.33055555555555555 0.00625 0.027777777777777776
8 0.41640625 0.3298611111111111 0.009375 0.02638888888888889
8 0.280859375 0.33541666666666664 0.00859375 0.02638888888888889
9 0.203125 0.3701388888888889 0.0125 0.02638888888888889
2 0.391015625 0.39444444444444443 0.01953125 0.025
2 0.40234375 0.40694444444444444 0.0171875 0.027777777777777776
2 0.31328125 0.36180555555555555 0.0140625 0.020833333333333332
