2 0.023046875 0.7673611111111112 0.04609375 0.10972222222222222
2 0.0546875 0.7548611111111111 0.028125 0.059722222222222225
2 0.090234375 0.7291666666666666 0.05078125 0.058333333333333334
2 0.131640625 0.7125 0.03671875 0.03611111111111111
2 0.212890625 0.6666666666666666 0.01953125 0.019444444444444445
2 0.236328125 0.6506944444444445 0.01171875 0.0125
2 0.249609375 0.6465277777777778 0.01484375 0.0125
2 0.373828125 0.6076388888888888 0.03046875 0.043055555555555555
2 0.348828125 0.6131944444444445 0.02109375 0.029166666666666667
2 0.3234375 0.6159722222222223 0.0140625 0.015277777777777777
2 0.303515625 0.6243055555555556 0.01015625 0.0125
2 0.29375 0.6215277777777778 0.009375 0.009722222222222222
2 0.1921875 0.6805555555555556 0.0203125 0.025
2 0.433984375 0.5895833333333333 0.07109375 0.0875
2 0.822265625 0.4409722222222222 0.16640625 0.1375
8 0.384375 0.28888888888888886 0.0171875 0.05555555555555555
8 0.365234375 0.2881944444444444 0.01796875 0.05416666666666667
8 0.28984375 0.5604166666666667 0.0078125 0.02638888888888889
8 0.23125 0.6111111111111112 0.0046875 0.016666666666666666
8 0.193359375 0.5986111111111111 0.00703125 0.019444444444444445
9 0.4125 0.5284722222222222 0.015625 0.03194444444444444
9 0.563671875 0.34930555555555554 0.03046875 0.05138888888888889
9 0.569140625 0.3888888888888889 0.02734375 0.019444444444444445
9 0.570703125 0.4048611111111111 0.03203125 0.020833333333333332
2 0.2765625 0.6229166666666667 0.0078125 0.0125
2 0.274609375 0.6208333333333333 0.00703125 0.013888888888888888
8 0.638671875 0.38819444444444445 0.01796875 0.03194444444444444
