2 0.102734375 0.5423611111111111 0.20234375 0.24027777777777778
2 0.158984375 0.45416666666666666 0.02734375 0.03333333333333333
2 0.191015625 0.46319444444444446 0.05390625 0.07083333333333333
2 0.866796875 0.49375 0.05703125 0.07083333333333333
2 0.758203125 0.46597222222222223 0.02890625 0.07083333333333333
2 0.725 0.4666666666666667 0.046875 0.05555555555555555
2 0.691015625 0.4625 0.03984375 0.05277777777777778
2 0.6546875 0.45902777777777776 0.046875 0.04583333333333333
2 0.625 0.45069444444444445 0.0328125 0.043055555555555555
2 0.5890625 0.44722222222222224 0.0140625 0.022222222222222223
2 0.58125 0.4444444444444444 0.015625 0.027777777777777776
2 0.56953125 0.44166666666666665 0.0125 0.030555555555555555
2 0.298046875 0.45416666666666666 0.02734375 0.030555555555555555
2 0.31796875 0.44722222222222224 0.01875 0.03333333333333333
2 0.33125 0.4486111111111111 0.0171875 0.03611111111111111
2 0.34296875 0.4513888888888889 0.0203125 0.030555555555555555
2 0.3734375 0.4423611111111111 0.01875 0.018055555555555554
2 0.40703125 0.4395833333333333 0.0140625 0.0125
2 0.425390625 0.4409722222222222 0.01484375 0.015277777777777777
8 0.410546875 0.11736111111111111 0.02421875 0.04027777777777778
8 0.491015625 0.12430555555555556 0.02890625 0.043055555555555555
8 0.633203125 0.14930555555555555 0.00859375 0.06805555555555555
9 0.896484375 0.2013888888888889 0.05078125 0.025
9 0.85703125 0.1986111111111111 0.025 0.16666666666666666
2 0.247265625 0.45416666666666666 0.01328125 0.03333333333333333
