8 0.239453125 0.030555555555555555 0.02109375 0.06111111111111111
8 0.66875 0.20555555555555555 0.01875 0.075
8 0.2296875 0.4041666666666667 0.0171875 0.025
8 0.64765625 0.20416666666666666 0.01875 0.06666666666666667
8 0.207421875 0.027777777777777776 0.02109375 0.05555555555555555
8 0.42109375 0.3194444444444444 0.009375 0.03611111111111111
8 0.41015625 0.3145833333333333 0.0078125 0.0375
8 0.588671875 0.3541666666666667 0.00859375 0.030555555555555555
8 0.578515625 0.3548611111111111 0.00703125 0.029166666666666667
2 0.429296875 0.5006944444444444 0.02890625 0.03194444444444444
2 0.52578125 0.49583333333333335 0.0265625 0.03611111111111111
3 0.479296875 0.4791666666666667 0.06484375 0.10555555555555556
2 0.6984375 0.5604166666666667 0.3484375 0.3958333333333333
3 0.9359375 0.4597222222222222 0.125 0.6555555555555556
