2 0.15234375 0.6430555555555556 0.3046875 0.49444444444444446
8 0.063671875 0.23472222222222222 0.01484375 0.06388888888888888
8 0.078125 0.2326388888888889 0.0140625 0.08194444444444444
8 0.093359375 0.23819444444444443 0.01640625 0.07083333333333333
2 0.3171875 0.53125 0.0734375 0.07083333333333333
2 0.2796875 0.5291666666666667 0.0515625 0.08055555555555556
3 0.39296875 0.4930555555555556 0.0671875 0.10555555555555556
3 0.3515625 0.48680555555555555 0.0328125 0.05138888888888889
2 0.433984375 0.5090277777777777 0.01953125 0.0375
2 0.458203125 0.5076388888888889 0.02109375 0.034722222222222224
2 0.47734375 0.5076388888888889 0.0140625 0.02638888888888889
2 0.515625 0.5006944444444444 0.028125 0.04027777777777778
2 0.539453125 0.5048611111111111 0.01953125 0.02638888888888889
8 0.527734375 0.3 0.01484375 0.044444444444444446
9 0.602734375 0.32013888888888886 0.04921875 0.018055555555555554
9 0.67734375 0.3597222222222222 0.015625 0.016666666666666666
9 0.67265625 0.42083333333333334 0.0296875 0.016666666666666666
8 0.534765625 0.42777777777777776 0.01015625 0.022222222222222223
8 0.56171875 0.42986111111111114 0.009375 0.020833333333333332
8 0.555859375 0.46597222222222223 0.01015625 0.02361111111111111
3 0.5859375 0.4895833333333333 0.0671875 0.09583333333333334
2 0.605078125 0.5111111111111111 0.04609375 0.06944444444444445
9 0.48203125 0.48680555555555555 0.0078125 0.020833333333333332
9 0.4984375 0.4736111111111111 0.0171875 0.013888888888888888
8 0.98671875 0.23402777777777778 0.025 0.07916666666666666
8 0.66015625 0.46319444444444446 0.01875 0.0375
9 0.978515625 0.38125 0.02265625 0.05138888888888889
