8 0.245703125 0.3659722222222222 0.01171875 0.018055555555555554
8 0.357421875 0.29444444444444445 0.01328125 0.03333333333333333
8 0.3875 0.36736111111111114 0.0109375 0.018055555555555554
8 0.48984375 0.31805555555555554 0.0109375 0.022222222222222223
8 0.58125 0.33402777777777776 0.0125 0.03194444444444444
8 0.590625 0.3729166666666667 0.0109375 0.02361111111111111
8 0.26328125 0.3819444444444444 0.0140625 0.019444444444444445
8 0.14765625 0.23055555555555557 0.015625 0.05277777777777778
9 0.2703125 0.30486111111111114 0.0171875 0.029166666666666667
9 0.135546875 0.2798611111111111 0.02578125 0.04583333333333333
9 0.761328125 0.28125 0.03828125 0.029166666666666667
2 0.368359375 0.4152777777777778 0.01015625 0.019444444444444445
2 0.3578125 0.4173611111111111 0.0125 0.02361111111111111
2 0.344140625 0.4222222222222222 0.01953125 0.027777777777777776
2 0.30234375 0.4326388888888889 0.01875 0.03194444444444444
2 0.38984375 0.4097222222222222 0.0109375 0.022222222222222223
2 0.4203125 0.4131944444444444 0.009375 0.018055555555555554
2 0.4 0.4125 0.0125 0.019444444444444445
2 0.41171875 0.41597222222222224 0.0109375 0.020833333333333332
2 0.3234375 0.4305555555555556 0.0359375 0.06388888888888888
2 0.458984375 0.425 0.04140625 0.06944444444444445
2 0.53125 0.4340277777777778 0.053125 0.07083333333333333
2 0.14609375 0.46111111111111114 0.121875 0.1361111111111111
2 0.051953125 0.47430555555555554 0.10390625 0.1763888888888889
2 0.853125 0.6 0.2890625 0.4861111111111111
2 0.434765625 0.4173611111111111 0.01015625 0.02361111111111111
9 0.505859375 0.3402777777777778 0.00859375 0.027777777777777776
8 0.123046875 0.3423611111111111 0.01640625 0.0375
9 0.79921875 0.3090277777777778 0.0140625 0.034722222222222224
9 0.816796875 0.31319444444444444 0.01796875 0.043055555555555555
9 0.633984375 0.36041666666666666 0.01484375 0.020833333333333332
