8 0.015234375 0.19375 0.01171875 0.04861111111111111
8 0.08515625 0.043055555555555555 0.0109375 0.06388888888888888
8 0.109375 0.044444444444444446 0.0125 0.07222222222222222
8 0.526171875 0.15347222222222223 0.01171875 0.04583333333333333
8 0.5125 0.15694444444444444 0.009375 0.03888888888888889
8 0.031640625 0.19375 0.01171875 0.04861111111111111
8 0.017578125 0.3138888888888889 0.01640625 0.030555555555555555
2 0.185546875 0.3770833333333333 0.03828125 0.059722222222222225
2 0.39296875 0.38055555555555554 0.0484375 0.06666666666666667
2 0.696484375 0.3548611111111111 0.05703125 0.07083333333333333
2 0.2890625 0.37083333333333335 0.0171875 0.022222222222222223
2 0.210546875 0.38125 0.01171875 0.03194444444444444
2 0.228125 0.3770833333333333 0.021875 0.02638888888888889
2 0.25 0.3736111111111111 0.0171875 0.025
2 0.366796875 0.38055555555555554 0.02421875 0.04722222222222222
3 0.369140625 0.35138888888888886 0.05703125 0.09166666666666666
2 0.334765625 0.3715277777777778 0.01171875 0.029166666666666667
2 0.3265625 0.3701388888888889 0.0109375 0.02361111111111111
2 0.32109375 0.36319444444444443 0.0125 0.018055555555555554
2 0.72734375 0.33819444444444446 0.0359375 0.059722222222222225
2 0.74609375 0.32708333333333334 0.015625 0.0375
2 0.760546875 0.31805555555555554 0.01640625 0.027777777777777776
2 0.76875 0.3076388888888889 0.021875 0.03194444444444444
2 0.783203125 0.30069444444444443 0.01953125 0.03194444444444444
2 0.825390625 0.29930555555555555 0.03359375 0.03194444444444444
2 0.269921875 0.375 0.01484375 0.019444444444444445
8 0.279296875 0.3451388888888889 0.00546875 0.015277777777777777
8 0.302734375 0.3423611111111111 0.00546875 0.018055555555555554
9 0.023828125 0.24583333333333332 0.02109375 0.013888888888888888
