2 0.617578125 0.6416666666666667 0.06640625 0.09166666666666666
2 0.558984375 0.6201388888888889 0.03515625 0.059722222222222225
2 0.523828125 0.5986111111111111 0.01328125 0.025
2 0.53671875 0.6048611111111111 0.0140625 0.03194444444444444
2 0.34453125 0.6006944444444444 0.0375 0.03194444444444444
2 0.378515625 0.6027777777777777 0.04609375 0.03611111111111111
2 0.4140625 0.6097222222222223 0.021875 0.022222222222222223
8 0.478515625 0.5590277777777778 0.00859375 0.015277777777777777
8 0.491015625 0.5701388888888889 0.00859375 0.015277777777777777
2 0.4703125 0.5958333333333333 0.025 0.030555555555555555
2 0.4890625 0.5958333333333333 0.0125 0.022222222222222223
2 0.496484375 0.5944444444444444 0.00859375 0.019444444444444445
2 0.507421875 0.5923611111111111 0.01328125 0.018055555555555554
8 0.534765625 0.5729166666666666 0.00859375 0.015277777777777777
8 0.560546875 0.5604166666666667 0.01015625 0.015277777777777777
9 0.582421875 0.5638888888888889 0.01796875 0.008333333333333333
9 0.586328125 0.5847222222222223 0.01015625 0.016666666666666666
2 0.436328125 0.5784722222222223 0.01953125 0.03194444444444444
9 0.541796875 0.54375 0.02734375 0.015277777777777777
9 0.461328125 0.5569444444444445 0.01953125 0.011111111111111112
