3 0.52890625 0.5930555555555556 0.1890625 0.2972222222222222
2 0.615625 0.5534722222222223 0.0734375 0.13194444444444445
2 0.433984375 0.5777777777777777 0.03203125 0.1111111111111111
8 0.497265625 0.40347222222222223 0.01015625 0.029166666666666667
8 0.525 0.35208333333333336 0.0140625 0.03194444444444444
8 0.561328125 0.425 0.01171875 0.013888888888888888
9 0.83984375 0.2722222222222222 0.03125 0.03888888888888889
9 0.721484375 0.3159722222222222 0.03828125 0.05694444444444444
9 0.737109375 0.35208333333333336 0.01796875 0.018055555555555554
9 0.747265625 0.41944444444444445 0.01796875 0.03611111111111111
9 0.062109375 0.2611111111111111 0.03515625 0.10833333333333334
9 0.4046875 0.4166666666666667 0.0171875 0.025
