2 0.30390625 0.5479166666666667 0.0359375 0.06805555555555555
2 0.530078125 0.5625 0.10234375 0.175
2 0.670703125 0.5784722222222223 0.26640625 0.30416666666666664
2 0.83984375 0.7326388888888888 0.31875 0.5291666666666667
3 0.394140625 0.5701388888888889 0.15078125 0.22361111111111112
2 0.25546875 0.5680555555555555 0.0921875 0.12222222222222222
8 0.07109375 0.5215277777777778 0.0203125 0.02361111111111111
8 0.223828125 0.42916666666666664 0.00546875 0.030555555555555555
8 0.219921875 0.42777777777777776 0.00703125 0.030555555555555555
8 0.381640625 0.4263888888888889 0.00546875 0.022222222222222223
8 0.212890625 0.42986111111111114 0.00703125 0.029166666666666667
8 0.3765625 0.42569444444444443 0.0078125 0.020833333333333332
9 0.080078125 0.42430555555555555 0.02890625 0.0375
9 0.444140625 0.48333333333333334 0.01328125 0.022222222222222223
9 0.15859375 0.4263888888888889 0.021875 0.011111111111111112
9 0.08203125 0.4638888888888889 0.01875 0.013888888888888888
9 0.18828125 0.4652777777777778 0.0125 0.011111111111111112
9 0.18984375 0.49027777777777776 0.0140625 0.008333333333333333
9 0.4265625 0.42916666666666664 0.03125 0.013888888888888888
9 0.392578125 0.42083333333333334 0.01328125 0.013888888888888888
9 0.4578125 0.4548611111111111 0.0125 0.020833333333333332
9 0.45859375 0.47430555555555554 0.0140625 0.009722222222222222
9 0.48671875 0.44583333333333336 0.01875 0.022222222222222223
8 0.45703125 0.4326388888888889 0.0078125 0.020833333333333332
9 0.701953125 0.3 0.03203125 0.1
2 0.051171875 0.5756944444444444 0.03671875 0.059722222222222225
2 0.06171875 0.7125 0.121875 0.3277777777777778
