8 0.315234375 0.44513888888888886 0.01015625 0.02361111111111111
8 0.34921875 0.49027777777777776 0.0078125 0.022222222222222223
8 0.539453125 0.49027777777777776 0.00859375 0.030555555555555555
9 0.5296875 0.4263888888888889 0.021875 0.016666666666666666
2 0.403515625 0.5041666666666667 0.01640625 0.019444444444444445
2 0.39765625 0.51875 0.0109375 0.015277777777777777
2 0.3890625 0.5222222222222223 0.009375 0.016666666666666666
2 0.38515625 0.5277777777777778 0.0140625 0.016666666666666666
2 0.375 0.5395833333333333 0.021875 0.020833333333333332
2 0.319921875 0.53125 0.05703125 0.09305555555555556
2 0.258203125 0.5347222222222222 0.10390625 0.1111111111111111
2 0.1265625 0.575 0.203125 0.16666666666666666
2 0.42578125 0.4979166666666667 0.0109375 0.02361111111111111
2 0.441796875 0.49583333333333335 0.01171875 0.022222222222222223
2 0.462109375 0.4979166666666667 0.01171875 0.02361111111111111
2 0.4703125 0.5055555555555555 0.0109375 0.027777777777777776
2 0.4828125 0.5090277777777777 0.0109375 0.018055555555555554
2 0.4890625 0.5173611111111112 0.009375 0.02638888888888889
2 0.494921875 0.525 0.01171875 0.013888888888888888
2 0.5125 0.5409722222222222 0.0296875 0.043055555555555555
2 0.55234375 0.5375 0.025 0.05277777777777778
2 0.6 0.5465277777777777 0.0640625 0.09305555555555556
2 0.68984375 0.5375 0.1234375 0.15
2 0.7890625 0.5798611111111112 0.190625 0.16527777777777777
2 0.91796875 0.6375 0.1625 0.2361111111111111
2 0.449609375 0.5381944444444444 0.05078125 0.06527777777777778
9 0.10625 0.38263888888888886 0.028125 0.05694444444444444
