9 0.35390625 0.24513888888888888 0.04375 0.06527777777777778
9 0.457421875 0.35208333333333336 0.02109375 0.034722222222222224
9 0.494140625 0.38819444444444445 0.01640625 0.02361111111111111
9 0.45859375 0.3770833333333333 0.01875 0.015277777777777777
9 0.583203125 0.38333333333333336 0.01953125 0.041666666666666664
9 0.558203125 0.04722222222222222 0.08046875 0.03611111111111111
9 0.76015625 0.19583333333333333 0.034375 0.058333333333333334
9 0.775390625 0.2763888888888889 0.02890625 0.027777777777777776
9 0.346484375 0.42291666666666666 0.01171875 0.015277777777777777
8 0.401171875 0.3645833333333333 0.00703125 0.02638888888888889
8 0.3375 0.4215277777777778 0.0078125 0.02638888888888889
8 0.526953125 0.39652777777777776 0.00859375 0.018055555555555554
8 0.494140625 0.4388888888888889 0.00546875 0.016666666666666666
8 0.741796875 0.26458333333333334 0.01484375 0.06527777777777778
8 0.494921875 0.043055555555555555 0.02890625 0.08333333333333333
8 0.7828125 0.3347222222222222 0.021875 0.03611111111111111
8 0.203515625 0.4173611111111111 0.01484375 0.043055555555555555
8 0.20078125 0.36944444444444446 0.015625 0.05277777777777778
9 0.728125 0.3625 0.021875 0.03888888888888889
2 0.219921875 0.4673611111111111 0.05234375 0.04027777777777778
2 0.180859375 0.4652777777777778 0.01640625 0.030555555555555555
3 0.59765625 0.4486111111111111 0.0828125 0.044444444444444446
2 0.523828125 0.46597222222222223 0.03828125 0.05138888888888889
2 0.46875 0.46458333333333335 0.0359375 0.04861111111111111
9 0.16171875 0.41597222222222224 0.01875 0.0375
