9 0.448828125 0.4097222222222222 0.01953125 0.019444444444444445
9 0.415625 0.4166666666666667 0.0359375 0.019444444444444445
2 0.3578125 0.4513888888888889 0.0171875 0.016666666666666666
2 0.339453125 0.4534722222222222 0.01953125 0.02638888888888889
2 0.316796875 0.45555555555555555 0.01953125 0.022222222222222223
2 0.298046875 0.45416666666666666 0.02890625 0.03333333333333333
2 0.279296875 0.45069444444444445 0.01640625 0.02638888888888889
2 0.18359375 0.46041666666666664 0.0328125 0.04027777777777778
2 0.240234375 0.46041666666666664 0.03515625 0.03194444444444444
2 0.12109375 0.48055555555555557 0.1140625 0.075
2 0.422265625 0.45625 0.00859375 0.02361111111111111
2 0.43828125 0.45694444444444443 0.0140625 0.027777777777777776
2 0.4703125 0.4534722222222222 0.0078125 0.020833333333333332
2 0.561328125 0.4534722222222222 0.02109375 0.034722222222222224
3 0.0625 0.4652777777777778 0.078125 0.07222222222222222
2 0.030859375 0.4826388888888889 0.06171875 0.07083333333333333
2 0.406640625 0.4618055555555556 0.02734375 0.05138888888888889
2 0.45625 0.45416666666666666 0.025 0.041666666666666664
2 0.489453125 0.45555555555555555 0.01953125 0.025
2 0.540234375 0.45555555555555555 0.03203125 0.03888888888888889
2 0.692578125 0.5090277777777777 0.15234375 0.1597222222222222
2 0.559765625 0.39444444444444443 0.01328125 0.011111111111111112
2 0.9640625 0.41597222222222224 0.0703125 0.04861111111111111
