9 0.199609375 0.40069444444444446 0.10546875 0.19583333333333333
9 0.89765625 0.22708333333333333 0.04375 0.07083333333333333
9 0.898046875 0.2791666666666667 0.03046875 0.03888888888888889
9 0.898046875 0.32916666666666666 0.02421875 0.04722222222222222
2 0.762109375 0.46458333333333335 0.01640625 0.05138888888888889
2 0.535546875 0.49444444444444446 0.08984375 0.1527777777777778
2 0.632421875 0.48333333333333334 0.07421875 0.10555555555555556
2 0.60078125 0.46458333333333335 0.015625 0.05138888888888889
2 0.596875 0.45555555555555555 0.0203125 0.05
2 0.59375 0.4513888888888889 0.025 0.03888888888888889
3 0.584765625 0.43333333333333335 0.03046875 0.06666666666666667
