9 0.12890625 0.30416666666666664 0.1046875 0.18055555555555555
9 0.33828125 0.3638888888888889 0.0625 0.08888888888888889
9 0.378515625 0.36875 0.02265625 0.04027777777777778
8 0.38984375 0.3638888888888889 0.00625 0.025
8 0.421484375 0.3638888888888889 0.00390625 0.025
8 0.48515625 0.3701388888888889 0.0046875 0.02638888888888889
9 0.559765625 0.20694444444444443 0.03203125 0.05277777777777778
9 0.596484375 0.21388888888888888 0.03515625 0.04722222222222222
9 0.473828125 0.3972222222222222 0.01328125 0.025
9 0.42421875 0.42569444444444443 0.0046875 0.0125
9 0.345703125 0.4270833333333333 0.00703125 0.009722222222222222
9 0.352734375 0.43333333333333335 0.00703125 0.011111111111111112
9 0.34609375 0.44027777777777777 0.00625 0.011111111111111112
2 0.070703125 0.49583333333333335 0.14140625 0.09444444444444444
9 0.25390625 0.4222222222222222 0.009375 0.025
2 0.228125 0.48680555555555555 0.0859375 0.06527777777777778
2 0.487890625 0.5152777777777777 0.09921875 0.1388888888888889
2 0.31796875 0.4708333333333333 0.0671875 0.06944444444444445
2 0.355078125 0.475 0.03515625 0.04722222222222222
2 0.391015625 0.45694444444444443 0.01796875 0.025
2 0.4 0.46319444444444446 0.01875 0.02638888888888889
2 0.41640625 0.47152777777777777 0.028125 0.043055555555555555
2 0.4296875 0.4666666666666667 0.009375 0.022222222222222223
2 0.44375 0.4722222222222222 0.01875 0.025
2 0.578515625 0.4666666666666667 0.09453125 0.06944444444444445
2 0.58984375 0.4798611111111111 0.065625 0.05694444444444444
2 0.603515625 0.4847222222222222 0.06015625 0.04722222222222222
2 0.6109375 0.4861111111111111 0.04375 0.044444444444444446
2 0.6390625 0.4888888888888889 0.0609375 0.05555555555555555
2 0.6625 0.5069444444444444 0.0828125 0.1
2 0.819140625 0.5611111111111111 0.36015625 0.6666666666666666
9 0.4265625 0.37222222222222223 0.0390625 0.044444444444444446
