8 0.30703125 0.4527777777777778 0.00625 0.016666666666666666
8 0.457421875 0.4395833333333333 0.00703125 0.018055555555555554
2 0.366796875 0.4638888888888889 0.00703125 0.016666666666666666
2 0.361328125 0.46944444444444444 0.01328125 0.022222222222222223
2 0.3546875 0.4756944444444444 0.0140625 0.020833333333333332
2 0.348046875 0.48680555555555555 0.01796875 0.020833333333333332
2 0.34296875 0.4951388888888889 0.015625 0.02638888888888889
2 0.33359375 0.50625 0.0171875 0.018055555555555554
2 0.4328125 0.46944444444444444 0.0171875 0.025
2 0.437109375 0.4840277777777778 0.01796875 0.02361111111111111
2 0.4390625 0.4930555555555556 0.0140625 0.027777777777777776
2 0.4515625 0.4875 0.0140625 0.04722222222222222
2 0.466796875 0.4909722222222222 0.02890625 0.05416666666666667
2 0.4734375 0.4965277777777778 0.0203125 0.05416666666666667
2 0.491796875 0.49930555555555556 0.04453125 0.08194444444444444
2 0.518359375 0.5131944444444444 0.04453125 0.10972222222222222
2 0.5515625 0.5229166666666667 0.0640625 0.12916666666666668
2 0.640625 0.5347222222222222 0.1640625 0.19444444444444445
2 0.258203125 0.5111111111111111 0.04453125 0.05
2 0.176171875 0.5340277777777778 0.07890625 0.07916666666666666
4 0.404296875 0.4597222222222222 0.01328125 0.027777777777777776
2 0.394140625 0.4583333333333333 0.00703125 0.013888888888888888
2 0.01328125 0.5833333333333334 0.0265625 0.10833333333333334
2 0.85625 0.5701388888888889 0.2859375 0.5291666666666667
9 0.314453125 0.4597222222222222 0.00859375 0.019444444444444445
9 0.31484375 0.4777777777777778 0.0078125 0.013888888888888888
9 0.231640625 0.44305555555555554 0.01015625 0.03611111111111111
