8 0.38359375 0.1388888888888889 0.0125 0.058333333333333334
8 0.513671875 0.2222222222222222 0.01171875 0.022222222222222223
8 0.52890625 0.3076388888888889 0.0125 0.020833333333333332
8 0.1578125 0.2972222222222222 0.0125 0.027777777777777776
8 0.516015625 0.30833333333333335 0.01171875 0.025
8 0.642578125 0.2388888888888889 0.01796875 0.03611111111111111
8 0.34609375 0.3486111111111111 0.009375 0.011111111111111112
2 0.3453125 0.3888888888888889 0.0234375 0.03611111111111111
2 0.401171875 0.3902777777777778 0.01015625 0.019444444444444445
2 0.410546875 0.3923611111111111 0.02109375 0.034722222222222224
2 0.451953125 0.4201388888888889 0.04296875 0.06527777777777778
2 0.37734375 0.3993055555555556 0.0453125 0.07083333333333333
2 0.7625 0.3875 0.1546875 0.1111111111111111
2 0.84609375 0.5770833333333333 0.3015625 0.3458333333333333
1 0.110546875 0.41944444444444445 0.02734375 0.04722222222222222
9 0.469140625 0.25 0.01953125 0.06388888888888888
9 0.506640625 0.26805555555555555 0.02421875 0.019444444444444445
9 0.706640625 0.2638888888888889 0.02734375 0.027777777777777776
9 0.705859375 0.2986111111111111 0.01796875 0.027777777777777776
2 0.423828125 0.39375 0.02265625 0.0375
