2 0.2125 0.5111111111111111 0.0359375 0.03611111111111111
1 0.228125 0.49236111111111114 0.0171875 0.02638888888888889
2 0.244140625 0.5152777777777777 0.01171875 0.027777777777777776
2 0.264453125 0.5138888888888888 0.03203125 0.03888888888888889
2 0.29375 0.5208333333333334 0.0234375 0.03611111111111111
2 0.378125 0.6034722222222222 0.203125 0.2902777777777778
2 0.483984375 0.5520833333333334 0.03828125 0.06527777777777778
3 0.49765625 0.5229166666666667 0.0265625 0.05416666666666667
2 0.465234375 0.5055555555555555 0.01328125 0.022222222222222223
9 0.434375 0.4097222222222222 0.0421875 0.04722222222222222
9 0.488671875 0.41875 0.04765625 0.05138888888888889
