2 0.430859375 0.3458333333333333 0.03515625 0.058333333333333334
8 0.315625 0.24375 0.009375 0.02638888888888889
8 0.309765625 0.24513888888888888 0.01015625 0.0375
9 0.2953125 0.24097222222222223 0.009375 0.029166666666666667
9 0.274609375 0.2520833333333333 0.03203125 0.02361111111111111
9 0.271875 0.32013888888888886 0.0125 0.029166666666666667
2 0.1484375 0.3548611111111111 0.065625 0.05138888888888889
2 0.106640625 0.3486111111111111 0.09140625 0.09444444444444444
2 0.075390625 0.3423611111111111 0.09765625 0.09027777777777778
2 0.042578125 0.35138888888888886 0.08515625 0.10833333333333334
2 0.812109375 0.39375 0.28515625 0.2569444444444444
2 0.499609375 0.35208333333333336 0.07109375 0.0875
2 0.57890625 0.35833333333333334 0.115625 0.125
2 0.341015625 0.35 0.06171875 0.08888888888888889
8 0.39765625 0.2534722222222222 0.009375 0.029166666666666667
8 0.399609375 0.3458333333333333 0.01328125 0.025
8 0.216015625 0.21041666666666667 0.01171875 0.02638888888888889
9 0.248046875 0.2972222222222222 0.01796875 0.013888888888888888
2 0.392578125 0.36527777777777776 0.01328125 0.022222222222222223
