8 0.656640625 0.1798611111111111 0.04140625 0.17083333333333334
8 0.659765625 0.3423611111111111 0.03359375 0.05694444444444444
2 0.031640625 0.5222222222222223 0.06328125 0.07777777777777778
2 0.08125 0.50625 0.0375 0.043055555555555555
2 0.095703125 0.49930555555555556 0.01796875 0.04027777777777778
2 0.15234375 0.5006944444444444 0.040625 0.04027777777777778
2 0.19375 0.49236111111111114 0.0109375 0.02361111111111111
2 0.211328125 0.4847222222222222 0.02734375 0.041666666666666664
2 0.265234375 0.4840277777777778 0.01640625 0.02361111111111111
2 0.331640625 0.47152777777777777 0.01640625 0.020833333333333332
2 0.364453125 0.46805555555555556 0.01015625 0.019444444444444445
3 0.3734375 0.45694444444444443 0.009375 0.016666666666666666
2 0.374609375 0.47291666666666665 0.00703125 0.018055555555555554
2 0.387109375 0.46041666666666664 0.00703125 0.009722222222222222
2 0.31484375 0.4791666666666667 0.0203125 0.027777777777777776
2 0.390625 0.4930555555555556 0.03125 0.044444444444444446
2 0.35078125 0.47430555555555554 0.0203125 0.03194444444444444
2 0.24296875 0.5006944444444444 0.05 0.0625
9 0.43203125 0.39166666666666666 0.0109375 0.041666666666666664
