9 0.500390625 0.5270833333333333 0.01953125 0.006944444444444444
9 0.26484375 0.5368055555555555 0.0078125 0.009722222222222222
9 0.31796875 0.5486111111111112 0.0109375 0.008333333333333333
8 0.348046875 0.5520833333333334 0.00546875 0.029166666666666667
8 0.491796875 0.5486111111111112 0.00390625 0.022222222222222223
2 0.50078125 0.5993055555555555 0.040625 0.06527777777777778
2 0.320703125 0.5902777777777778 0.03359375 0.041666666666666664
2 0.2953125 0.6277777777777778 0.053125 0.11944444444444445
2 0.088671875 0.6326388888888889 0.11953125 0.16805555555555557
2 0.552734375 0.6069444444444444 0.07578125 0.09444444444444444
2 0.39921875 0.7083333333333334 0.2046875 0.2916666666666667
2 0.20390625 0.6493055555555556 0.1875 0.2263888888888889
2 0.023046875 0.7069444444444445 0.04609375 0.1361111111111111
9 0.847265625 0.3506944444444444 0.02734375 0.05694444444444444
8 0.23359375 0.4847222222222222 0.009375 0.03611111111111111
2 0.5921875 0.5993055555555555 0.028125 0.0625
2 0.4109375 0.5576388888888889 0.0359375 0.009722222222222222
