9 0.169140625 0.2513888888888889 0.01171875 0.030555555555555555
9 0.1890625 0.29791666666666666 0.053125 0.04027777777777778
9 0.2203125 0.2972222222222222 0.0109375 0.027777777777777776
9 0.247265625 0.2986111111111111 0.04921875 0.03611111111111111
9 0.590625 0.18472222222222223 0.0140625 0.07222222222222222
9 0.690234375 0.25416666666666665 0.01328125 0.03888888888888889
9 0.52109375 0.24097222222222223 0.0078125 0.04027777777777778
9 0.491796875 0.26458333333333334 0.01171875 0.02361111111111111
9 0.470703125 0.2826388888888889 0.01171875 0.0125
9 0.513671875 0.2611111111111111 0.01796875 0.011111111111111112
9 0.513671875 0.2708333333333333 0.01953125 0.008333333333333333
4 0.490625 0.33958333333333335 0.01875 0.09027777777777778
4 0.416796875 0.30416666666666664 0.09609375 0.17777777777777778
2 0.359375 0.3263888888888889 0.0078125 0.03888888888888889
2 0.36875 0.32916666666666666 0.0265625 0.03888888888888889
2 0.32265625 0.32430555555555557 0.059375 0.05694444444444444
