9 0.423828125 0.4305555555555556 0.02578125 0.027777777777777776
2 0.072265625 0.4777777777777778 0.01796875 0.025
2 0.141796875 0.4951388888888889 0.02578125 0.0375
2 0.12578125 0.49722222222222223 0.01875 0.03333333333333333
2 0.04140625 0.4951388888888889 0.046875 0.05416666666666667
2 0.008984375 0.5097222222222222 0.01796875 0.08055555555555556
2 0.164453125 0.55 0.08984375 0.12777777777777777
2 0.63515625 0.4979166666666667 0.0375 0.04861111111111111
2 0.53046875 0.6027777777777777 0.2171875 0.30277777777777776
2 0.278125 0.5756944444444444 0.2453125 0.32916666666666666
2 0.09921875 0.48680555555555555 0.0296875 0.029166666666666667
8 0.209375 0.3951388888888889 0.0125 0.020833333333333332
9 0.490625 0.45069444444444445 0.0109375 0.0125
8 0.365234375 0.33541666666666664 0.00703125 0.0375
8 0.35546875 0.3347222222222222 0.0125 0.03888888888888889
9 0.386328125 0.45902777777777776 0.01640625 0.029166666666666667
9 0.02265625 0.35833333333333334 0.0234375 0.027777777777777776
9 0.962109375 0.38680555555555557 0.03046875 0.0763888888888889
9 0.9578125 0.33402777777777776 0.05625 0.0375
9 0.91015625 0.024305555555555556 0.1765625 0.04861111111111111
