1 0.279296875 0.16597222222222222 0.02421875 0.05138888888888889
1 0.355859375 0.15833333333333333 0.01328125 0.03611111111111111
1 0.405859375 0.16944444444444445 0.01796875 0.05277777777777778
2 0.369921875 0.14166666666666666 0.01796875 0.022222222222222223
2 0.342578125 0.13680555555555557 0.01484375 0.020833333333333332
2 0.332421875 0.14166666666666666 0.01640625 0.025
2 0.31328125 0.15347222222222223 0.03125 0.043055555555555555
2 0.305859375 0.16597222222222222 0.03203125 0.05694444444444444
2 0.298046875 0.1673611111111111 0.03515625 0.043055555555555555
2 0.250390625 0.18888888888888888 0.04765625 0.075
2 0.394921875 0.13958333333333334 0.01171875 0.020833333333333332
2 0.41171875 0.15347222222222223 0.0140625 0.0375
2 0.498046875 0.17569444444444443 0.06953125 0.09861111111111111
2 0.519140625 0.19236111111111112 0.07578125 0.09861111111111111
2 0.56171875 0.1736111111111111 0.0265625 0.04722222222222222
2 0.215234375 0.19791666666666666 0.08359375 0.09027777777777778
2 0.4359375 0.1597222222222222 0.0390625 0.06111111111111111
2 0.6328125 0.1986111111111111 0.1640625 0.22777777777777777
2 0.873828125 0.2833333333333333 0.24921875 0.5666666666666667
9 0.1890625 0.025694444444444443 0.0171875 0.0125
9 0.2015625 0.07152777777777777 0.025 0.015277777777777777
9 0.471875 0.08125 0.0125 0.015277777777777777
9 0.46796875 0.10069444444444445 0.0140625 0.009722222222222222
8 0.30078125 0.034027777777777775 0.009375 0.03194444444444444
8 0.440234375 0.0125 0.00703125 0.025
8 0.44765625 0.013194444444444444 0.00625 0.02638888888888889
8 0.188671875 0.09583333333333334 0.01953125 0.022222222222222223
8 0.474609375 0.1125 0.01171875 0.019444444444444445
8 0.5875 0.09583333333333334 0.0140625 0.019444444444444445
9 0.580078125 0.12361111111111112 0.01328125 0.016666666666666666
2 0.128515625 0.18055555555555555 0.02421875 0.06388888888888888
