2 0.579296875 0.5534722222222223 0.01328125 0.020833333333333332
2 0.54375 0.5604166666666667 0.01875 0.020833333333333332
2 0.527734375 0.5576388888888889 0.01015625 0.0125
2 0.56015625 0.5729166666666666 0.025 0.034722222222222224
2 0.524609375 0.5729166666666666 0.01484375 0.02638888888888889
2 0.478515625 0.5569444444444445 0.01328125 0.022222222222222223
2 0.462109375 0.56875 0.01953125 0.020833333333333332
2 0.44609375 0.5652777777777778 0.015625 0.027777777777777776
2 0.357421875 0.5847222222222223 0.06171875 0.05277777777777778
2 0.2078125 0.5923611111111111 0.0984375 0.08472222222222223
2 0.4984375 0.5930555555555556 0.0484375 0.08333333333333333
2 0.663671875 0.5847222222222223 0.15859375 0.225
2 0.9015625 0.6277777777777778 0.1921875 0.14722222222222223
