9 0.3484375 0.40347222222222223 0.0265625 0.04861111111111111
9 0.347265625 0.45069444444444445 0.02890625 0.043055555555555555
9 0.6671875 0.49722222222222223 0.015625 0.03611111111111111
9 0.716796875 0.45625 0.01640625 0.05138888888888889
9 0.709375 0.41041666666666665 0.0234375 0.0375
9 0.701171875 0.4583333333333333 0.01484375 0.041666666666666664
9 0.5625 0.5583333333333333 0.00625 0.025
9 0.46875 0.5625 0.0078125 0.022222222222222223
9 0.43203125 0.5326388888888889 0.0109375 0.02638888888888889
9 0.537109375 0.53125 0.01640625 0.029166666666666667
9 0.704296875 0.5826388888888889 0.01015625 0.04583333333333333
9 0.716015625 0.4895833333333333 0.01640625 0.015277777777777777
2 0.819921875 0.6048611111111111 0.01015625 0.02638888888888889
2 0.5546875 0.5958333333333333 0.0296875 0.019444444444444445
2 0.637890625 0.5986111111111111 0.01640625 0.013888888888888888
2 0.479296875 0.5923611111111111 0.02890625 0.018055555555555554
2 0.330078125 0.58125 0.04296875 0.043055555555555555
2 0.244140625 0.5826388888888889 0.02421875 0.04583333333333333
2 0.204296875 0.5861111111111111 0.06171875 0.05555555555555555
2 0.2796875 0.5868055555555556 0.0578125 0.059722222222222225
2 0.112890625 0.5784722222222223 0.08828125 0.07083333333333333
