2 0.076171875 0.5958333333333333 0.11015625 0.14444444444444443
8 0.53515625 0.5659722222222222 0.00625 0.03194444444444444
8 0.553515625 0.5659722222222222 0.00859375 0.03194444444444444
2 0.572265625 0.6069444444444444 0.02265625 0.05277777777777778
2 0.599609375 0.6055555555555555 0.02265625 0.05555555555555555
2 0.621875 0.6104166666666667 0.0125 0.04583333333333333
2 0.63828125 0.6118055555555556 0.0171875 0.04861111111111111
2 0.66484375 0.6201388888888889 0.0296875 0.04583333333333333
2 0.703125 0.6222222222222222 0.0421875 0.05277777777777778
2 0.749609375 0.63125 0.10078125 0.10694444444444444
2 0.87890625 0.6861111111111111 0.1546875 0.15555555555555556
2 0.958203125 0.7236111111111111 0.07890625 0.16944444444444445
9 0.86796875 0.4951388888888889 0.015625 0.02638888888888889
