2 0.382421875 0.4666666666666667 0.01796875 0.025
2 0.3609375 0.46944444444444444 0.021875 0.030555555555555555
2 0.35 0.4722222222222222 0.025 0.03333333333333333
2 0.33359375 0.47152777777777777 0.025 0.043055555555555555
2 0.312890625 0.4847222222222222 0.04453125 0.05277777777777778
2 0.406640625 0.4652777777777778 0.02578125 0.019444444444444445
2 0.235546875 0.4930555555555556 0.05703125 0.09166666666666666
2 0.1890625 0.5090277777777777 0.078125 0.10972222222222222
2 0.125390625 0.5284722222222222 0.10078125 0.12361111111111112
2 0.046875 0.5375 0.09375 0.18888888888888888
2 0.446875 0.45902777777777776 0.0171875 0.02638888888888889
2 0.459765625 0.46319444444444446 0.01953125 0.02638888888888889
2 0.472265625 0.46944444444444444 0.01796875 0.030555555555555555
2 0.5 0.4652777777777778 0.0515625 0.03611111111111111
2 0.505859375 0.4722222222222222 0.04296875 0.03333333333333333
2 0.530078125 0.4756944444444444 0.06796875 0.05138888888888889
2 0.539453125 0.48680555555555555 0.04765625 0.04861111111111111
2 0.577734375 0.48680555555555555 0.09609375 0.07361111111111111
2 0.611328125 0.4861111111111111 0.09609375 0.08888888888888889
2 0.63671875 0.4979166666666667 0.1078125 0.10972222222222222
2 0.6796875 0.5090277777777777 0.1359375 0.10972222222222222
2 0.71484375 0.5145833333333333 0.1359375 0.10972222222222222
2 0.76484375 0.4527777777777778 0.03125 0.022222222222222223
2 0.837109375 0.5180555555555556 0.29296875 0.19722222222222222
2 0.89140625 0.5527777777777778 0.2125 0.20277777777777778
2 0.9140625 0.59375 0.16875 0.24305555555555555
9 0.25546875 0.38125 0.0109375 0.0125
9 0.61640625 0.4131944444444444 0.00625 0.020833333333333332
