9 0.27890625 0.3215277777777778 0.0109375 0.03194444444444444
9 0.63125 0.22916666666666666 0.109375 0.07222222222222222
9 0.70234375 0.3034722222222222 0.0234375 0.0375
9 0.70078125 0.3597222222222222 0.015625 0.03333333333333333
9 0.703125 0.33055555555555555 0.0140625 0.013888888888888888
9 0.727734375 0.37777777777777777 0.03359375 0.06944444444444445
9 0.561328125 0.38472222222222224 0.02265625 0.008333333333333333
9 0.37734375 0.3347222222222222 0.0453125 0.013888888888888888
9 0.43671875 0.3902777777777778 0.015625 0.011111111111111112
9 0.421875 0.38333333333333336 0.0109375 0.013888888888888888
9 0.253125 0.4041666666666667 0.0109375 0.019444444444444445
9 0.283984375 0.375 0.01796875 0.011111111111111112
8 0.289453125 0.3680555555555556 0.01328125 0.022222222222222223
8 0.425 0.3402777777777778 0.0171875 0.03611111111111111
8 0.453125 0.3909722222222222 0.0109375 0.029166666666666667
8 0.57421875 0.34791666666666665 0.0125 0.03194444444444444
8 0.541796875 0.38680555555555557 0.01015625 0.015277777777777777
2 0.45234375 0.4409722222222222 0.0234375 0.029166666666666667
2 0.385546875 0.4444444444444444 0.02265625 0.044444444444444446
2 0.4171875 0.45416666666666666 0.04375 0.05555555555555555
2 0.5109375 0.5048611111111111 0.1390625 0.1875
2 0.5625 0.43819444444444444 0.0125 0.04027777777777778
2 0.7109375 0.4791666666666667 0.028125 0.05
3 0.64609375 0.45625 0.109375 0.15138888888888888
2 0.94453125 0.5291666666666667 0.1078125 0.18055555555555555
2 0.803515625 0.5284722222222222 0.22578125 0.21805555555555556
2 0.303125 0.5069444444444444 0.1796875 0.18888888888888888
2 0.101953125 0.5125 0.20390625 0.21944444444444444
