9 0.46171875 0.33194444444444443 0.028125 0.027777777777777776
9 0.44140625 0.3347222222222222 0.03125 0.025
9 0.78828125 0.3576388888888889 0.0140625 0.020833333333333332
2 0.30703125 0.3173611111111111 0.08125 0.0763888888888889
2 0.377734375 0.35694444444444445 0.02109375 0.016666666666666666
2 0.43046875 0.3770833333333333 0.0140625 0.018055555555555554
2 0.505078125 0.3819444444444444 0.01015625 0.030555555555555555
2 0.5296875 0.3854166666666667 0.0390625 0.05694444444444444
2 0.5828125 0.3972222222222222 0.0671875 0.10555555555555556
2 0.75078125 0.40069444444444446 0.0375 0.11527777777777778
2 0.85703125 0.39791666666666664 0.0234375 0.018055555555555554
2 0.051171875 0.2826388888888889 0.10234375 0.1125
2 0.94609375 0.4125 0.10625 0.1527777777777778
2 0.466796875 0.4013888888888889 0.07109375 0.10833333333333334
2 0.6703125 0.41180555555555554 0.15 0.1875
2 0.97265625 0.49166666666666664 0.0515625 0.15555555555555556
