3 0.865625 0.30694444444444446 0.2640625 0.6138888888888889
3 0.661328125 0.4111111111111111 0.06484375 0.17222222222222222
3 0.58671875 0.4375 0.0578125 0.1
2 0.164453125 0.5020833333333333 0.18203125 0.1875
2 0.262109375 0.4986111111111111 0.05078125 0.11388888888888889
2 0.289453125 0.49444444444444446 0.10390625 0.10555555555555556
2 0.314453125 0.4861111111111111 0.08203125 0.08055555555555556
2 0.348046875 0.46458333333333335 0.04765625 0.05138888888888889
2 0.355078125 0.44375 0.06171875 0.03194444444444444
2 0.259375 0.4354166666666667 0.0203125 0.009722222222222222
2 0.53359375 0.4625 0.075 0.1527777777777778
3 0.622265625 0.4395833333333333 0.01171875 0.059722222222222225
2 0.075390625 0.5270833333333333 0.14921875 0.22083333333333333
2 0.026171875 0.41944444444444445 0.05234375 0.022222222222222223
2 0.33515625 0.42083333333333334 0.0296875 0.011111111111111112
2 0.459375 0.5493055555555556 0.221875 0.3013888888888889
2 0.687109375 0.4576388888888889 0.08359375 0.13194444444444445
8 0.553125 0.37777777777777777 0.0078125 0.030555555555555555
8 0.6484375 0.3159722222222222 0.0078125 0.02638888888888889
9 0.68828125 0.3215277777777778 0.040625 0.0125
9 0.70546875 0.3416666666666667 0.021875 0.016666666666666666
