9 0.64453125 0.5729166666666666 0.0125 0.03194444444444444
9 0.698828125 0.5680555555555555 0.01640625 0.041666666666666664
9 0.96796875 0.5347222222222222 0.0609375 0.13055555555555556
2 0.498046875 0.5708333333333333 0.01328125 0.019444444444444445
2 0.508203125 0.5756944444444444 0.01796875 0.020833333333333332
2 0.53515625 0.5729166666666666 0.015625 0.018055555555555554
2 0.549609375 0.5756944444444444 0.01953125 0.02361111111111111
2 0.632421875 0.5881944444444445 0.01953125 0.020833333333333332
2 0.661328125 0.5909722222222222 0.02265625 0.02361111111111111
2 0.8328125 0.5819444444444445 0.1 0.17222222222222222
