9 0.56328125 0.44375 0.0140625 0.020833333333333332
9 0.562890625 0.46319444444444446 0.01484375 0.0125
9 0.56796875 0.47291666666666665 0.009375 0.018055555555555554
9 0.504296875 0.47708333333333336 0.01328125 0.009722222222222222
9 0.49765625 0.4979166666666667 0.0125 0.0125
9 0.497265625 0.5118055555555555 0.01171875 0.0125
2 0.92578125 0.6944444444444444 0.146875 0.21388888888888888
2 0.07734375 0.5597222222222222 0.1546875 0.44722222222222224
2 0.112109375 0.5090277777777777 0.15546875 0.2708333333333333
2 0.288671875 0.5381944444444444 0.03671875 0.06527777777777778
2 0.2265625 0.5402777777777777 0.090625 0.125
2 0.471875 0.5680555555555555 0.0234375 0.1
2 0.548046875 0.5680555555555555 0.07890625 0.06111111111111111
9 0.541796875 0.5027777777777778 0.01640625 0.022222222222222223
1 0.4953125 0.5555555555555556 0.015625 0.044444444444444446
1 0.62734375 0.5722222222222222 0.015625 0.058333333333333334
2 0.377734375 0.5513888888888889 0.16953125 0.3333333333333333
9 0.77109375 0.3993055555555556 0.021875 0.020833333333333332
9 0.769921875 0.4305555555555556 0.02265625 0.04722222222222222
9 0.767578125 0.4625 0.02109375 0.011111111111111112
9 0.274609375 0.4222222222222222 0.01953125 0.016666666666666666
9 0.305859375 0.45902777777777776 0.01640625 0.009722222222222222
