9 0.980859375 0.28055555555555556 0.02265625 0.058333333333333334
2 0.6515625 0.4083333333333333 0.0109375 0.016666666666666666
2 0.64375 0.41180555555555554 0.009375 0.015277777777777777
2 0.631640625 0.41041666666666665 0.01796875 0.029166666666666667
2 0.60859375 0.4125 0.03125 0.05555555555555555
2 0.589453125 0.41875 0.04140625 0.05694444444444444
2 0.708984375 0.4131944444444444 0.01796875 0.03194444444444444
2 0.723828125 0.4152777777777778 0.01953125 0.041666666666666664
2 0.741796875 0.42083333333333334 0.04140625 0.058333333333333334
2 0.75234375 0.4305555555555556 0.034375 0.05555555555555555
2 0.791015625 0.43819444444444444 0.07265625 0.08194444444444444
2 0.669921875 0.4111111111111111 0.01328125 0.016666666666666666
2 0.097265625 0.6 0.19453125 0.36944444444444446
2 0.977734375 0.5277777777777778 0.04140625 0.21944444444444444
2 0.5375 0.4340277777777778 0.078125 0.09305555555555556
