9 0.53203125 0.3819444444444444 0.0921875 0.11388888888888889
9 0.648046875 0.38333333333333336 0.09609375 0.1111111111111111
9 0.80390625 0.39166666666666666 0.1796875 0.125
9 0.945703125 0.4013888888888889 0.10546875 0.12777777777777777
9 0.43828125 0.3951388888888889 0.0859375 0.08472222222222223
9 0.638671875 0.5847222222222223 0.02734375 0.019444444444444445
2 0.244921875 0.6194444444444445 0.02578125 0.025
2 0.328515625 0.6173611111111111 0.03203125 0.009722222222222222
2 0.44296875 0.6125 0.0125 0.011111111111111112
2 0.497265625 0.6166666666666667 0.02109375 0.030555555555555555
2 0.551171875 0.6159722222222223 0.01484375 0.018055555555555554
2 0.698046875 0.6361111111111111 0.01796875 0.022222222222222223
2 0.71640625 0.6361111111111111 0.0265625 0.03611111111111111
2 0.46796875 0.6298611111111111 0.0375 0.05416666666666667
2 0.525 0.63125 0.05 0.0875
2 0.581640625 0.6263888888888889 0.03203125 0.04722222222222222
2 0.61328125 0.6284722222222222 0.025 0.03194444444444444
2 0.670703125 0.6340277777777777 0.02421875 0.02361111111111111
2 0.72890625 0.6458333333333334 0.0421875 0.04722222222222222
2 0.794921875 0.6527777777777778 0.04453125 0.044444444444444446
2 0.03125 0.85625 0.0609375 0.28194444444444444
2 0.88984375 0.7520833333333333 0.21875 0.2763888888888889
