9 0.509375 0.5263888888888889 0.0296875 0.013888888888888888
8 0.512109375 0.5805555555555556 0.00703125 0.019444444444444445
8 0.34296875 0.5888888888888889 0.0078125 0.027777777777777776
8 0.50703125 0.5833333333333334 0.00625 0.025
2 0.51796875 0.6444444444444445 0.0359375 0.05555555555555555
2 0.54296875 0.6569444444444444 0.053125 0.08888888888888889
2 0.590625 0.6652777777777777 0.090625 0.11666666666666667
2 0.676171875 0.6916666666666667 0.14609375 0.17777777777777778
2 0.408984375 0.6604166666666667 0.01796875 0.0375
2 0.44609375 0.6305555555555555 0.0640625 0.11388888888888889
2 0.334765625 0.6715277777777777 0.01171875 0.006944444444444444
2 0.331640625 0.6854166666666667 0.01171875 0.018055555555555554
2 0.319140625 0.6847222222222222 0.01328125 0.019444444444444445
2 0.2796875 0.6833333333333333 0.0125 0.03333333333333333
3 0.269921875 0.68125 0.02734375 0.0375
3 0.24609375 0.6826388888888889 0.0171875 0.04027777777777778
2 0.220703125 0.69375 0.03203125 0.029166666666666667
2 0.1921875 0.6965277777777777 0.01875 0.029166666666666667
2 0.166796875 0.7 0.04140625 0.03611111111111111
2 0.10703125 0.7020833333333333 0.0390625 0.04583333333333333
2 0.367578125 0.6791666666666667 0.01015625 0.013888888888888888
2 0.357421875 0.6791666666666667 0.01015625 0.013888888888888888
2 0.3859375 0.6618055555555555 0.028125 0.043055555555555555
2 0.45859375 0.6583333333333333 0.0859375 0.1388888888888889
2 0.84453125 0.7625 0.30625 0.3138888888888889
2 0.658984375 0.5965277777777778 0.02265625 0.020833333333333332
9 0.297265625 0.6451388888888889 0.01953125 0.02638888888888889
9 0.002734375 0.7277777777777777 0.00546875 0.05
9 0.345703125 0.6770833333333334 0.01328125 0.02361111111111111
8 0.621875 0.5277777777777778 0.0078125 0.030555555555555555
8 0.633984375 0.5270833333333333 0.00703125 0.03194444444444444
2 0.14453125 0.7125 0.0109375 0.019444444444444445
2 0.1296875 0.7159722222222222 0.0171875 0.015277777777777777
