2 0.0578125 0.4798611111111111 0.115625 0.33194444444444443
2 0.845703125 0.47291666666666665 0.30390625 0.3902777777777778
2 0.182421875 0.44513888888888886 0.15859375 0.19027777777777777
2 0.27421875 0.41805555555555557 0.090625 0.11944444444444445
2 0.32734375 0.3972222222222222 0.05625 0.10555555555555556
2 0.408984375 0.3861111111111111 0.00859375 0.027777777777777776
2 0.3671875 0.3902777777777778 0.01875 0.06666666666666667
2 0.398046875 0.39166666666666666 0.01328125 0.030555555555555555
2 0.382421875 0.3861111111111111 0.01640625 0.05
2 0.4171875 0.38263888888888886 0.009375 0.02638888888888889
2 0.65859375 0.45416666666666666 0.1171875 0.1638888888888889
2 0.579296875 0.43125 0.04609375 0.08194444444444444
2 0.51640625 0.4173611111111111 0.08125 0.14027777777777778
2 0.470703125 0.3972222222222222 0.01640625 0.03888888888888889
2 0.459765625 0.3888888888888889 0.01796875 0.027777777777777776
2 0.439453125 0.38680555555555557 0.02265625 0.034722222222222224
