8 0.49921875 0.4270833333333333 0.00625 0.02361111111111111
8 0.51875 0.42986111111111114 0.00625 0.02361111111111111
9 0.550390625 0.4388888888888889 0.01171875 0.016666666666666666
9 0.547265625 0.4548611111111111 0.01171875 0.009722222222222222
2 0.501171875 0.4576388888888889 0.01171875 0.015277777777777777
2 0.486328125 0.4576388888888889 0.01796875 0.020833333333333332
2 0.46484375 0.4548611111111111 0.025 0.020833333333333332
2 0.515234375 0.45625 0.01328125 0.0125
2 0.529296875 0.4548611111111111 0.01796875 0.020833333333333332
2 0.61484375 0.49166666666666664 0.065625 0.1
2 0.546484375 0.47152777777777777 0.02578125 0.029166666666666667
2 0.728125 0.5298611111111111 0.2015625 0.2569444444444444
2 0.0875 0.42569444444444443 0.175 0.13194444444444445
