9 0.540234375 0.5277777777777778 0.00859375 0.011111111111111112
8 0.5046875 0.5284722222222222 0.00625 0.015277777777777777
8 0.462109375 0.5631944444444444 0.00859375 0.015277777777777777
2 0.450390625 0.5583333333333333 0.01015625 0.016666666666666666
2 0.38515625 0.5486111111111112 0.025 0.03888888888888889
2 0.38125 0.5631944444444444 0.0171875 0.04027777777777778
2 0.36640625 0.5625 0.0109375 0.041666666666666664
2 0.35390625 0.5583333333333333 0.0203125 0.05277777777777778
2 0.2109375 0.5902777777777778 0.0828125 0.1
2 0.288671875 0.5895833333333333 0.13515625 0.18194444444444444
2 0.065625 0.5930555555555556 0.13125 0.17777777777777778
2 0.054296875 0.7090277777777778 0.10859375 0.31805555555555554
2 0.4171875 0.5458333333333333 0.053125 0.09166666666666666
2 0.4796875 0.5625 0.0109375 0.011111111111111112
2 0.49296875 0.5604166666666667 0.015625 0.020833333333333332
2 0.528125 0.5583333333333333 0.015625 0.030555555555555555
2 0.53671875 0.5604166666666667 0.015625 0.04861111111111111
2 0.5640625 0.5652777777777778 0.0484375 0.06666666666666667
2 0.61953125 0.5534722222222223 0.0296875 0.034722222222222224
2 0.656640625 0.6048611111111111 0.10859375 0.14027777777777778
2 0.756640625 0.64375 0.20234375 0.22916666666666666
2 0.88046875 0.75625 0.2375 0.48194444444444445
9 0.791015625 0.3784722222222222 0.02734375 0.034722222222222224
