8 0.454296875 0.14097222222222222 0.00703125 0.03194444444444444
8 0.540234375 0.1486111111111111 0.00859375 0.022222222222222223
9 0.590625 0.15486111111111112 0.03125 0.015277777777777777
9 0.6609375 0.1361111111111111 0.0125 0.008333333333333333
9 0.6421875 0.18541666666666667 0.025 0.018055555555555554
9 0.653125 0.15694444444444444 0.015625 0.011111111111111112
3 0.4515625 0.22916666666666666 0.0265625 0.05555555555555555
2 0.438671875 0.24444444444444444 0.01796875 0.025
2 0.503125 0.22152777777777777 0.009375 0.020833333333333332
2 0.492578125 0.23402777777777778 0.00859375 0.020833333333333332
2 0.480859375 0.2375 0.01484375 0.04722222222222222
2 0.5171875 0.25555555555555554 0.0296875 0.041666666666666664
2 0.406640625 0.24027777777777778 0.01796875 0.016666666666666666
2 0.38671875 0.23541666666666666 0.0109375 0.018055555555555554
2 0.375390625 0.2361111111111111 0.01953125 0.019444444444444445
2 0.36484375 0.24791666666666667 0.0203125 0.03194444444444444
2 0.3453125 0.24513888888888888 0.04375 0.05694444444444444
9 0.311328125 0.18472222222222223 0.02109375 0.019444444444444445
2 0.39765625 0.26666666666666666 0.0390625 0.05
2 0.179296875 0.25625 0.07265625 0.07916666666666666
2 0.152734375 0.2722222222222222 0.09765625 0.07222222222222222
2 0.074609375 0.24791666666666667 0.11171875 0.0625
2 0.079296875 0.28125 0.12421875 0.09861111111111111
2 0.02109375 0.30833333333333335 0.0421875 0.09444444444444444
2 0.268359375 0.28541666666666665 0.10546875 0.12638888888888888
2 0.583984375 0.2590277777777778 0.04765625 0.06527777777777778
2 0.73046875 0.24166666666666667 0.046875 0.03888888888888889
2 0.799609375 0.25277777777777777 0.02421875 0.058333333333333334
2 0.893359375 0.3423611111111111 0.20546875 0.1875
