2 0.372265625 0.4548611111111111 0.02265625 0.020833333333333332
2 0.325390625 0.4618055555555556 0.01953125 0.02361111111111111
2 0.302734375 0.46875 0.01953125 0.020833333333333332
2 0.28359375 0.4638888888888889 0.01875 0.041666666666666664
2 0.2609375 0.46944444444444444 0.0328125 0.03888888888888889
2 0.229296875 0.4736111111111111 0.02890625 0.041666666666666664
2 0.646484375 0.44375 0.03828125 0.04861111111111111
2 0.6984375 0.46597222222222223 0.059375 0.0875
2 0.777734375 0.46944444444444444 0.12890625 0.12777777777777777
2 0.17421875 0.4777777777777778 0.0796875 0.07777777777777778
2 0.1 0.4909722222222222 0.06875 0.07361111111111111
2 0.53125 0.4847222222222222 0.1453125 0.23333333333333334
2 0.61328125 0.44375 0.0171875 0.02638888888888889
2 0.03046875 0.4888888888888889 0.0609375 0.058333333333333334
2 0.89921875 0.4986111111111111 0.196875 0.15555555555555556
