3 0.555078125 0.2652777777777778 0.01796875 0.03888888888888889
2 0.32109375 0.2916666666666667 0.0625 0.06111111111111111
2 0.11953125 0.25763888888888886 0.0421875 0.059722222222222225
2 0.16875 0.26875 0.071875 0.043055555555555555
2 0.5734375 0.27361111111111114 0.0109375 0.027777777777777776
2 0.581640625 0.2875 0.01796875 0.041666666666666664
2 0.60546875 0.29444444444444445 0.04375 0.08888888888888889
2 0.61328125 0.3173611111111111 0.04375 0.07916666666666666
3 0.72109375 0.3076388888888889 0.2375 0.1986111111111111
9 0.498828125 0.24097222222222223 0.01015625 0.02638888888888889
2 0.522265625 0.26944444444444443 0.01171875 0.011111111111111112
