2 0.490625 0.47430555555555554 0.0328125 0.05138888888888889
2 0.22265625 0.5319444444444444 0.0875 0.09444444444444444
2 0.4515625 0.46805555555555556 0.015625 0.016666666666666666
2 0.3796875 0.4777777777777778 0.0359375 0.058333333333333334
2 0.403125 0.47847222222222224 0.01875 0.043055555555555555
2 0.296875 0.5076388888888889 0.0640625 0.07083333333333333
2 0.423046875 0.475 0.02109375 0.030555555555555555
2 0.437890625 0.4708333333333333 0.01171875 0.03888888888888889
2 0.523828125 0.45694444444444443 0.01171875 0.025
2 0.532421875 0.4638888888888889 0.00859375 0.030555555555555555
2 0.544140625 0.4722222222222222 0.01171875 0.03611111111111111
4 0.571875 0.46944444444444444 0.046875 0.08055555555555556
2 0.575390625 0.48819444444444443 0.02890625 0.06805555555555555
2 0.595703125 0.4847222222222222 0.04296875 0.08055555555555556
2 0.637109375 0.5048611111111111 0.08828125 0.09583333333333334
2 0.35546875 0.49722222222222223 0.0390625 0.05
9 0.092578125 0.40069444444444446 0.03203125 0.059722222222222225
9 0.96171875 0.3333333333333333 0.0203125 0.08055555555555556
9 0.72890625 0.35347222222222224 0.0203125 0.07361111111111111
