3 0.575 0.42430555555555555 0.0390625 0.06805555555555555
1 0.541015625 0.43125 0.01328125 0.03194444444444444
2 0.52734375 0.4340277777777778 0.0140625 0.02638888888888889
2 0.51484375 0.4388888888888889 0.0078125 0.019444444444444445
2 0.50078125 0.4409722222222222 0.0140625 0.03194444444444444
2 0.48984375 0.4479166666666667 0.009375 0.020833333333333332
2 0.466015625 0.45625 0.03046875 0.04583333333333333
2 0.432421875 0.4756944444444444 0.04453125 0.07361111111111111
2 0.394140625 0.47708333333333336 0.05390625 0.12638888888888888
2 0.3359375 0.4986111111111111 0.1078125 0.19166666666666668
2 0.17109375 0.5333333333333333 0.3421875 0.3388888888888889
2 0.8640625 0.5451388888888888 0.265625 0.2625
4 0.636328125 0.4444444444444444 0.09140625 0.125
