2 0.458203125 0.4048611111111111 0.01015625 0.018055555555555554
2 0.448046875 0.4076388888888889 0.01484375 0.020833333333333332
2 0.428125 0.41180555555555554 0.0296875 0.04027777777777778
2 0.390625 0.42083333333333334 0.0328125 0.058333333333333334
2 0.347265625 0.4201388888888889 0.06328125 0.09583333333333334
9 0.2859375 0.32222222222222224 0.04375 0.06666666666666667
2 0.228125 0.4444444444444444 0.2125 0.19444444444444445
2 0.50703125 0.40555555555555556 0.021875 0.03611111111111111
2 0.492578125 0.40069444444444446 0.00703125 0.02361111111111111
2 0.530078125 0.4125 0.03515625 0.04722222222222222
2 0.546484375 0.4166666666666667 0.02421875 0.06388888888888888
2 0.5859375 0.4173611111111111 0.0765625 0.10416666666666667
2 0.824609375 0.4673611111111111 0.34453125 0.3902777777777778
