2 0.094140625 0.5722222222222222 0.06328125 0.07222222222222222
2 0.29765625 0.5611111111111111 0.0859375 0.10833333333333334
2 0.053125 0.5625 0.0375 0.05
2 0.13515625 0.5673611111111111 0.01875 0.0375
2 0.4140625 0.5840277777777778 0.0921875 0.0625
3 0.458984375 0.5569444444444445 0.05859375 0.058333333333333334
1 0.49765625 0.5652777777777778 0.0140625 0.03333333333333333
2 0.248046875 0.5618055555555556 0.01953125 0.04027777777777778
9 0.176953125 0.49722222222222223 0.03046875 0.022222222222222223
9 0.126953125 0.5236111111111111 0.01171875 0.025
9 0.105859375 0.51875 0.01171875 0.020833333333333332
9 0.063671875 0.4875 0.02109375 0.016666666666666666
3 0.603515625 0.5590277777777778 0.09453125 0.07916666666666666
9 0.234765625 0.4930555555555556 0.01484375 0.022222222222222223
2 0.80703125 0.6076388888888888 0.0453125 0.02638888888888889
