2 0.3703125 0.5451388888888888 0.01875 0.02361111111111111
2 0.337109375 0.5402777777777777 0.02734375 0.03333333333333333
2 0.30078125 0.54375 0.04375 0.05138888888888889
2 0.2328125 0.56875 0.0578125 0.07916666666666666
2 0.419140625 0.5340277777777778 0.02578125 0.02638888888888889
2 0.3984375 0.5430555555555555 0.0140625 0.016666666666666666
2 0.439453125 0.5319444444444444 0.01953125 0.022222222222222223
2 0.52578125 0.5326388888888889 0.0140625 0.029166666666666667
2 0.544140625 0.5388888888888889 0.02578125 0.041666666666666664
2 0.571875 0.5388888888888889 0.0265625 0.03888888888888889
2 0.59296875 0.5409722222222222 0.0171875 0.04583333333333333
2 0.618359375 0.5444444444444444 0.03515625 0.05277777777777778
2 0.679296875 0.5770833333333333 0.05546875 0.09861111111111111
2 0.729296875 0.5861111111111111 0.06171875 0.10277777777777777
2 0.82734375 0.6159722222222223 0.134375 0.1486111111111111
2 0.1609375 0.5743055555555555 0.0984375 0.10138888888888889
2 0.0609375 0.5854166666666667 0.121875 0.1375
2 0.937109375 0.6319444444444444 0.12421875 0.25
2 0.501171875 0.5270833333333333 0.01484375 0.015277777777777777
2 0.459765625 0.5284722222222222 0.01796875 0.020833333333333332
9 0.665234375 0.4673611111111111 0.00859375 0.03194444444444444
8 0.465625 0.49583333333333335 0.009375 0.011111111111111112
2 0.263671875 0.54375 0.03359375 0.05416666666666667
2 0.367578125 0.5256944444444445 0.02421875 0.020833333333333332
