2 0.318359375 0.5625 0.07734375 0.10555555555555556
2 0.43828125 0.5291666666666667 0.0203125 0.019444444444444445
2 0.473046875 0.55625 0.02578125 0.05694444444444444
2 0.49453125 0.55625 0.0203125 0.034722222222222224
2 0.5046875 0.5631944444444444 0.0203125 0.034722222222222224
2 0.449609375 0.5611111111111111 0.03359375 0.05555555555555555
2 0.39609375 0.6013888888888889 0.1046875 0.1527777777777778
2 0.776171875 0.6236111111111111 0.01953125 0.03611111111111111
2 0.93671875 0.6319444444444444 0.1234375 0.1388888888888889
3 0.66484375 0.4861111111111111 0.31875 0.5361111111111111
8 0.3265625 0.4930555555555556 0.00625 0.013888888888888888
8 0.36796875 0.4861111111111111 0.0078125 0.019444444444444445
8 0.423046875 0.4826388888888889 0.00703125 0.015277777777777777
8 0.48515625 0.4777777777777778 0.0078125 0.013888888888888888
9 0.015234375 0.2625 0.03046875 0.03611111111111111
8 0.54296875 0.18125 0.015625 0.07083333333333333
9 0.894921875 0.4548611111111111 0.01953125 0.02638888888888889
