8 0.31953125 0.13541666666666666 0.021875 0.07916666666666666
8 0.577734375 0.044444444444444446 0.01953125 0.08888888888888889
8 0.553515625 0.043055555555555555 0.02578125 0.08611111111111111
8 0.089453125 0.04652777777777778 0.02578125 0.09305555555555556
8 0.896875 0.24930555555555556 0.021875 0.05416666666666667
8 0.849609375 0.2916666666666667 0.00703125 0.03611111111111111
8 0.858203125 0.2951388888888889 0.01015625 0.0375
8 0.946875 0.31319444444444444 0.009375 0.0375
8 0.4203125 0.3194444444444444 0.015625 0.025
8 0.50390625 0.3013888888888889 0.009375 0.030555555555555555
8 0.460546875 0.30486111111111114 0.00859375 0.02361111111111111
9 0.43203125 0.24791666666666667 0.0265625 0.02361111111111111
9 0.882421875 0.20694444444444443 0.01484375 0.030555555555555555
9 0.902734375 0.11597222222222223 0.05546875 0.034722222222222224
9 0.85625 0.15138888888888888 0.04375 0.044444444444444446
9 0.905859375 0.04236111111111111 0.04609375 0.08472222222222223
2 0.4921875 0.38263888888888886 0.0171875 0.02638888888888889
2 0.473046875 0.3840277777777778 0.02109375 0.029166666666666667
2 0.801953125 0.41944444444444445 0.03046875 0.03333333333333333
4 0.418359375 0.36944444444444446 0.07578125 0.058333333333333334
3 0.139453125 0.3736111111111111 0.11328125 0.06666666666666667
3 0.869140625 0.4215277777777778 0.11171875 0.10694444444444444
8 0.8421875 0.3423611111111111 0.0109375 0.02361111111111111
3 0.648046875 0.39444444444444443 0.25703125 0.4388888888888889
2 0.33125 0.4673611111111111 0.228125 0.24583333333333332
2 0.028125 0.4131944444444444 0.05625 0.08194444444444444
2 0.028125 0.6395833333333333 0.05625 0.31527777777777777
