2 0.219921875 0.5069444444444444 0.07421875 0.08055555555555556
2 0.190234375 0.49375 0.02109375 0.029166666666666667
2 0.268359375 0.49930555555555556 0.02265625 0.02638888888888889
2 0.43984375 0.4930555555555556 0.0203125 0.044444444444444446
2 0.46875 0.49930555555555556 0.01875 0.03194444444444444
2 0.51953125 0.5048611111111111 0.0171875 0.04583333333333333
2 0.5375 0.5118055555555555 0.0328125 0.059722222222222225
2 0.568359375 0.5180555555555556 0.05078125 0.07777777777777778
2 0.59375 0.5284722222222222 0.046875 0.10138888888888889
2 0.63984375 0.5340277777777778 0.090625 0.1125
2 0.7234375 0.5486111111111112 0.1375 0.15833333333333333
2 0.8765625 0.5881944444444445 0.2421875 0.2625
2 0.492578125 0.5069444444444444 0.04140625 0.058333333333333334
2 0.3953125 0.5506944444444445 0.11875 0.17916666666666667
2 0.455859375 0.5013888888888889 0.01484375 0.025
