9 0.542578125 0.42777777777777776 0.01328125 0.030555555555555555
9 0.516015625 0.4625 0.01796875 0.025
9 0.952734375 0.4076388888888889 0.01953125 0.02638888888888889
9 0.95390625 0.44305555555555554 0.021875 0.030555555555555555
2 0.178515625 0.5083333333333333 0.03203125 0.04722222222222222
2 0.14375 0.5111111111111111 0.0375 0.05
2 0.112109375 0.5145833333333333 0.02109375 0.04027777777777778
2 0.0890625 0.5229166666666667 0.04375 0.04583333333333333
2 0.410546875 0.55 0.16171875 0.2361111111111111
9 0.509765625 0.44305555555555554 0.00859375 0.016666666666666666
