9 0.512890625 0.24583333333333332 0.03203125 0.027777777777777776
9 0.1734375 0.22361111111111112 0.0265625 0.008333333333333333
2 0.137890625 0.29930555555555555 0.08359375 0.05138888888888889
2 0.459765625 0.3215277777777778 0.03046875 0.043055555555555555
2 0.50390625 0.31180555555555556 0.025 0.02361111111111111
2 0.43671875 0.30972222222222223 0.0140625 0.019444444444444445
2 0.3296875 0.3159722222222222 0.01875 0.02361111111111111
9 0.348046875 0.26875 0.01796875 0.03194444444444444
9 0.40859375 0.2847222222222222 0.0203125 0.019444444444444445
9 0.53125 0.2701388888888889 0.0140625 0.0125
9 0.277734375 0.26180555555555557 0.01171875 0.015277777777777777
2 0.273828125 0.3159722222222222 0.02578125 0.02361111111111111
2 0.351953125 0.30277777777777776 0.02578125 0.03888888888888889
2 0.399609375 0.3173611111111111 0.02578125 0.03194444444444444
2 0.376171875 0.30486111111111114 0.03046875 0.043055555555555555
9 0.44921875 0.27847222222222223 0.0109375 0.0125
2 0.41796875 0.31180555555555556 0.0109375 0.020833333333333332
9 0.533984375 0.23819444444444443 0.01171875 0.006944444444444444
9 0.23359375 0.22291666666666668 0.009375 0.018055555555555554
8 0.229296875 0.19375 0.00859375 0.0125
9 0.201171875 0.19722222222222222 0.01796875 0.008333333333333333
