9 0.4921875 0.5048611111111111 0.0453125 0.029166666666666667
9 0.531640625 0.5194444444444445 0.01171875 0.016666666666666666
9 0.38046875 0.5118055555555555 0.009375 0.015277777777777777
2 0.444921875 0.5388888888888889 0.01171875 0.022222222222222223
2 0.434375 0.5361111111111111 0.009375 0.016666666666666666
2 0.42265625 0.5305555555555556 0.01875 0.013888888888888888
2 0.4046875 0.5326388888888889 0.0125 0.009722222222222222
2 0.38515625 0.5298611111111111 0.009375 0.0125
2 0.3765625 0.5319444444444444 0.0109375 0.008333333333333333
2 0.354296875 0.5229166666666667 0.01796875 0.0125
2 0.323828125 0.5229166666666667 0.02421875 0.0125
2 0.339453125 0.5256944444444445 0.01171875 0.0125
2 0.258984375 0.5083333333333333 0.06484375 0.025
2 0.180078125 0.5013888888888889 0.03828125 0.019444444444444445
2 0.114453125 0.4965277777777778 0.03828125 0.0125
2 0.019140625 0.48819444444444443 0.03515625 0.0125
2 0.505078125 0.5527777777777778 0.01171875 0.025
2 0.66796875 0.5861111111111111 0.06875 0.08333333333333333
2 0.580078125 0.5590277777777778 0.02734375 0.05416666666666667
2 0.51875 0.5576388888888889 0.028125 0.043055555555555555
2 0.608203125 0.5694444444444444 0.02734375 0.03333333333333333
2 0.555078125 0.5715277777777777 0.05390625 0.07083333333333333
2 0.471875 0.5763888888888888 0.0703125 0.10277777777777777
2 0.823828125 0.5659722222222222 0.11796875 0.05694444444444444
2 0.808984375 0.6819444444444445 0.25546875 0.25
4 0.2359375 0.49722222222222223 0.0328125 0.030555555555555555
