8 0.119140625 0.3423611111111111 0.01171875 0.02638888888888889
8 0.2875 0.16805555555555557 0.0109375 0.05555555555555555
8 0.4921875 0.12013888888888889 0.0125 0.0763888888888889
8 0.76953125 0.11944444444444445 0.0109375 0.03333333333333333
8 0.584765625 0.3715277777777778 0.01015625 0.020833333333333332
8 0.2703125 0.1597222222222222 0.015625 0.06944444444444445
8 0.4765625 0.12361111111111112 0.015625 0.06944444444444445
8 0.296484375 0.16805555555555557 0.01015625 0.05277777777777778
8 0.505859375 0.11944444444444445 0.01015625 0.07777777777777778
9 0.124609375 0.25277777777777777 0.03203125 0.03333333333333333
9 0.7671875 0.17222222222222222 0.0453125 0.058333333333333334
2 0.51640625 0.4465277777777778 0.078125 0.11527777777777778
2 0.298828125 0.46041666666666664 0.04140625 0.05138888888888889
2 0.417578125 0.5541666666666667 0.26484375 0.3333333333333333
2 0.855078125 0.5194444444444445 0.28671875 0.55
9 0.598046875 0.3416666666666667 0.01015625 0.016666666666666666
