2 0.308984375 0.5986111111111111 0.07734375 0.06944444444444445
2 0.544140625 0.5201388888888889 0.03984375 0.04583333333333333
2 0.65 0.5416666666666666 0.0359375 0.044444444444444446
2 0.01328125 0.5125 0.0265625 0.09722222222222222
2 0.05859375 0.5256944444444445 0.0734375 0.08194444444444444
2 0.0984375 0.5340277777777778 0.0453125 0.043055555555555555
2 0.13515625 0.54375 0.0328125 0.04583333333333333
2 0.153515625 0.5416666666666666 0.02734375 0.03888888888888889
9 0.187109375 0.5152777777777777 0.01171875 0.013888888888888888
2 0.226171875 0.5472222222222223 0.08671875 0.044444444444444446
2 0.271484375 0.5444444444444444 0.04453125 0.05
2 0.2953125 0.55 0.0203125 0.03333333333333333
2 0.308984375 0.5395833333333333 0.04140625 0.034722222222222224
2 0.348046875 0.5548611111111111 0.03359375 0.015277777777777777
