9 0.3078125 0.21805555555555556 0.0328125 0.013888888888888888
9 0.274609375 0.23055555555555557 0.02890625 0.025
9 0.6078125 0.3548611111111111 0.0171875 0.059722222222222225
9 0.606640625 0.2534722222222222 0.01484375 0.02638888888888889
8 0.61015625 0.31180555555555556 0.0125 0.020833333333333332
8 0.336328125 0.22152777777777777 0.00859375 0.043055555555555555
8 0.449609375 0.15 0.01171875 0.041666666666666664
8 0.46796875 0.15555555555555556 0.0125 0.041666666666666664
8 0.62421875 0.2965277777777778 0.0109375 0.04027777777777778
8 0.59375 0.3416666666666667 0.009375 0.03611111111111111
2 0.652734375 0.5166666666666667 0.19453125 0.21944444444444444
2 0.4796875 0.4048611111111111 0.0359375 0.04583333333333333
2 0.430859375 0.39305555555555555 0.03046875 0.03611111111111111
2 0.363671875 0.3770833333333333 0.01640625 0.02361111111111111
2 0.387109375 0.38680555555555557 0.01484375 0.018055555555555554
2 0.458203125 0.38958333333333334 0.01484375 0.015277777777777777
9 0.4140625 0.3277777777777778 0.0140625 0.025
9 0.430859375 0.33194444444444443 0.01640625 0.016666666666666666
4 0.418359375 0.37916666666666665 0.02421875 0.05555555555555555
2 0.3921875 0.37569444444444444 0.0203125 0.029166666666666667
3 0.790625 0.36041666666666666 0.096875 0.05416666666666667
3 0.879296875 0.3625 0.07734375 0.05277777777777778
9 0.548828125 0.35555555555555557 0.01328125 0.016666666666666666
