2 0.47421875 0.5395833333333333 0.015625 0.015277777777777777
2 0.4109375 0.5534722222222223 0.028125 0.0375
2 0.35234375 0.5618055555555556 0.025 0.04861111111111111
2 0.2546875 0.5791666666666667 0.0625 0.07222222222222222
2 0.209375 0.5847222222222223 0.03125 0.09166666666666666
2 0.10703125 0.6229166666666667 0.2125 0.2013888888888889
2 0.30859375 0.5819444444444445 0.078125 0.10277777777777777
2 0.378125 0.5638888888888889 0.05 0.06666666666666667
2 0.46171875 0.5430555555555555 0.0140625 0.016666666666666666
2 0.506640625 0.5388888888888889 0.01328125 0.016666666666666666
2 0.490234375 0.54375 0.01953125 0.020833333333333332
2 0.571875 0.5486111111111112 0.034375 0.044444444444444446
4 0.64609375 0.5215277777777778 0.1078125 0.1736111111111111
3 0.751171875 0.5888888888888889 0.14609375 0.15555555555555556
9 0.76328125 0.34305555555555556 0.028125 0.1111111111111111
9 0.7734375 0.43194444444444446 0.0203125 0.06388888888888888
9 0.978515625 0.18611111111111112 0.03828125 0.07222222222222222
9 0.99375 0.24791666666666667 0.0109375 0.04583333333333333
9 0.96484375 0.24166666666666667 0.028125 0.022222222222222223
9 0.989453125 0.5048611111111111 0.01640625 0.0763888888888889
2 0.538671875 0.5402777777777777 0.01796875 0.016666666666666666
