2 0.20390625 0.5145833333333333 0.1671875 0.14305555555555555
2 0.51875 0.48680555555555555 0.0109375 0.018055555555555554
2 0.70625 0.5347222222222222 0.0953125 0.08888888888888889
9 0.840234375 0.28402777777777777 0.03984375 0.12638888888888888
8 0.6296875 0.05416666666666667 0.021875 0.08888888888888889
8 0.65546875 0.05347222222222222 0.0265625 0.09027777777777778
8 0.830859375 0.3784722222222222 0.01796875 0.03194444444444444
8 0.870703125 0.3763888888888889 0.02265625 0.03611111111111111
9 0.615625 0.44305555555555554 0.0109375 0.030555555555555555
8 0.53125 0.4222222222222222 0.0078125 0.013888888888888888
8 0.424609375 0.41875 0.00703125 0.0125
8 0.467578125 0.4465277777777778 0.00703125 0.0125
8 0.521484375 0.44930555555555557 0.00703125 0.009722222222222222
2 0.30078125 0.5006944444444444 0.05625 0.04861111111111111
2 0.33828125 0.49444444444444446 0.034375 0.03888888888888889
2 0.365625 0.49166666666666664 0.028125 0.03333333333333333
2 0.3890625 0.4888888888888889 0.025 0.03611111111111111
2 0.4453125 0.4840277777777778 0.0171875 0.02638888888888889
2 0.43203125 0.4840277777777778 0.0171875 0.02638888888888889
2 0.4171875 0.48541666666666666 0.021875 0.02638888888888889
2 0.46015625 0.4736111111111111 0.015625 0.019444444444444445
2 0.52890625 0.4888888888888889 0.0078125 0.016666666666666666
2 0.53828125 0.4895833333333333 0.0109375 0.020833333333333332
2 0.553125 0.49027777777777776 0.015625 0.027777777777777776
2 0.5609375 0.49583333333333335 0.0203125 0.027777777777777776
2 0.5765625 0.49722222222222223 0.0296875 0.03333333333333333
2 0.6046875 0.5 0.0328125 0.058333333333333334
2 0.61875 0.5125 0.0265625 0.05
2 0.642578125 0.5180555555555556 0.02578125 0.06666666666666667
2 0.665625 0.5201388888888889 0.0375 0.07083333333333333
2 0.509375 0.4597222222222222 0.009375 0.013888888888888888
2 0.517578125 0.46111111111111114 0.01015625 0.011111111111111112
2 0.4765625 0.4597222222222222 0.0109375 0.016666666666666666
2 0.48671875 0.4534722222222222 0.00625 0.0125
2 0.49453125 0.44722222222222224 0.0078125 0.011111111111111112
