8 0.17109375 0.11875 0.0140625 0.0763888888888889
8 0.616796875 0.39791666666666664 0.00859375 0.020833333333333332
8 0.551171875 0.4013888888888889 0.01015625 0.016666666666666666
8 0.60390625 0.24930555555555556 0.0125 0.0625
8 0.805859375 0.2986111111111111 0.01015625 0.04722222222222222
8 0.965234375 0.43333333333333335 0.00703125 0.019444444444444445
8 0.616796875 0.25625 0.01171875 0.05138888888888889
9 0.97578125 0.3638888888888889 0.025 0.016666666666666666
9 0.982421875 0.3798611111111111 0.01796875 0.0125
9 0.653125 0.4222222222222222 0.0125 0.025
1 0.491796875 0.5930555555555556 0.07109375 0.2777777777777778
2 0.538671875 0.4777777777777778 0.01328125 0.025
2 0.54453125 0.48125 0.01875 0.04027777777777778
2 0.55546875 0.49236111111111114 0.028125 0.05694444444444444
2 0.59921875 0.4847222222222222 0.0125 0.027777777777777776
2 0.65234375 0.49166666666666664 0.028125 0.041666666666666664
2 0.56953125 0.5138888888888888 0.053125 0.07222222222222222
2 0.62421875 0.4965277777777778 0.0359375 0.0625
8 0.985546875 0.43472222222222223 0.01796875 0.022222222222222223
