3 0.3703125 0.44583333333333336 0.115625 0.14444444444444443
2 0.121484375 0.4708333333333333 0.05703125 0.05
2 0.23828125 0.49444444444444446 0.184375 0.2611111111111111
2 0.408203125 0.5340277777777778 0.02890625 0.16527777777777777
3 0.595703125 0.38819444444444445 0.35859375 0.7569444444444444
2 0.08828125 0.5680555555555555 0.1765625 0.4388888888888889
4 0.86796875 0.3972222222222222 0.2625 0.7916666666666666
8 0.198046875 0.33819444444444446 0.01640625 0.04583333333333333
8 0.28984375 0.31875 0.0078125 0.043055555555555555
8 0.37890625 0.3 0.009375 0.05
8 0.36953125 0.28888888888888886 0.00625 0.03888888888888889
9 0.070703125 0.37916666666666665 0.01171875 0.022222222222222223
