2 0.1578125 0.7354166666666667 0.3109375 0.5236111111111111
2 0.20859375 0.6979166666666666 0.34375 0.37083333333333335
2 0.2890625 0.6645833333333333 0.41875 0.3402777777777778
2 0.46953125 0.6527777777777778 0.1734375 0.16944444444444445
2 0.3859375 0.5972222222222222 0.05 0.058333333333333334
2 0.6 0.6444444444444445 0.1203125 0.13055555555555556
2 0.967578125 0.7291666666666666 0.05859375 0.11944444444444445
2 0.94296875 0.6694444444444444 0.10625 0.13055555555555556
2 0.930859375 0.6597222222222222 0.13046875 0.1388888888888889
2 0.88671875 0.6604166666666667 0.1171875 0.09861111111111111
2 0.8578125 0.65 0.0984375 0.10833333333333334
2 0.819921875 0.64375 0.09296875 0.09305555555555556
2 0.777734375 0.6333333333333333 0.06640625 0.06944444444444445
2 0.739453125 0.6229166666666667 0.04453125 0.04861111111111111
2 0.714453125 0.6194444444444445 0.03984375 0.041666666666666664
9 0.46640625 0.4513888888888889 0.0328125 0.05555555555555555
9 0.40625 0.3875 0.0703125 0.10277777777777777
9 0.4296875 0.30277777777777776 0.0359375 0.044444444444444446
2 0.676953125 0.61875 0.01953125 0.03194444444444444
