9 0.0265625 0.2125 0.01875 0.016666666666666666
9 0.037890625 0.26458333333333334 0.01171875 0.02361111111111111
9 0.038671875 0.29305555555555557 0.01171875 0.030555555555555555
9 0.357421875 0.3798611111111111 0.01796875 0.018055555555555554
9 0.39921875 0.3736111111111111 0.009375 0.016666666666666666
9 0.798828125 0.3013888888888889 0.01171875 0.03611111111111111
9 0.805078125 0.3625 0.01171875 0.011111111111111112
8 0.49453125 0.2965277777777778 0.0046875 0.02361111111111111
8 0.6921875 0.28680555555555554 0.009375 0.03194444444444444
8 0.298046875 0.20277777777777778 0.01328125 0.022222222222222223
8 0.360546875 0.29444444444444445 0.00703125 0.027777777777777776
8 0.68203125 0.2861111111111111 0.0078125 0.030555555555555555
8 0.788671875 0.38958333333333334 0.01328125 0.015277777777777777
3 0.21171875 0.35555555555555557 0.2671875 0.4
2 0.725 0.5111111111111111 0.3078125 0.40555555555555556
9 0.60234375 0.36666666666666664 0.0078125 0.025
2 0.4515625 0.44513888888888886 0.0671875 0.10416666666666667
2 0.540625 0.42083333333333334 0.0484375 0.07777777777777778
3 0.501953125 0.41041666666666665 0.03203125 0.06527777777777778
2 0.401171875 0.42083333333333334 0.03515625 0.04722222222222222
4 0.00703125 0.3729166666666667 0.0140625 0.11527777777777778
3 0.4609375 0.38472222222222224 0.028125 0.025
3 0.48359375 0.39444444444444443 0.0171875 0.019444444444444445
2 0.596484375 0.4236111111111111 0.02734375 0.027777777777777776
3 0.57734375 0.4013888888888889 0.03125 0.04722222222222222
3 0.975390625 0.4701388888888889 0.04609375 0.19583333333333333
3 0.897265625 0.45694444444444443 0.11484375 0.07222222222222222
